,index,id,context,response_original,source,answer,value,scenario_text,merged_text,umap_dim_0,umap_dim_1,umap_dim_2,umap_dim_3,umap_dim_4,umap_dim_5,umap_dim_6,umap_dim_7,umap_dim_8,umap_dim_9,umap_embedding_list,umap_dim2_0,umap_dim2_1,cluster,centroid,distance_from_centroid,cluster_name
0,1400,1,15,Do some math and ration food,decision,,,Ahmed is the captain of a 50-passenger cruise ship. Four days into their trip they get caught in a storm and the engine breaks under the pressure. They are now stranded at sea. A rescue boat is on its way but might not arrive for a week. Their food supplies are quickly dwindling and Ahmed isn’t sure what to instruct the passengers and crew.,is the captain of a 50-passenger cruise ship . Four days into trip get caught in a storm and the engine breaks under the pressure . are now stranded at sea . A rescue boat is on way but might not arrive for a week . food supplies are quickly dwindling and isn ’ t sure what to instruct the passengers and crew . : Do some math and ration food,-2.4000573,21.587404,3.260053,8.269006,12.667318,0.3232913,2.6787324,-3.0431464,8.213074,3.8806705,"[-2.400057315826416, 21.587404251098633, 3.2600529193878174, 8.26900577545166, 12.667318344116211, 0.3232913017272949, 2.678732395172119, -3.0431463718414307, 8.21307373046875, 3.8806705474853516]",8.81578,25.68873,0,"[-2.4105294  21.398413    3.1327066   8.402012   12.56321     0.27548963
  2.769905   -2.7803721   8.022018    3.876833  ]",,Do some math and ration food
1,1401,2,15,I pray for a miracle to happen for all of us on the ship.,decision,,,Ahmed is the captain of a 50-passenger cruise ship. Four days into their trip they get caught in a storm and the engine breaks under the pressure. They are now stranded at sea. A rescue boat is on its way but might not arrive for a week. Their food supplies are quickly dwindling and Ahmed isn’t sure what to instruct the passengers and crew.,is the captain of a 50-passenger cruise ship . Four days into trip get caught in a storm and the engine breaks under the pressure . are now stranded at sea . A rescue boat is on way but might not arrive for a week . food supplies are quickly dwindling and isn ’ t sure what to instruct the passengers and crew . : pray for a miracle to happen for all of on the ship .,-3.8738422,20.768625,3.7698882,7.3294873,13.126292,1.9000821,1.140098,-2.1183615,8.649678,-0.47375533,"[-3.873842239379883, 20.768625259399414, 3.769888162612915, 7.329487323760986, 13.12629222869873, 1.9000821113586426, 1.140097975730896, -2.118361473083496, 8.649678230285645, -0.4737553298473358]",10.193828,17.96735,1,"[-3.9400773 20.582375   3.681353   7.343179  12.986776   1.7244117
  1.1226583 -2.1522439  8.818167  -0.388404 ]",,I pray for a miracle to happen for all of us on the ship.
2,1402,3,15,Let the crew know to start rationing food and water.,decision,,,Ahmed is the captain of a 50-passenger cruise ship. Four days into their trip they get caught in a storm and the engine breaks under the pressure. They are now stranded at sea. A rescue boat is on its way but might not arrive for a week. Their food supplies are quickly dwindling and Ahmed isn’t sure what to instruct the passengers and crew.,is the captain of a 50-passenger cruise ship . Four days into trip get caught in a storm and the engine breaks under the pressure . are now stranded at sea . A rescue boat is on way but might not arrive for a week . food supplies are quickly dwindling and isn ’ t sure what to instruct the passengers and crew . : Let the crew know to start rationing food and water .,-2.5764904,21.27665,3.5239441,8.327438,12.848073,1.0216074,2.37566,-2.6397514,8.054331,2.8396554,"[-2.5764904022216797, 21.276649475097656, 3.523944139480591, 8.327438354492188, 12.84807300567627, 1.0216073989868164, 2.375659942626953, -2.639751434326172, 8.054330825805664, 2.8396553993225098]",8.33384,23.92918,0,"[-2.6063912 21.337578   3.5135782  8.218158  12.792952   0.7752005
  2.3582692 -2.6884098  8.116338   3.16219  ]",,Do some math and ration food
3,1403,4,15,"eat less, ration, triage",decision,,,Ahmed is the captain of a 50-passenger cruise ship. Four days into their trip they get caught in a storm and the engine breaks under the pressure. They are now stranded at sea. A rescue boat is on its way but might not arrive for a week. Their food supplies are quickly dwindling and Ahmed isn’t sure what to instruct the passengers and crew.,"is the captain of a 50-passenger cruise ship . Four days into trip get caught in a storm and the engine breaks under the pressure . are now stranded at sea . A rescue boat is on way but might not arrive for a week . food supplies are quickly dwindling and isn ’ t sure what to instruct the passengers and crew . : eat less , ration , triage",-2.463565,21.614388,3.791091,8.142468,12.890513,0.63119215,2.1879437,-2.832055,8.205676,3.6316125,"[-2.4635651111602783, 21.61438751220703, 3.791090965270996, 8.142468452453613, 12.89051342010498, 0.631192147731781, 2.187943696975708, -2.83205509185791, 8.205676078796387, 3.631612539291382]",9.181462,24.935911,0,"[-2.7441764 21.471848   3.8376455  8.027677  12.746755   0.5944112
  1.9096599 -3.0311432  8.425255   3.7557979]",,Do some math and ration food
4,1404,5,15,Ration food and try to assign people tasks to keep them distracted and hopeful.,decision,,,Ahmed is the captain of a 50-passenger cruise ship. Four days into their trip they get caught in a storm and the engine breaks under the pressure. They are now stranded at sea. A rescue boat is on its way but might not arrive for a week. Their food supplies are quickly dwindling and Ahmed isn’t sure what to instruct the passengers and crew.,is the captain of a 50-passenger cruise ship . Four days into trip get caught in a storm and the engine breaks under the pressure . are now stranded at sea . A rescue boat is on way but might not arrive for a week . food supplies are quickly dwindling and isn ’ t sure what to instruct the passengers and crew . : Ration food and try to assign people tasks to keep distracted and hopeful .,-2.9164577,21.167763,3.551575,7.935661,12.930009,1.0410712,2.102523,-2.8099113,8.407716,2.384609,"[-2.9164576530456543, 21.167762756347656, 3.551574945449829, 7.9356608390808105, 12.930008888244629, 1.0410711765289307, 2.1025230884552, -2.8099112510681152, 8.407715797424316, 2.3846089839935303]",9.117182,23.023523,0,"[-2.7720344 21.198093   3.524655   8.050342  12.951804   1.1348985
  2.1959908 -2.8224287  8.259791   2.3755927]",,Do some math and ration food
5,1405,6,15,I would conserve food but make sure there was ample water.,decision,,,Ahmed is the captain of a 50-passenger cruise ship. Four days into their trip they get caught in a storm and the engine breaks under the pressure. They are now stranded at sea. A rescue boat is on its way but might not arrive for a week. Their food supplies are quickly dwindling and Ahmed isn’t sure what to instruct the passengers and crew.,is the captain of a 50-passenger cruise ship . Four days into trip get caught in a storm and the engine breaks under the pressure . are now stranded at sea . A rescue boat is on way but might not arrive for a week . food supplies are quickly dwindling and isn ’ t sure what to instruct the passengers and crew . : conserve food but make sure there was ample water .,-2.561495,21.388206,3.6724732,8.149786,13.035871,0.9553472,2.2009728,-3.215293,8.182681,3.237959,"[-2.561495065689087, 21.388206481933594, 3.672473192214966, 8.149785995483398, 13.035870552062988, 0.9553471803665161, 2.20097279548645, -3.2152929306030273, 8.1826810836792, 3.2379589080810547]",8.963683,23.960125,0,"[-2.539899   21.376513    3.7032785   8.16124    13.059622    0.74750316
  2.236266   -3.401897    8.24102     3.61381   ]",,Do some math and ration food
6,1406,7,15,Set off flares.,decision,,,Ahmed is the captain of a 50-passenger cruise ship. Four days into their trip they get caught in a storm and the engine breaks under the pressure. They are now stranded at sea. A rescue boat is on its way but might not arrive for a week. Their food supplies are quickly dwindling and Ahmed isn’t sure what to instruct the passengers and crew.,is the captain of a 50-passenger cruise ship . Four days into trip get caught in a storm and the engine breaks under the pressure . are now stranded at sea . A rescue boat is on way but might not arrive for a week . food supplies are quickly dwindling and isn ’ t sure what to instruct the passengers and crew . : Set off flares .,-3.697711,20.631813,3.6209488,7.374986,13.319215,1.8123147,1.248319,-2.5440378,9.039927,-0.44436675,"[-3.6977109909057617, 20.631813049316406, 3.6209487915039062, 7.374986171722412, 13.319214820861816, 1.812314748764038, 1.2483190298080444, -2.5440378189086914, 9.039926528930664, -0.4443667531013489]",9.935688,17.94525,1,"[-3.9400773 20.582375   3.681353   7.343179  12.986776   1.7244117
  1.1226583 -2.1522439  8.818167  -0.388404 ]",,I pray for a miracle to happen for all of us on the ship.
7,1407,8,15,"I would count the food supply, secure it, and come up with a ration plan before telling everyone.",decision,,,Ahmed is the captain of a 50-passenger cruise ship. Four days into their trip they get caught in a storm and the engine breaks under the pressure. They are now stranded at sea. A rescue boat is on its way but might not arrive for a week. Their food supplies are quickly dwindling and Ahmed isn’t sure what to instruct the passengers and crew.,"is the captain of a 50-passenger cruise ship . Four days into trip get caught in a storm and the engine breaks under the pressure . are now stranded at sea . A rescue boat is on way but might not arrive for a week . food supplies are quickly dwindling and isn ’ t sure what to instruct the passengers and crew . : count the food supply , secure , and come up with a ration plan before telling everyone .",-2.393351,21.519,3.1920397,8.303635,12.657191,0.36063612,2.7303793,-3.029894,8.171887,3.7785394,"[-2.3933510780334473, 21.518999099731445, 3.192039728164673, 8.303634643554688, 12.657191276550293, 0.3606361150741577, 2.730379343032837, -3.0298941135406494, 8.171887397766113, 3.7785394191741943]",8.665765,25.68723,0,"[-2.4105294  21.398413    3.1327066   8.402012   12.56321     0.27548963
  2.769905   -2.7803721   8.022018    3.876833  ]",,Do some math and ration food
8,1408,9,15,I would ration supplies and explain the situation to the crew and passangers.,decision,,,Ahmed is the captain of a 50-passenger cruise ship. Four days into their trip they get caught in a storm and the engine breaks under the pressure. They are now stranded at sea. A rescue boat is on its way but might not arrive for a week. Their food supplies are quickly dwindling and Ahmed isn’t sure what to instruct the passengers and crew.,is the captain of a 50-passenger cruise ship . Four days into trip get caught in a storm and the engine breaks under the pressure . are now stranded at sea . A rescue boat is on way but might not arrive for a week . food supplies are quickly dwindling and isn ’ t sure what to instruct the passengers and crew . : ration supplies and explain the situation to the crew and passangers .,-2.7182178,21.199015,3.3906972,8.0752945,12.871684,1.0740116,2.325367,-2.7811618,8.228045,2.357997,"[-2.7182178497314453, 21.19901466369629, 3.3906972408294678, 8.075294494628906, 12.871684074401855, 1.0740115642547607, 2.325366973876953, -2.7811617851257324, 8.228045463562012, 2.357996940612793]",8.647638,23.24229,0,"[-2.7720344 21.198093   3.524655   8.050342  12.951804   1.1348985
  2.1959908 -2.8224287  8.259791   2.3755927]",,Do some math and ration food
9,1409,10,15,Make sure that we ration the food and water to the bare minimum and keep everyone calm by reassuring them that everything will be ok.,decision,,,Ahmed is the captain of a 50-passenger cruise ship. Four days into their trip they get caught in a storm and the engine breaks under the pressure. They are now stranded at sea. A rescue boat is on its way but might not arrive for a week. Their food supplies are quickly dwindling and Ahmed isn’t sure what to instruct the passengers and crew.,is the captain of a 50-passenger cruise ship . Four days into trip get caught in a storm and the engine breaks under the pressure . are now stranded at sea . A rescue boat is on way but might not arrive for a week . food supplies are quickly dwindling and isn ’ t sure what to instruct the passengers and crew . : Make sure that ration the food and water to the bare minimum and keep everyone calm by reassuring that everything will be ok .,-2.755194,21.205973,3.5421846,8.106976,13.039276,1.2323161,2.1743171,-2.8135352,8.271814,2.2428374,"[-2.7551939487457275, 21.20597267150879, 3.542184591293335, 8.106975555419922, 13.039276123046875, 1.2323161363601685, 2.1743171215057373, -2.813535213470459, 8.271814346313477, 2.242837429046631]",8.78832,22.867552,0,"[-2.7720344 21.198093   3.524655   8.050342  12.951804   1.1348985
  2.1959908 -2.8224287  8.259791   2.3755927]",,Do some math and ration food
10,1410,11,15,Try to ration the food and keep calm.,decision,,,Ahmed is the captain of a 50-passenger cruise ship. Four days into their trip they get caught in a storm and the engine breaks under the pressure. They are now stranded at sea. A rescue boat is on its way but might not arrive for a week. Their food supplies are quickly dwindling and Ahmed isn’t sure what to instruct the passengers and crew.,is the captain of a 50-passenger cruise ship . Four days into trip get caught in a storm and the engine breaks under the pressure . are now stranded at sea . A rescue boat is on way but might not arrive for a week . food supplies are quickly dwindling and isn ’ t sure what to instruct the passengers and crew . : Try to ration the food and keep calm .,-2.8058264,21.219212,3.6107695,8.050939,13.119513,1.1396785,2.0458968,-2.9391093,8.380979,2.3823833,"[-2.805826425552368, 21.21921157836914, 3.610769510269165, 8.050938606262207, 13.119512557983398, 1.1396784782409668, 2.0458967685699463, -2.9391093254089355, 8.38097858428955, 2.382383346557617]",8.906803,23.027344,0,"[-2.7720344 21.198093   3.524655   8.050342  12.951804   1.1348985
  2.1959908 -2.8224287  8.259791   2.3755927]",,Do some math and ration food
11,1411,12,15,"tell the passengers the situation, ration meals",decision,,,Ahmed is the captain of a 50-passenger cruise ship. Four days into their trip they get caught in a storm and the engine breaks under the pressure. They are now stranded at sea. A rescue boat is on its way but might not arrive for a week. Their food supplies are quickly dwindling and Ahmed isn’t sure what to instruct the passengers and crew.,"is the captain of a 50-passenger cruise ship . Four days into trip get caught in a storm and the engine breaks under the pressure . are now stranded at sea . A rescue boat is on way but might not arrive for a week . food supplies are quickly dwindling and isn ’ t sure what to instruct the passengers and crew . : tell the passengers the situation , ration meals",-2.6710694,21.180502,3.6190736,8.040692,12.916077,1.2050997,2.2368867,-2.7658212,8.148666,2.400702,"[-2.671069383621216, 21.18050193786621, 3.6190736293792725, 8.040692329406738, 12.91607666015625, 1.2050997018814087, 2.236886739730835, -2.7658212184906006, 8.148666381835938, 2.4007019996643066]",8.725196,23.129055,0,"[-2.7720344 21.198093   3.524655   8.050342  12.951804   1.1348985
  2.1959908 -2.8224287  8.259791   2.3755927]",,Do some math and ration food
12,1412,13,15,Tell everyone to start fishing and boiling water so you have food and clean water. ,decision,,,Ahmed is the captain of a 50-passenger cruise ship. Four days into their trip they get caught in a storm and the engine breaks under the pressure. They are now stranded at sea. A rescue boat is on its way but might not arrive for a week. Their food supplies are quickly dwindling and Ahmed isn’t sure what to instruct the passengers and crew.,is the captain of a 50-passenger cruise ship . Four days into trip get caught in a storm and the engine breaks under the pressure . are now stranded at sea . A rescue boat is on way but might not arrive for a week . food supplies are quickly dwindling and isn ’ t sure what to instruct the passengers and crew . : Tell everyone to start fishing and boiling water so have food and clean water .,-4.7547016,19.448652,4.4352837,5.9625893,13.069346,1.6542009,-0.15559134,-0.98893774,8.475617,0.9149493,"[-4.754701614379883, 19.448652267456055, 4.435283660888672, 5.962589263916016, 13.06934642791748, 1.6542009115219116, -0.15559133887290955, -0.9889377355575562, 8.475617408752441, 0.9149492979049683]",13.37827,19.726812,2,"[-4.8689456  19.327238    4.543908    5.8250856  13.081804    1.767133
 -0.2748394  -0.8905132   8.488439    0.82249075]",,Tell everyone to start fishing and boiling water so you have food and clean water. 
13,1413,14,15,tell them that help will arrive soon and encourage calm,decision,,,Ahmed is the captain of a 50-passenger cruise ship. Four days into their trip they get caught in a storm and the engine breaks under the pressure. They are now stranded at sea. A rescue boat is on its way but might not arrive for a week. Their food supplies are quickly dwindling and Ahmed isn’t sure what to instruct the passengers and crew.,is the captain of a 50-passenger cruise ship . Four days into trip get caught in a storm and the engine breaks under the pressure . are now stranded at sea . A rescue boat is on way but might not arrive for a week . food supplies are quickly dwindling and isn ’ t sure what to instruct the passengers and crew . : tell that help will arrive soon and encourage calm,-3.3573482,20.790453,3.8556376,7.459583,13.772127,2.1945958,1.4834428,-2.6622186,8.858429,-0.7479378,"[-3.3573482036590576, 20.79045295715332, 3.855637550354004, 7.459582805633545, 13.772127151489258, 2.1945958137512207, 1.483442783355713, -2.6622185707092285, 8.858428955078125, -0.747937798500061]",9.17491,17.628504,1,"[-3.2833366  20.987505    3.8097646   7.5450077  13.942098    2.1630592
  1.5749658  -2.8369474   8.920529   -0.47967017]",,I pray for a miracle to happen for all of us on the ship.
14,1414,15,15,Lay out a clear rationing plan. Advise people to stay out of the sun and not drink sea water. Try and set up a way to collect water.,decision,,,Ahmed is the captain of a 50-passenger cruise ship. Four days into their trip they get caught in a storm and the engine breaks under the pressure. They are now stranded at sea. A rescue boat is on its way but might not arrive for a week. Their food supplies are quickly dwindling and Ahmed isn’t sure what to instruct the passengers and crew.,is the captain of a 50-passenger cruise ship . Four days into trip get caught in a storm and the engine breaks under the pressure . are now stranded at sea . A rescue boat is on way but might not arrive for a week . food supplies are quickly dwindling and isn ’ t sure what to instruct the passengers and crew . : Lay out a clear rationing plan . Advise people to stay out of the sun and not drink sea water . Try and set up a way to collect water .,-2.7423005,21.184828,3.4043388,8.093702,12.855626,0.8423767,2.3316338,-2.8150382,8.193586,2.702002,"[-2.742300510406494, 21.18482780456543, 3.404338836669922, 8.09370231628418, 12.855626106262207, 0.842376708984375, 2.3316338062286377, -2.8150382041931152, 8.193586349487305, 2.7020020484924316]",8.644372,23.39556,0,"[-2.7720344 21.198093   3.524655   8.050342  12.951804   1.1348985
  2.1959908 -2.8224287  8.259791   2.3755927]",,Do some math and ration food
15,1415,16,15,I would take all the food supplies under my control and ration them out equally each meal. I would lock the food supply somewhere safe and check to see no one is dehydrated.  ,decision,,,Ahmed is the captain of a 50-passenger cruise ship. Four days into their trip they get caught in a storm and the engine breaks under the pressure. They are now stranded at sea. A rescue boat is on its way but might not arrive for a week. Their food supplies are quickly dwindling and Ahmed isn’t sure what to instruct the passengers and crew.,is the captain of a 50-passenger cruise ship . Four days into trip get caught in a storm and the engine breaks under the pressure . are now stranded at sea . A rescue boat is on way but might not arrive for a week . food supplies are quickly dwindling and isn ’ t sure what to instruct the passengers and crew . : take all the food supplies under control and ration out equally each meal . lock the food supply somewhere safe and check to see no one is dehydrated .,-2.343732,21.357018,3.3801596,8.41482,12.64193,0.2160556,2.5574033,-2.7192214,7.9446764,4.147133,"[-2.3437321186065674, 21.357017517089844, 3.380159616470337, 8.414819717407227, 12.641929626464844, 0.21605560183525085, 2.557403326034546, -2.719221353530884, 7.944676399230957, 4.147132873535156]",8.983211,25.84541,0,"[-2.4105294  21.398413    3.1327066   8.402012   12.56321     0.27548963
  2.769905   -2.7803721   8.022018    3.876833  ]",,Do some math and ration food
16,1416,17,15,tell them to ration the food until help arrives,decision,,,Ahmed is the captain of a 50-passenger cruise ship. Four days into their trip they get caught in a storm and the engine breaks under the pressure. They are now stranded at sea. A rescue boat is on its way but might not arrive for a week. Their food supplies are quickly dwindling and Ahmed isn’t sure what to instruct the passengers and crew.,is the captain of a 50-passenger cruise ship . Four days into trip get caught in a storm and the engine breaks under the pressure . are now stranded at sea . A rescue boat is on way but might not arrive for a week . food supplies are quickly dwindling and isn ’ t sure what to instruct the passengers and crew . : tell to ration the food until help arrives,-2.464328,21.44131,3.5063992,8.396716,12.766391,0.66065955,2.494212,-2.65309,7.963539,3.6120613,"[-2.4643280506134033, 21.44131088256836, 3.506399154663086, 8.396716117858887, 12.766390800476074, 0.6606595516204834, 2.4942119121551514, -2.653090000152588, 7.963539123535156, 3.6120612621307373]",8.345626,24.789577,0,"[-2.6063912 21.337578   3.5135782  8.218158  12.792952   0.7752005
  2.3582692 -2.6884098  8.116338   3.16219  ]",,Do some math and ration food
17,1417,18,15,Explain the situation and ration out of the food accordingly,decision,,,Ahmed is the captain of a 50-passenger cruise ship. Four days into their trip they get caught in a storm and the engine breaks under the pressure. They are now stranded at sea. A rescue boat is on its way but might not arrive for a week. Their food supplies are quickly dwindling and Ahmed isn’t sure what to instruct the passengers and crew.,is the captain of a 50-passenger cruise ship . Four days into trip get caught in a storm and the engine breaks under the pressure . are now stranded at sea . A rescue boat is on way but might not arrive for a week . food supplies are quickly dwindling and isn ’ t sure what to instruct the passengers and crew . : Explain the situation and ration out of the food accordingly,-2.5432317,21.432793,3.6652033,8.1751995,12.947058,0.8749942,2.2564673,-2.907067,8.209092,3.1703026,"[-2.543231725692749, 21.43279266357422, 3.665203332901001, 8.175199508666992, 12.947057723999023, 0.8749942183494568, 2.256467342376709, -2.907067060470581, 8.209092140197754, 3.170302629470825]",8.790441,24.012367,0,"[-2.6063912 21.337578   3.5135782  8.218158  12.792952   0.7752005
  2.3582692 -2.6884098  8.116338   3.16219  ]",,Do some math and ration food
18,1418,19,15,Ration the supplies.,decision,,,Ahmed is the captain of a 50-passenger cruise ship. Four days into their trip they get caught in a storm and the engine breaks under the pressure. They are now stranded at sea. A rescue boat is on its way but might not arrive for a week. Their food supplies are quickly dwindling and Ahmed isn’t sure what to instruct the passengers and crew.,is the captain of a 50-passenger cruise ship . Four days into trip get caught in a storm and the engine breaks under the pressure . are now stranded at sea . A rescue boat is on way but might not arrive for a week . food supplies are quickly dwindling and isn ’ t sure what to instruct the passengers and crew . : Ration the supplies .,-2.4142535,21.220747,2.8451598,8.503644,12.419592,0.028078977,3.0099912,-2.6470468,7.872151,4.0731287,"[-2.4142534732818604, 21.220746994018555, 2.8451597690582275, 8.503643989562988, 12.419591903686523, 0.028078977018594742, 3.00999116897583, -2.6470468044281006, 7.872150897979736, 4.073128700256348]",8.37373,26.448671,0,"[-2.4105294  21.398413    3.1327066   8.402012   12.56321     0.27548963
  2.769905   -2.7803721   8.022018    3.876833  ]",,Do some math and ration food
19,1419,20,15,I would instruct the crew to keep passengers calm and I would make sure we're rationing food. ,decision,,,Ahmed is the captain of a 50-passenger cruise ship. Four days into their trip they get caught in a storm and the engine breaks under the pressure. They are now stranded at sea. A rescue boat is on its way but might not arrive for a week. Their food supplies are quickly dwindling and Ahmed isn’t sure what to instruct the passengers and crew.,is the captain of a 50-passenger cruise ship . Four days into trip get caught in a storm and the engine breaks under the pressure . are now stranded at sea . A rescue boat is on way but might not arrive for a week . food supplies are quickly dwindling and isn ’ t sure what to instruct the passengers and crew . : instruct the crew to keep passengers calm and make sure 're rationing food .,-2.747171,21.211275,3.63532,8.151848,13.186868,1.4414488,2.1721015,-2.7768567,8.264936,1.9529575,"[-2.747170925140381, 21.211275100708008, 3.635319948196411, 8.151847839355469, 13.186867713928223, 1.4414488077163696, 2.1721014976501465, -2.7768566608428955, 8.264936447143555, 1.9529575109481812]",8.606865,22.604982,0,"[-2.7720344 21.198093   3.524655   8.050342  12.951804   1.1348985
  2.1959908 -2.8224287  8.259791   2.3755927]",,Do some math and ration food
20,1420,21,15,I have inform for my superior and convince for all the passengers,decision,,,Ahmed is the captain of a 50-passenger cruise ship. Four days into their trip they get caught in a storm and the engine breaks under the pressure. They are now stranded at sea. A rescue boat is on its way but might not arrive for a week. Their food supplies are quickly dwindling and Ahmed isn’t sure what to instruct the passengers and crew.,is the captain of a 50-passenger cruise ship . Four days into trip get caught in a storm and the engine breaks under the pressure . are now stranded at sea . A rescue boat is on way but might not arrive for a week . food supplies are quickly dwindling and isn ’ t sure what to instruct the passengers and crew . : have inform for superior and convince for all the passengers,-3.2388732,20.529171,3.8883793,7.363792,13.118688,2.024183,1.5829343,-2.409048,8.481705,-0.12889329,"[-3.238873243331909, 20.529170989990234, 3.8883793354034424, 7.3637919425964355, 13.118687629699707, 2.0241830348968506, 1.5829342603683472, -2.409048080444336, 8.481704711914062, -0.12889328598976135]",9.31909,18.658203,1,"[-3.4471822  20.666515    3.9385123   7.3813643  13.241526    2.029008
  1.4364113  -2.2672248   8.528932   -0.19538808]",,I pray for a miracle to happen for all of us on the ship.
21,1421,22,15,"Ration the food, give just enough to get by, make it stretch out. I would gather everyone together in person and explain what has happened, explain about the food, explain not to panic that help is on the way. ",decision,,,Ahmed is the captain of a 50-passenger cruise ship. Four days into their trip they get caught in a storm and the engine breaks under the pressure. They are now stranded at sea. A rescue boat is on its way but might not arrive for a week. Their food supplies are quickly dwindling and Ahmed isn’t sure what to instruct the passengers and crew.,"is the captain of a 50-passenger cruise ship . Four days into trip get caught in a storm and the engine breaks under the pressure . are now stranded at sea . A rescue boat is on way but might not arrive for a week . food supplies are quickly dwindling and isn ’ t sure what to instruct the passengers and crew . : Ration the food , give just enough to get by , make stretch out . gather everyone together in person and explain what has happened , explain about the food , explain not to panic that help is on the way .",-2.7996666,21.156248,3.6392632,7.9113426,12.924495,1.2327391,2.1007605,-2.804712,8.249594,2.201518,"[-2.7996666431427, 21.156248092651367, 3.639263153076172, 7.911342620849609, 12.924494743347168, 1.2327390909194946, 2.1007604598999023, -2.8047120571136475, 8.249593734741211, 2.2015180587768555]",8.922351,22.98685,0,"[-2.7720344 21.198093   3.524655   8.050342  12.951804   1.1348985
  2.1959908 -2.8224287  8.259791   2.3755927]",,Do some math and ration food
22,1422,23,15,"You have to be honest, nobody is in danger. Make up some fun things to do and offer them free shit.",decision,,,Ahmed is the captain of a 50-passenger cruise ship. Four days into their trip they get caught in a storm and the engine breaks under the pressure. They are now stranded at sea. A rescue boat is on its way but might not arrive for a week. Their food supplies are quickly dwindling and Ahmed isn’t sure what to instruct the passengers and crew.,"is the captain of a 50-passenger cruise ship . Four days into trip get caught in a storm and the engine breaks under the pressure . are now stranded at sea . A rescue boat is on way but might not arrive for a week . food supplies are quickly dwindling and isn ’ t sure what to instruct the passengers and crew . : have to be honest , nobody is in danger . Make up some fun things to do and offer free shit .",-3.3739717,20.904854,4.059387,7.4296284,13.346594,2.2936347,1.4289962,-2.195086,8.444085,-0.4264411,"[-3.373971700668335, 20.90485382080078, 4.05938720703125, 7.429628372192383, 13.346593856811523, 2.2936346530914307, 1.428996205329895, -2.1950860023498535, 8.444085121154785, -0.42644110321998596]",9.358361,18.412273,1,"[-3.4471822  20.666515    3.9385123   7.3813643  13.241526    2.029008
  1.4364113  -2.2672248   8.528932   -0.19538808]",,I pray for a miracle to happen for all of us on the ship.
23,1423,24,15,ration food and say calming things to prevent a panic,decision,,,Ahmed is the captain of a 50-passenger cruise ship. Four days into their trip they get caught in a storm and the engine breaks under the pressure. They are now stranded at sea. A rescue boat is on its way but might not arrive for a week. Their food supplies are quickly dwindling and Ahmed isn’t sure what to instruct the passengers and crew.,is the captain of a 50-passenger cruise ship . Four days into trip get caught in a storm and the engine breaks under the pressure . are now stranded at sea . A rescue boat is on way but might not arrive for a week . food supplies are quickly dwindling and isn ’ t sure what to instruct the passengers and crew . : ration food and say calming things to prevent a panic,-2.7515182,21.194172,3.6376624,8.102573,13.168342,1.422196,2.1540952,-2.803979,8.262848,2.0144029,"[-2.7515182495117188, 21.194171905517578, 3.637662410736084, 8.10257339477539, 13.168341636657715, 1.4221960306167603, 2.15409517288208, -2.80397891998291, 8.262847900390625, 2.0144028663635254]",8.667199,22.717337,0,"[-2.7720344 21.198093   3.524655   8.050342  12.951804   1.1348985
  2.1959908 -2.8224287  8.259791   2.3755927]",,Do some math and ration food
24,1424,25,15,Immediately begin rationing the food and especially the water and enforce it strictly.,decision,,,Ahmed is the captain of a 50-passenger cruise ship. Four days into their trip they get caught in a storm and the engine breaks under the pressure. They are now stranded at sea. A rescue boat is on its way but might not arrive for a week. Their food supplies are quickly dwindling and Ahmed isn’t sure what to instruct the passengers and crew.,is the captain of a 50-passenger cruise ship . Four days into trip get caught in a storm and the engine breaks under the pressure . are now stranded at sea . A rescue boat is on way but might not arrive for a week . food supplies are quickly dwindling and isn ’ t sure what to instruct the passengers and crew . : Immediately begin rationing the food and especially the water and enforce strictly .,-2.4085143,21.302723,3.446331,8.449413,12.614758,0.30400178,2.4738953,-2.5489502,7.9116225,3.9687243,"[-2.4085142612457275, 21.302722930908203, 3.446331024169922, 8.449413299560547, 12.614757537841797, 0.3040017783641815, 2.473895311355591, -2.5489501953125, 7.911622524261475, 3.968724250793457]",8.48955,25.172106,0,"[-2.4105294  21.398413    3.1327066   8.402012   12.56321     0.27548963
  2.769905   -2.7803721   8.022018    3.876833  ]",,Do some math and ration food
25,1425,26,15,Take careful analysis of all the factors.,decision,,,Ahmed is the captain of a 50-passenger cruise ship. Four days into their trip they get caught in a storm and the engine breaks under the pressure. They are now stranded at sea. A rescue boat is on its way but might not arrive for a week. Their food supplies are quickly dwindling and Ahmed isn’t sure what to instruct the passengers and crew.,is the captain of a 50-passenger cruise ship . Four days into trip get caught in a storm and the engine breaks under the pressure . are now stranded at sea . A rescue boat is on way but might not arrive for a week . food supplies are quickly dwindling and isn ’ t sure what to instruct the passengers and crew . : Take careful analysis of all the factors .,-3.9066274,20.821365,3.543914,7.4351897,12.822931,1.6241975,1.1901592,-2.2265518,8.688206,-0.24266621,"[-3.9066274166107178, 20.821365356445312, 3.5439140796661377, 7.435189723968506, 12.822931289672852, 1.6241974830627441, 1.1901592016220093, -2.2265517711639404, 8.68820571899414, -0.24266621470451355]",10.319128,18.417215,1,"[-3.9400773 20.582375   3.681353   7.343179  12.986776   1.7244117
  1.1226583 -2.1522439  8.818167  -0.388404 ]",,I pray for a miracle to happen for all of us on the ship.
26,1426,27,15,I would try to figure out if there is a way to ration the food to keep everyone alive.,decision,,,Ahmed is the captain of a 50-passenger cruise ship. Four days into their trip they get caught in a storm and the engine breaks under the pressure. They are now stranded at sea. A rescue boat is on its way but might not arrive for a week. Their food supplies are quickly dwindling and Ahmed isn’t sure what to instruct the passengers and crew.,is the captain of a 50-passenger cruise ship . Four days into trip get caught in a storm and the engine breaks under the pressure . are now stranded at sea . A rescue boat is on way but might not arrive for a week . food supplies are quickly dwindling and isn ’ t sure what to instruct the passengers and crew . : try to figure out if there is a way to ration the food to keep everyone alive .,-2.6807332,21.37108,3.4070504,8.056589,12.677361,0.3643776,2.369968,-2.7531343,8.337472,3.4859543,"[-2.6807332038879395, 21.37108039855957, 3.407050371170044, 8.056589126586914, 12.677360534667969, 0.36437758803367615, 2.3699679374694824, -2.753134250640869, 8.337471961975098, 3.4859542846679688]",9.143299,24.9559,0,"[-2.6063912 21.337578   3.5135782  8.218158  12.792952   0.7752005
  2.3582692 -2.6884098  8.116338   3.16219  ]",,Do some math and ration food
27,1427,28,15,ask a professional for advice.,decision,,,Ahmed is the captain of a 50-passenger cruise ship. Four days into their trip they get caught in a storm and the engine breaks under the pressure. They are now stranded at sea. A rescue boat is on its way but might not arrive for a week. Their food supplies are quickly dwindling and Ahmed isn’t sure what to instruct the passengers and crew.,is the captain of a 50-passenger cruise ship . Four days into trip get caught in a storm and the engine breaks under the pressure . are now stranded at sea . A rescue boat is on way but might not arrive for a week . food supplies are quickly dwindling and isn ’ t sure what to instruct the passengers and crew . : ask a professional for advice .,-3.7067537,20.520306,3.7464006,7.429221,13.073841,1.797101,1.418424,-2.2417202,8.811772,-0.1421365,"[-3.706753730773926, 20.520305633544922, 3.7464005947113037, 7.429221153259277, 13.073841094970703, 1.7971010208129883, 1.4184240102767944, -2.241720199584961, 8.811772346496582, -0.14213649928569794]",9.880482,18.374695,1,"[-3.6445827  20.663752    3.607818    7.4420924  12.94147     1.6022452
  1.3908336  -2.3558006   8.766497    0.20558095]",,I pray for a miracle to happen for all of us on the ship.
28,1428,29,15,ration the food out until it gets there,decision,,,Ahmed is the captain of a 50-passenger cruise ship. Four days into their trip they get caught in a storm and the engine breaks under the pressure. They are now stranded at sea. A rescue boat is on its way but might not arrive for a week. Their food supplies are quickly dwindling and Ahmed isn’t sure what to instruct the passengers and crew.,is the captain of a 50-passenger cruise ship . Four days into trip get caught in a storm and the engine breaks under the pressure . are now stranded at sea . A rescue boat is on way but might not arrive for a week . food supplies are quickly dwindling and isn ’ t sure what to instruct the passengers and crew . : ration the food out until gets there,-2.3626142,21.204002,3.2002203,8.443793,12.518178,-0.18911928,2.68173,-2.6504939,7.9661436,4.4478827,"[-2.362614154815674, 21.204002380371094, 3.2002203464508057, 8.443793296813965, 12.51817798614502, -0.18911927938461304, 2.681730031967163, -2.650493860244751, 7.966143608093262, 4.447882652282715]",9.130118,26.72526,0,"[-2.329078   21.25354     3.1480563   8.463956   12.449426   -0.20846546
  2.7263842  -2.7515886   8.015783    4.524402  ]",,Do some math and ration food
29,1429,30,15,I ask everyone to ration the food and water and to work together because it will be a long week and we will need each other's support.,decision,,,Ahmed is the captain of a 50-passenger cruise ship. Four days into their trip they get caught in a storm and the engine breaks under the pressure. They are now stranded at sea. A rescue boat is on its way but might not arrive for a week. Their food supplies are quickly dwindling and Ahmed isn’t sure what to instruct the passengers and crew.,is the captain of a 50-passenger cruise ship . Four days into trip get caught in a storm and the engine breaks under the pressure . are now stranded at sea . A rescue boat is on way but might not arrive for a week . food supplies are quickly dwindling and isn ’ t sure what to instruct the passengers and crew . : ask everyone to ration the food and water and to work together because will be a long week and will need each other 's support .,-2.9398363,21.138096,3.508632,7.843918,12.827167,1.0687338,2.0935335,-2.7494676,8.346533,2.2179074,"[-2.939836263656616, 21.13809585571289, 3.508631944656372, 7.8439178466796875, 12.827166557312012, 1.068733811378479, 2.093533515930176, -2.749467611312866, 8.346532821655273, 2.217907428741455]",9.14562,22.82845,0,"[-2.7720344 21.198093   3.524655   8.050342  12.951804   1.1348985
  2.1959908 -2.8224287  8.259791   2.3755927]",,Do some math and ration food
30,1430,31,15,Lie to keep everyone calm,decision,,,Ahmed is the captain of a 50-passenger cruise ship. Four days into their trip they get caught in a storm and the engine breaks under the pressure. They are now stranded at sea. A rescue boat is on its way but might not arrive for a week. Their food supplies are quickly dwindling and Ahmed isn’t sure what to instruct the passengers and crew.,is the captain of a 50-passenger cruise ship . Four days into trip get caught in a storm and the engine breaks under the pressure . are now stranded at sea . A rescue boat is on way but might not arrive for a week . food supplies are quickly dwindling and isn ’ t sure what to instruct the passengers and crew . : Lie to keep everyone calm,-2.9797516,20.910515,4.3370275,7.3818636,13.3587885,2.7043805,1.6085521,-2.3287446,8.029132,-0.7113982,"[-2.9797515869140625, 20.91051483154297, 4.337027549743652, 7.381863594055176, 13.35878849029541, 2.704380512237549, 1.608552098274231, -2.328744649887085, 8.029131889343262, -0.711398184299469]",8.207359,18.426088,1,"[-3.013786  20.806538   4.227114   7.3947954 13.269682   2.550066
  1.6250464 -2.287486   8.090393  -0.648244 ]",,I pray for a miracle to happen for all of us on the ship.
31,1431,32,15,ration the food,decision,,,Ahmed is the captain of a 50-passenger cruise ship. Four days into their trip they get caught in a storm and the engine breaks under the pressure. They are now stranded at sea. A rescue boat is on its way but might not arrive for a week. Their food supplies are quickly dwindling and Ahmed isn’t sure what to instruct the passengers and crew.,is the captain of a 50-passenger cruise ship . Four days into trip get caught in a storm and the engine breaks under the pressure . are now stranded at sea . A rescue boat is on way but might not arrive for a week . food supplies are quickly dwindling and isn ’ t sure what to instruct the passengers and crew . : ration the food,-2.2988417,21.181725,3.0448241,8.512635,12.401896,-0.35241202,2.7981906,-2.6693468,7.9698553,4.5970016,"[-2.298841714859009, 21.181724548339844, 3.0448241233825684, 8.512635231018066, 12.401896476745605, -0.35241201519966125, 2.7981905937194824, -2.669346809387207, 7.969855308532715, 4.597001552581787]",9.363145,27.070612,0,"[-2.329078   21.25354     3.1480563   8.463956   12.449426   -0.20846546
  2.7263842  -2.7515886   8.015783    4.524402  ]",,Do some math and ration food
32,1432,33,15,Comfort the people,decision,,,Ahmed is the captain of a 50-passenger cruise ship. Four days into their trip they get caught in a storm and the engine breaks under the pressure. They are now stranded at sea. A rescue boat is on its way but might not arrive for a week. Their food supplies are quickly dwindling and Ahmed isn’t sure what to instruct the passengers and crew.,is the captain of a 50-passenger cruise ship . Four days into trip get caught in a storm and the engine breaks under the pressure . are now stranded at sea . A rescue boat is on way but might not arrive for a week . food supplies are quickly dwindling and isn ’ t sure what to instruct the passengers and crew . : Comfort the people,-3.3545074,20.974232,3.766906,7.5484033,13.809522,2.0652263,1.5391756,-2.808342,8.960044,-0.37472838,"[-3.3545074462890625, 20.974231719970703, 3.7669060230255127, 7.548403263092041, 13.809521675109863, 2.0652263164520264, 1.5391756296157837, -2.8083419799804688, 8.960043907165527, -0.37472838163375854]",9.131947,17.420555,1,"[-3.2833366  20.987505    3.8097646   7.5450077  13.942098    2.1630592
  1.5749658  -2.8369474   8.920529   -0.47967017]",,I pray for a miracle to happen for all of us on the ship.
33,1433,34,15,"tell them the situation, ration food",decision,,,Ahmed is the captain of a 50-passenger cruise ship. Four days into their trip they get caught in a storm and the engine breaks under the pressure. They are now stranded at sea. A rescue boat is on its way but might not arrive for a week. Their food supplies are quickly dwindling and Ahmed isn’t sure what to instruct the passengers and crew.,"is the captain of a 50-passenger cruise ship . Four days into trip get caught in a storm and the engine breaks under the pressure . are now stranded at sea . A rescue boat is on way but might not arrive for a week . food supplies are quickly dwindling and isn ’ t sure what to instruct the passengers and crew . : tell the situation , ration food",-2.6523983,21.306187,3.5790958,8.090889,12.921358,1.0230206,2.255894,-2.826544,8.256162,2.6716259,"[-2.6523983478546143, 21.30618667602539, 3.5790958404541016, 8.090888977050781, 12.921358108520508, 1.023020625114441, 2.2558939456939697, -2.8265440464019775, 8.2561616897583, 2.671625852584839]",8.674281,23.600336,0,"[-2.7720344 21.198093   3.524655   8.050342  12.951804   1.1348985
  2.1959908 -2.8224287  8.259791   2.3755927]",,Do some math and ration food
34,1434,35,15,Ration the supplies to last as long as they can.,decision,,,Ahmed is the captain of a 50-passenger cruise ship. Four days into their trip they get caught in a storm and the engine breaks under the pressure. They are now stranded at sea. A rescue boat is on its way but might not arrive for a week. Their food supplies are quickly dwindling and Ahmed isn’t sure what to instruct the passengers and crew.,is the captain of a 50-passenger cruise ship . Four days into trip get caught in a storm and the engine breaks under the pressure . are now stranded at sea . A rescue boat is on way but might not arrive for a week . food supplies are quickly dwindling and isn ’ t sure what to instruct the passengers and crew . : Ration the supplies to last as long as can .,-2.4319096,21.210218,2.8964314,8.460029,12.45063,0.08020924,2.9606917,-2.625642,7.9060683,3.9988492,"[-2.4319095611572266, 21.21021842956543, 2.8964314460754395, 8.460028648376465, 12.450630187988281, 0.08020924031734467, 2.9606916904449463, -2.6256420612335205, 7.906068325042725, 3.9988491535186768]",8.391491,26.433548,0,"[-2.4105294  21.398413    3.1327066   8.402012   12.56321     0.27548963
  2.769905   -2.7803721   8.022018    3.876833  ]",,Do some math and ration food
35,1435,36,15,Ration out the food evenly.,decision,,,Ahmed is the captain of a 50-passenger cruise ship. Four days into their trip they get caught in a storm and the engine breaks under the pressure. They are now stranded at sea. A rescue boat is on its way but might not arrive for a week. Their food supplies are quickly dwindling and Ahmed isn’t sure what to instruct the passengers and crew.,is the captain of a 50-passenger cruise ship . Four days into trip get caught in a storm and the engine breaks under the pressure . are now stranded at sea . A rescue boat is on way but might not arrive for a week . food supplies are quickly dwindling and isn ’ t sure what to instruct the passengers and crew . : Ration out the food evenly .,-2.370632,21.202133,3.1898336,8.438049,12.427176,-0.35579324,2.632617,-2.7995515,8.097413,4.518254,"[-2.3706319332122803, 21.202133178710938, 3.189833641052246, 8.43804931640625, 12.427176475524902, -0.3557932376861572, 2.6326169967651367, -2.799551486968994, 8.097413063049316, 4.518253803253174]",9.345481,26.94227,0,"[-2.329078   21.25354     3.1480563   8.463956   12.449426   -0.20846546
  2.7263842  -2.7515886   8.015783    4.524402  ]",,Do some math and ration food
36,1436,37,15,call the coast guard,decision,,,Ahmed is the captain of a 50-passenger cruise ship. Four days into their trip they get caught in a storm and the engine breaks under the pressure. They are now stranded at sea. A rescue boat is on its way but might not arrive for a week. Their food supplies are quickly dwindling and Ahmed isn’t sure what to instruct the passengers and crew.,is the captain of a 50-passenger cruise ship . Four days into trip get caught in a storm and the engine breaks under the pressure . are now stranded at sea . A rescue boat is on way but might not arrive for a week . food supplies are quickly dwindling and isn ’ t sure what to instruct the passengers and crew . : call the coast guard,-3.6497471,20.4688,3.698238,7.3718433,12.992076,1.8169253,1.3572766,-2.3158681,8.849548,-0.3646486,"[-3.649747133255005, 20.468799591064453, 3.698237895965576, 7.371843338012695, 12.99207592010498, 1.816925287246704, 1.3572765588760376, -2.3158681392669678, 8.84954833984375, -0.36464861035346985]",10.174189,17.947924,1,"[-3.9400773 20.582375   3.681353   7.343179  12.986776   1.7244117
  1.1226583 -2.1522439  8.818167  -0.388404 ]",,I pray for a miracle to happen for all of us on the ship.
37,1437,38,15,I would instruct my crew to lock the food supplies somewhere secure until we could come up with a rationing plan,decision,,,Ahmed is the captain of a 50-passenger cruise ship. Four days into their trip they get caught in a storm and the engine breaks under the pressure. They are now stranded at sea. A rescue boat is on its way but might not arrive for a week. Their food supplies are quickly dwindling and Ahmed isn’t sure what to instruct the passengers and crew.,is the captain of a 50-passenger cruise ship . Four days into trip get caught in a storm and the engine breaks under the pressure . are now stranded at sea . A rescue boat is on way but might not arrive for a week . food supplies are quickly dwindling and isn ’ t sure what to instruct the passengers and crew . : instruct crew to lock the food supplies somewhere secure until come up with a rationing plan,-2.3812249,21.420147,3.3052454,8.452,12.694768,0.5251715,2.6765292,-2.7269275,7.912909,3.6888604,"[-2.3812248706817627, 21.420146942138672, 3.3052453994750977, 8.45199966430664, 12.694767951965332, 0.5251715183258057, 2.6765291690826416, -2.7269275188446045, 7.912909030914307, 3.6888604164123535]",8.148869,25.01747,0,"[-2.4105294  21.398413    3.1327066   8.402012   12.56321     0.27548963
  2.769905   -2.7803721   8.022018    3.876833  ]",,Do some math and ration food
38,1438,39,15,"ration the food, attend to health and safety of all passengers",decision,,,Ahmed is the captain of a 50-passenger cruise ship. Four days into their trip they get caught in a storm and the engine breaks under the pressure. They are now stranded at sea. A rescue boat is on its way but might not arrive for a week. Their food supplies are quickly dwindling and Ahmed isn’t sure what to instruct the passengers and crew.,"is the captain of a 50-passenger cruise ship . Four days into trip get caught in a storm and the engine breaks under the pressure . are now stranded at sea . A rescue boat is on way but might not arrive for a week . food supplies are quickly dwindling and isn ’ t sure what to instruct the passengers and crew . : ration the food , attend to health and safety of all passengers",-2.6888366,21.217546,3.5185204,8.000562,13.004711,1.2052255,2.2670596,-2.9125648,8.22227,2.3284392,"[-2.6888365745544434, 21.217546463012695, 3.5185203552246094, 8.000561714172363, 13.004711151123047, 1.2052254676818848, 2.267059564590454, -2.912564754486084, 8.222270011901855, 2.328439235687256]",8.81503,23.11567,0,"[-2.7720344 21.198093   3.524655   8.050342  12.951804   1.1348985
  2.1959908 -2.8224287  8.259791   2.3755927]",,Do some math and ration food
39,1439,40,15,I would attempt to repair the engine.,decision,,,Ahmed is the captain of a 50-passenger cruise ship. Four days into their trip they get caught in a storm and the engine breaks under the pressure. They are now stranded at sea. A rescue boat is on its way but might not arrive for a week. Their food supplies are quickly dwindling and Ahmed isn’t sure what to instruct the passengers and crew.,is the captain of a 50-passenger cruise ship . Four days into trip get caught in a storm and the engine breaks under the pressure . are now stranded at sea . A rescue boat is on way but might not arrive for a week . food supplies are quickly dwindling and isn ’ t sure what to instruct the passengers and crew . : attempt to repair the engine .,-4.5557575,20.780706,3.530978,7.229118,12.942652,1.9825237,0.9502519,-1.6815778,8.49365,-1.4160361,"[-4.555757522583008, 20.78070640563965, 3.530977964401245, 7.2291178703308105, 12.942651748657227, 1.9825236797332764, 0.9502518773078918, -1.6815778017044067, 8.493650436401367, -1.4160361289978027]",11.038577,16.817188,3,"[-4.5539865  20.74448     3.5389936   7.2325172  12.953913    1.9741645
  0.93553674 -1.6603737   8.506085   -1.3944145 ]",,I would attempt to repair the engine.
40,1440,41,15,I would ration the food out and hope help arrives shortly,decision,,,Ahmed is the captain of a 50-passenger cruise ship. Four days into their trip they get caught in a storm and the engine breaks under the pressure. They are now stranded at sea. A rescue boat is on its way but might not arrive for a week. Their food supplies are quickly dwindling and Ahmed isn’t sure what to instruct the passengers and crew.,is the captain of a 50-passenger cruise ship . Four days into trip get caught in a storm and the engine breaks under the pressure . are now stranded at sea . A rescue boat is on way but might not arrive for a week . food supplies are quickly dwindling and isn ’ t sure what to instruct the passengers and crew . : ration the food out and hope help arrives shortly,-2.7715797,21.213787,3.5973096,8.155927,12.828255,0.8296748,2.273816,-2.601004,8.146355,3.0565598,"[-2.7715797424316406, 21.213787078857422, 3.5973095893859863, 8.155926704406738, 12.828254699707031, 0.8296747803688049, 2.2738161087036133, -2.601003885269165, 8.146354675292969, 3.0565598011016846]",8.742043,23.791218,0,"[-2.6063912 21.337578   3.5135782  8.218158  12.792952   0.7752005
  2.3582692 -2.6884098  8.116338   3.16219  ]",,Do some math and ration food
41,1441,42,15,limit food and remain calm and tell the people what is going on,decision,,,Ahmed is the captain of a 50-passenger cruise ship. Four days into their trip they get caught in a storm and the engine breaks under the pressure. They are now stranded at sea. A rescue boat is on its way but might not arrive for a week. Their food supplies are quickly dwindling and Ahmed isn’t sure what to instruct the passengers and crew.,is the captain of a 50-passenger cruise ship . Four days into trip get caught in a storm and the engine breaks under the pressure . are now stranded at sea . A rescue boat is on way but might not arrive for a week . food supplies are quickly dwindling and isn ’ t sure what to instruct the passengers and crew . : limit food and remain calm and tell the people what is going on,-2.7105484,21.130772,3.6630087,8.038938,13.181598,1.4389796,2.106512,-2.844768,8.213183,1.9336562,"[-2.7105484008789062, 21.13077163696289, 3.663008689880371, 8.03893756866455, 13.181597709655762, 1.4389796257019043, 2.1065120697021484, -2.8447680473327637, 8.213183403015137, 1.9336562156677246]",8.630052,22.772366,0,"[-2.7720344 21.198093   3.524655   8.050342  12.951804   1.1348985
  2.1959908 -2.8224287  8.259791   2.3755927]",,Do some math and ration food
42,1442,43,15,explain to them to stay calm and help is coming.  then make sure the food is rationed approprioptly,decision,,,Ahmed is the captain of a 50-passenger cruise ship. Four days into their trip they get caught in a storm and the engine breaks under the pressure. They are now stranded at sea. A rescue boat is on its way but might not arrive for a week. Their food supplies are quickly dwindling and Ahmed isn’t sure what to instruct the passengers and crew.,is the captain of a 50-passenger cruise ship . Four days into trip get caught in a storm and the engine breaks under the pressure . are now stranded at sea . A rescue boat is on way but might not arrive for a week . food supplies are quickly dwindling and isn ’ t sure what to instruct the passengers and crew . : explain to to stay calm and help is coming . then make sure the food is rationed approprioptly,-2.7256413,21.224009,3.6332996,8.118454,13.142586,1.3789366,2.1676073,-2.8291225,8.248768,2.1438763,"[-2.7256412506103516, 21.224008560180664, 3.6332995891571045, 8.118453979492188, 13.142585754394531, 1.3789366483688354, 2.167607307434082, -2.829122543334961, 8.248767852783203, 2.143876314163208]",8.792094,22.71981,0,"[-2.7720344 21.198093   3.524655   8.050342  12.951804   1.1348985
  2.1959908 -2.8224287  8.259791   2.3755927]",,Do some math and ration food
43,1443,44,15,Ration food and tell people to keep calm,decision,,,Ahmed is the captain of a 50-passenger cruise ship. Four days into their trip they get caught in a storm and the engine breaks under the pressure. They are now stranded at sea. A rescue boat is on its way but might not arrive for a week. Their food supplies are quickly dwindling and Ahmed isn’t sure what to instruct the passengers and crew.,is the captain of a 50-passenger cruise ship . Four days into trip get caught in a storm and the engine breaks under the pressure . are now stranded at sea . A rescue boat is on way but might not arrive for a week . food supplies are quickly dwindling and isn ’ t sure what to instruct the passengers and crew . : Ration food and tell people to keep calm,-2.7334528,21.184958,3.5910397,8.102897,13.115733,1.353089,2.1758447,-2.7985413,8.225681,2.085157,"[-2.733452796936035, 21.18495750427246, 3.5910396575927734, 8.102896690368652, 13.11573314666748, 1.3530889749526978, 2.175844669342041, -2.798541307449341, 8.22568130493164, 2.0851569175720215]",8.682416,22.735748,0,"[-2.7720344 21.198093   3.524655   8.050342  12.951804   1.1348985
  2.1959908 -2.8224287  8.259791   2.3755927]",,Do some math and ration food
44,1444,45,15,Ration supplies to make them last; try to keep the passengers entertained in the meantime,decision,,,Ahmed is the captain of a 50-passenger cruise ship. Four days into their trip they get caught in a storm and the engine breaks under the pressure. They are now stranded at sea. A rescue boat is on its way but might not arrive for a week. Their food supplies are quickly dwindling and Ahmed isn’t sure what to instruct the passengers and crew.,is the captain of a 50-passenger cruise ship . Four days into trip get caught in a storm and the engine breaks under the pressure . are now stranded at sea . A rescue boat is on way but might not arrive for a week . food supplies are quickly dwindling and isn ’ t sure what to instruct the passengers and crew . : Ration supplies to make last ; try to keep the passengers entertained in the meantime,-2.981763,21.091476,3.566056,7.9311028,12.87573,1.0593454,2.1126409,-2.6519232,8.360651,2.2487829,"[-2.9817628860473633, 21.091476440429688, 3.5660560131073, 7.931102752685547, 12.87572956085205, 1.0593453645706177, 2.112640857696533, -2.651923179626465, 8.360651016235352, 2.2487828731536865]",9.070309,22.94152,0,"[-2.7720344 21.198093   3.524655   8.050342  12.951804   1.1348985
  2.1959908 -2.8224287  8.259791   2.3755927]",,Do some math and ration food
45,1445,46,15,i need to be direct and say we need to perserve food,decision,,,Ahmed is the captain of a 50-passenger cruise ship. Four days into their trip they get caught in a storm and the engine breaks under the pressure. They are now stranded at sea. A rescue boat is on its way but might not arrive for a week. Their food supplies are quickly dwindling and Ahmed isn’t sure what to instruct the passengers and crew.,is the captain of a 50-passenger cruise ship . Four days into trip get caught in a storm and the engine breaks under the pressure . are now stranded at sea . A rescue boat is on way but might not arrive for a week . food supplies are quickly dwindling and isn ’ t sure what to instruct the passengers and crew . : i need to be direct and say need to perserve food,-2.4517715,21.446066,3.6092434,8.426018,12.819423,0.80988383,2.4048443,-2.6729095,7.9384265,3.481087,"[-2.4517714977264404, 21.44606590270996, 3.609243392944336, 8.426017761230469, 12.819422721862793, 0.8098838329315186, 2.404844284057617, -2.6729094982147217, 7.938426494598389, 3.4810869693756104]",8.263942,24.698524,0,"[-2.6063912 21.337578   3.5135782  8.218158  12.792952   0.7752005
  2.3582692 -2.6884098  8.116338   3.16219  ]",,Do some math and ration food
46,1446,47,15,Call or radio my boss for advice,decision,,,Ahmed is the captain of a 50-passenger cruise ship. Four days into their trip they get caught in a storm and the engine breaks under the pressure. They are now stranded at sea. A rescue boat is on its way but might not arrive for a week. Their food supplies are quickly dwindling and Ahmed isn’t sure what to instruct the passengers and crew.,is the captain of a 50-passenger cruise ship . Four days into trip get caught in a storm and the engine breaks under the pressure . are now stranded at sea . A rescue boat is on way but might not arrive for a week . food supplies are quickly dwindling and isn ’ t sure what to instruct the passengers and crew . : Call or radio boss for advice,-3.8051066,20.42363,3.5238576,7.423229,12.890035,1.6545128,1.2486804,-2.332126,9.057403,-0.52786994,"[-3.8051066398620605, 20.423629760742188, 3.523857593536377, 7.423229217529297, 12.890034675598145, 1.6545127630233765, 1.2486803531646729, -2.3321259021759033, 9.057402610778809, -0.5278699398040771]",10.187388,17.962267,1,"[-3.9400773 20.582375   3.681353   7.343179  12.986776   1.7244117
  1.1226583 -2.1522439  8.818167  -0.388404 ]",,I pray for a miracle to happen for all of us on the ship.
47,1447,48,15,I would start fishing,decision,,,Ahmed is the captain of a 50-passenger cruise ship. Four days into their trip they get caught in a storm and the engine breaks under the pressure. They are now stranded at sea. A rescue boat is on its way but might not arrive for a week. Their food supplies are quickly dwindling and Ahmed isn’t sure what to instruct the passengers and crew.,is the captain of a 50-passenger cruise ship . Four days into trip get caught in a storm and the engine breaks under the pressure . are now stranded at sea . A rescue boat is on way but might not arrive for a week . food supplies are quickly dwindling and isn ’ t sure what to instruct the passengers and crew . : start fishing,-4.946286,19.280666,4.5798893,5.8303666,13.118735,1.8359779,-0.33669305,-0.8691757,8.450084,0.66576487,"[-4.946286201477051, 19.28066635131836, 4.579889297485352, 5.830366611480713, 13.118735313415527, 1.8359779119491577, -0.33669304847717285, -0.8691756725311279, 8.45008373260498, 0.6657648682594299]",13.606293,19.474413,2,"[-4.8689456  19.327238    4.543908    5.8250856  13.081804    1.767133
 -0.2748394  -0.8905132   8.488439    0.82249075]",,Tell everyone to start fishing and boiling water so you have food and clean water. 
48,1448,49,15,ration suppiles to hol out,decision,,,Ahmed is the captain of a 50-passenger cruise ship. Four days into their trip they get caught in a storm and the engine breaks under the pressure. They are now stranded at sea. A rescue boat is on its way but might not arrive for a week. Their food supplies are quickly dwindling and Ahmed isn’t sure what to instruct the passengers and crew.,is the captain of a 50-passenger cruise ship . Four days into trip get caught in a storm and the engine breaks under the pressure . are now stranded at sea . A rescue boat is on way but might not arrive for a week . food supplies are quickly dwindling and isn ’ t sure what to instruct the passengers and crew . : ration suppiles to hol out,-2.6176584,21.350733,3.3629115,8.093491,12.814596,0.79569894,2.4615088,-2.75322,8.210434,2.899966,"[-2.6176583766937256, 21.350732803344727, 3.3629114627838135, 8.093490600585938, 12.814596176147461, 0.7956989407539368, 2.4615087509155273, -2.7532200813293457, 8.210433959960938, 2.89996600151062]",8.576178,23.805956,0,"[-2.6063912 21.337578   3.5135782  8.218158  12.792952   0.7752005
  2.3582692 -2.6884098  8.116338   3.16219  ]",,Do some math and ration food
49,1449,50,15,"Explain the situation to everyone, ration food and try to keep people occupied so not to worry.",decision,,,Ahmed is the captain of a 50-passenger cruise ship. Four days into their trip they get caught in a storm and the engine breaks under the pressure. They are now stranded at sea. A rescue boat is on its way but might not arrive for a week. Their food supplies are quickly dwindling and Ahmed isn’t sure what to instruct the passengers and crew.,"is the captain of a 50-passenger cruise ship . Four days into trip get caught in a storm and the engine breaks under the pressure . are now stranded at sea . A rescue boat is on way but might not arrive for a week . food supplies are quickly dwindling and isn ’ t sure what to instruct the passengers and crew . : Explain the situation to everyone , ration food and try to keep people occupied so not to worry .",-2.836501,21.101286,3.591755,7.9833093,13.09182,1.3953558,2.0950828,-2.7675989,8.320008,1.7606558,"[-2.836500883102417, 21.101285934448242, 3.591754913330078, 7.983309268951416, 13.091819763183594, 1.3953558206558228, 2.0950827598571777, -2.767598867416382, 8.320008277893066, 1.7606557607650757]",8.752179,22.784254,0,"[-2.7720344 21.198093   3.524655   8.050342  12.951804   1.1348985
  2.1959908 -2.8224287  8.259791   2.3755927]",,Do some math and ration food
50,1450,51,15,Tell them the situation and ask them to keep calm. Prayers would help.,decision,,,Ahmed is the captain of a 50-passenger cruise ship. Four days into their trip they get caught in a storm and the engine breaks under the pressure. They are now stranded at sea. A rescue boat is on its way but might not arrive for a week. Their food supplies are quickly dwindling and Ahmed isn’t sure what to instruct the passengers and crew.,is the captain of a 50-passenger cruise ship . Four days into trip get caught in a storm and the engine breaks under the pressure . are now stranded at sea . A rescue boat is on way but might not arrive for a week . food supplies are quickly dwindling and isn ’ t sure what to instruct the passengers and crew . : Tell the situation and ask to keep calm . Prayers help .,-3.2641447,20.858746,3.830452,7.570417,13.933236,2.2274442,1.5542111,-2.9582283,8.969113,-0.43283027,"[-3.2641446590423584, 20.858745574951172, 3.8304519653320312, 7.5704169273376465, 13.933236122131348, 2.2274441719055176, 1.554211139678955, -2.958228349685669, 8.96911334991455, -0.432830274105072]",8.852351,17.430199,1,"[-3.2833366  20.987505    3.8097646   7.5450077  13.942098    2.1630592
  1.5749658  -2.8369474   8.920529   -0.47967017]",,I pray for a miracle to happen for all of us on the ship.
51,1451,52,15,I would ration out the food and hope for the best.,decision,,,Ahmed is the captain of a 50-passenger cruise ship. Four days into their trip they get caught in a storm and the engine breaks under the pressure. They are now stranded at sea. A rescue boat is on its way but might not arrive for a week. Their food supplies are quickly dwindling and Ahmed isn’t sure what to instruct the passengers and crew.,is the captain of a 50-passenger cruise ship . Four days into trip get caught in a storm and the engine breaks under the pressure . are now stranded at sea . A rescue boat is on way but might not arrive for a week . food supplies are quickly dwindling and isn ’ t sure what to instruct the passengers and crew . : ration out the food and hope for the best .,-2.8530722,21.13641,3.5311992,8.084613,12.795598,0.7190787,2.3121455,-2.550343,8.18681,3.0521824,"[-2.853072166442871, 21.136409759521484, 3.5311992168426514, 8.084612846374512, 12.795598030090332, 0.7190787196159363, 2.312145471572876, -2.5503430366516113, 8.186809539794922, 3.05218243598938]",8.875268,23.857508,0,"[-2.6063912 21.337578   3.5135782  8.218158  12.792952   0.7752005
  2.3582692 -2.6884098  8.116338   3.16219  ]",,Do some math and ration food
52,1452,53,15,"I would start taking inventory of all of the food, then would start a plan for rationing.",decision,,,Ahmed is the captain of a 50-passenger cruise ship. Four days into their trip they get caught in a storm and the engine breaks under the pressure. They are now stranded at sea. A rescue boat is on its way but might not arrive for a week. Their food supplies are quickly dwindling and Ahmed isn’t sure what to instruct the passengers and crew.,"is the captain of a 50-passenger cruise ship . Four days into trip get caught in a storm and the engine breaks under the pressure . are now stranded at sea . A rescue boat is on way but might not arrive for a week . food supplies are quickly dwindling and isn ’ t sure what to instruct the passengers and crew . : start taking inventory of all of the food , then start a plan for rationing .",-2.324972,21.4229,3.1744995,8.4145155,12.582386,0.09625131,2.7789774,-2.942733,8.054683,4.2314315,"[-2.324971914291382, 21.42289924621582, 3.17449951171875, 8.414515495300293, 12.582386016845703, 0.09625130891799927, 2.778977394104004, -2.9427330493927, 8.054682731628418, 4.231431484222412]",8.712654,26.231987,0,"[-2.4105294  21.398413    3.1327066   8.402012   12.56321     0.27548963
  2.769905   -2.7803721   8.022018    3.876833  ]",,Do some math and ration food
53,1453,54,15,"Try to find the nearest port and see if you can ride the current offshore, anchor up and tender people off for a bit",decision,,,Ahmed is the captain of a 50-passenger cruise ship. Four days into their trip they get caught in a storm and the engine breaks under the pressure. They are now stranded at sea. A rescue boat is on its way but might not arrive for a week. Their food supplies are quickly dwindling and Ahmed isn’t sure what to instruct the passengers and crew.,"is the captain of a 50-passenger cruise ship . Four days into trip get caught in a storm and the engine breaks under the pressure . are now stranded at sea . A rescue boat is on way but might not arrive for a week . food supplies are quickly dwindling and isn ’ t sure what to instruct the passengers and crew . : Try to find the nearest port and see if can ride the current offshore , anchor up and tender people off for a bit",-3.8741214,20.413754,3.8468523,7.2775116,13.082003,1.7639487,1.2107527,-2.056019,8.79237,-0.05028731,"[-3.8741214275360107, 20.413753509521484, 3.8468523025512695, 7.2775115966796875, 13.082002639770508, 1.763948678970337, 1.2107527256011963, -2.0560190677642822, 8.792369842529297, -0.050287310034036636]",10.339041,18.653408,1,"[-3.9400773 20.582375   3.681353   7.343179  12.986776   1.7244117
  1.1226583 -2.1522439  8.818167  -0.388404 ]",,I pray for a miracle to happen for all of us on the ship.
54,1454,55,15,Start rationing portions and let the crew know help is on the way but it could take a couple of days.,decision,,,Ahmed is the captain of a 50-passenger cruise ship. Four days into their trip they get caught in a storm and the engine breaks under the pressure. They are now stranded at sea. A rescue boat is on its way but might not arrive for a week. Their food supplies are quickly dwindling and Ahmed isn’t sure what to instruct the passengers and crew.,is the captain of a 50-passenger cruise ship . Four days into trip get caught in a storm and the engine breaks under the pressure . are now stranded at sea . A rescue boat is on way but might not arrive for a week . food supplies are quickly dwindling and isn ’ t sure what to instruct the passengers and crew . : Start rationing portions and let the crew know help is on the way but take a couple of days .,-2.6822038,21.23395,3.5609787,8.278718,12.874019,0.9959714,2.3550217,-2.59841,8.07772,2.8650126,"[-2.682203769683838, 21.233949661254883, 3.560978651046753, 8.278717994689941, 12.874018669128418, 0.9959713816642761, 2.3550217151641846, -2.59840989112854, 8.077719688415527, 2.8650126457214355]",8.5302105,23.654577,0,"[-2.6063912 21.337578   3.5135782  8.218158  12.792952   0.7752005
  2.3582692 -2.6884098  8.116338   3.16219  ]",,Do some math and ration food
55,1455,56,15,I will try to advise the team to manage with what we have till we get rescue,decision,,,Ahmed is the captain of a 50-passenger cruise ship. Four days into their trip they get caught in a storm and the engine breaks under the pressure. They are now stranded at sea. A rescue boat is on its way but might not arrive for a week. Their food supplies are quickly dwindling and Ahmed isn’t sure what to instruct the passengers and crew.,is the captain of a 50-passenger cruise ship . Four days into trip get caught in a storm and the engine breaks under the pressure . are now stranded at sea . A rescue boat is on way but might not arrive for a week . food supplies are quickly dwindling and isn ’ t sure what to instruct the passengers and crew . : will try to advise the team to manage with what have till get rescue,-3.6132867,20.718864,3.6828644,7.5356345,12.993496,1.6899464,1.4707181,-2.326087,8.650935,0.15033463,"[-3.6132867336273193, 20.71886444091797, 3.6828644275665283, 7.535634517669678, 12.99349594116211, 1.6899464130401611, 1.4707181453704834, -2.32608699798584, 8.650935173034668, 0.15033462643623352]",9.86829,18.795124,1,"[-3.6445827  20.663752    3.607818    7.4420924  12.94147     1.6022452
  1.3908336  -2.3558006   8.766497    0.20558095]",,I pray for a miracle to happen for all of us on the ship.
56,1456,57,15,I would do an inventory of all the supplies. Then make a quick accounting of the amount available per passenger. I would explain the situation and what they are allotted to them. ,decision,,,Ahmed is the captain of a 50-passenger cruise ship. Four days into their trip they get caught in a storm and the engine breaks under the pressure. They are now stranded at sea. A rescue boat is on its way but might not arrive for a week. Their food supplies are quickly dwindling and Ahmed isn’t sure what to instruct the passengers and crew.,is the captain of a 50-passenger cruise ship . Four days into trip get caught in a storm and the engine breaks under the pressure . are now stranded at sea . A rescue boat is on way but might not arrive for a week . food supplies are quickly dwindling and isn ’ t sure what to instruct the passengers and crew . : do an inventory of all the supplies . Then make a quick accounting of the amount available per passenger . explain the situation and what are allotted to .,-2.3786225,21.555485,3.074203,8.337037,12.665903,0.51878434,2.84702,-3.0335763,8.138294,3.5015755,"[-2.378622531890869, 21.555484771728516, 3.0742030143737793, 8.337037086486816, 12.665903091430664, 0.5187843441963196, 2.847019910812378, -3.033576250076294, 8.138294219970703, 3.501575469970703]",8.503382,25.539785,0,"[-2.4105294  21.398413    3.1327066   8.402012   12.56321     0.27548963
  2.769905   -2.7803721   8.022018    3.876833  ]",,Do some math and ration food
57,1457,58,15,"I would make a plan to ration, and i would radio for help to get a supply helicopter to bring more. ",decision,,,Ahmed is the captain of a 50-passenger cruise ship. Four days into their trip they get caught in a storm and the engine breaks under the pressure. They are now stranded at sea. A rescue boat is on its way but might not arrive for a week. Their food supplies are quickly dwindling and Ahmed isn’t sure what to instruct the passengers and crew.,"is the captain of a 50-passenger cruise ship . Four days into trip get caught in a storm and the engine breaks under the pressure . are now stranded at sea . A rescue boat is on way but might not arrive for a week . food supplies are quickly dwindling and isn ’ t sure what to instruct the passengers and crew . : make a plan to ration , and i radio for help to get a supply helicopter to bring more .",-2.9506133,21.153845,3.3736734,7.9728384,12.766108,0.77138966,2.1031115,-2.6665049,8.538288,2.355005,"[-2.950613260269165, 21.153844833374023, 3.373673439025879, 7.972838401794434, 12.766107559204102, 0.7713896632194519, 2.103111505508423, -2.6665048599243164, 8.538288116455078, 2.3550050258636475]",9.395603,23.409273,0,"[-2.7720344 21.198093   3.524655   8.050342  12.951804   1.1348985
  2.1959908 -2.8224287  8.259791   2.3755927]",,Do some math and ration food
58,1458,59,15,I would come up with a plan that structures access and distribution to food supplies.,decision,,,Ahmed is the captain of a 50-passenger cruise ship. Four days into their trip they get caught in a storm and the engine breaks under the pressure. They are now stranded at sea. A rescue boat is on its way but might not arrive for a week. Their food supplies are quickly dwindling and Ahmed isn’t sure what to instruct the passengers and crew.,is the captain of a 50-passenger cruise ship . Four days into trip get caught in a storm and the engine breaks under the pressure . are now stranded at sea . A rescue boat is on way but might not arrive for a week . food supplies are quickly dwindling and isn ’ t sure what to instruct the passengers and crew . : come up with a plan that structures access and distribution to food supplies .,-2.36852,21.622156,3.351666,8.249225,12.834487,0.4215291,2.6430879,-3.177413,8.20476,3.9260273,"[-2.3685200214385986, 21.622156143188477, 3.35166597366333, 8.249224662780762, 12.834486961364746, 0.4215291142463684, 2.643087863922119, -3.177412986755371, 8.20475959777832, 3.926027297973633]",8.374503,25.489023,0,"[-2.2230554 21.91202    3.4240985  8.400845  12.843192   0.5646142
  2.7558246 -3.032961   7.986595   4.058412 ]",,Do some math and ration food
59,1459,60,15,"Tell everyone to remain calm, inform people of the situation and that there might be a week wait for rescue. Let them know that food will be rationed out during this period so that everyone can survive the wait. Inform the crew of the plans to ration said food. ",decision,,,Ahmed is the captain of a 50-passenger cruise ship. Four days into their trip they get caught in a storm and the engine breaks under the pressure. They are now stranded at sea. A rescue boat is on its way but might not arrive for a week. Their food supplies are quickly dwindling and Ahmed isn’t sure what to instruct the passengers and crew.,"is the captain of a 50-passenger cruise ship . Four days into trip get caught in a storm and the engine breaks under the pressure . are now stranded at sea . A rescue boat is on way but might not arrive for a week . food supplies are quickly dwindling and isn ’ t sure what to instruct the passengers and crew . : Tell everyone to remain calm , inform people of the situation and that there might be a week wait for rescue . Let know that food will be rationed out during this period so that everyone can survive the wait . Inform the crew of the plans to ration said food .",-2.660301,21.231407,3.641631,8.298688,12.996241,1.2756335,2.274909,-2.6331031,8.10084,2.4532466,"[-2.6603009700775146, 21.231407165527344, 3.6416308879852295, 8.298687934875488, 12.996240615844727, 1.275633454322815, 2.274909019470215, -2.633103132247925, 8.100839614868164, 2.453246593475342]",8.589523,23.012741,0,"[-2.7720344 21.198093   3.524655   8.050342  12.951804   1.1348985
  2.1959908 -2.8224287  8.259791   2.3755927]",,Do some math and ration food
60,1460,61,15,I would try my best to explain the situation in a way that would not make them panic too much.,decision,,,Ahmed is the captain of a 50-passenger cruise ship. Four days into their trip they get caught in a storm and the engine breaks under the pressure. They are now stranded at sea. A rescue boat is on its way but might not arrive for a week. Their food supplies are quickly dwindling and Ahmed isn’t sure what to instruct the passengers and crew.,is the captain of a 50-passenger cruise ship . Four days into trip get caught in a storm and the engine breaks under the pressure . are now stranded at sea . A rescue boat is on way but might not arrive for a week . food supplies are quickly dwindling and isn ’ t sure what to instruct the passengers and crew . : try best to explain the situation in a way that not make panic too much .,-3.6655545,20.762499,3.6927617,7.5183234,13.168024,1.9001476,1.4089206,-2.4206257,8.771208,-0.46308395,"[-3.6655545234680176, 20.76249885559082, 3.6927616596221924, 7.5183234214782715, 13.168024063110352, 1.900147557258606, 1.4089206457138062, -2.420625686645508, 8.771207809448242, -0.463083952665329]",9.777977,18.041718,1,"[-3.4471822  20.666515    3.9385123   7.3813643  13.241526    2.029008
  1.4364113  -2.2672248   8.528932   -0.19538808]",,I pray for a miracle to happen for all of us on the ship.
61,1461,62,15,Tell them to stay calm and the situation is under control.,decision,,,Ahmed is the captain of a 50-passenger cruise ship. Four days into their trip they get caught in a storm and the engine breaks under the pressure. They are now stranded at sea. A rescue boat is on its way but might not arrive for a week. Their food supplies are quickly dwindling and Ahmed isn’t sure what to instruct the passengers and crew.,is the captain of a 50-passenger cruise ship . Four days into trip get caught in a storm and the engine breaks under the pressure . are now stranded at sea . A rescue boat is on way but might not arrive for a week . food supplies are quickly dwindling and isn ’ t sure what to instruct the passengers and crew . : Tell to stay calm and the situation is under control .,-3.1991525,20.997816,3.8296485,7.57745,14.167772,2.3240366,1.6277878,-2.9034197,8.898898,-0.59279376,"[-3.1991524696350098, 20.99781608581543, 3.829648494720459, 7.577449798583984, 14.16777229309082, 2.3240365982055664, 1.6277878284454346, -2.9034197330474854, 8.898898124694824, -0.5927937626838684]",8.543344,17.183743,1,"[-3.2833366  20.987505    3.8097646   7.5450077  13.942098    2.1630592
  1.5749658  -2.8369474   8.920529   -0.47967017]",,I pray for a miracle to happen for all of us on the ship.
62,1462,63,15,Make a plan with all involved ,decision,,,Ahmed is the captain of a 50-passenger cruise ship. Four days into their trip they get caught in a storm and the engine breaks under the pressure. They are now stranded at sea. A rescue boat is on its way but might not arrive for a week. Their food supplies are quickly dwindling and Ahmed isn’t sure what to instruct the passengers and crew.,is the captain of a 50-passenger cruise ship . Four days into trip get caught in a storm and the engine breaks under the pressure . are now stranded at sea . A rescue boat is on way but might not arrive for a week . food supplies are quickly dwindling and isn ’ t sure what to instruct the passengers and crew . : Make a plan with all involved,-3.6365347,20.448393,3.6736367,7.088273,13.064668,1.7343783,1.246372,-2.4013717,8.7709055,0.04739436,"[-3.6365346908569336, 20.448392868041992, 3.6736366748809814, 7.088273048400879, 13.064667701721191, 1.7343783378601074, 1.2463719844818115, -2.401371717453003, 8.770905494689941, 0.04739436134696007]",10.108232,18.818117,1,"[-3.6445827  20.663752    3.607818    7.4420924  12.94147     1.6022452
  1.3908336  -2.3558006   8.766497    0.20558095]",,I pray for a miracle to happen for all of us on the ship.
63,1463,64,15,"The passanger is high rate and good,",decision,,,Ahmed is the captain of a 50-passenger cruise ship. Four days into their trip they get caught in a storm and the engine breaks under the pressure. They are now stranded at sea. A rescue boat is on its way but might not arrive for a week. Their food supplies are quickly dwindling and Ahmed isn’t sure what to instruct the passengers and crew.,"is the captain of a 50-passenger cruise ship . Four days into trip get caught in a storm and the engine breaks under the pressure . are now stranded at sea . A rescue boat is on way but might not arrive for a week . food supplies are quickly dwindling and isn ’ t sure what to instruct the passengers and crew . : The passanger is high rate and good ,",-3.8980162,20.867422,3.609419,7.405512,12.846158,1.6524136,1.124212,-2.1824772,8.602425,-0.23299673,"[-3.8980162143707275, 20.867422103881836, 3.609419107437134, 7.405511856079102, 12.846158027648926, 1.6524136066436768, 1.1242120265960693, -2.1824772357940674, 8.602424621582031, -0.23299673199653625]",10.3013735,18.36285,1,"[-3.9400773 20.582375   3.681353   7.343179  12.986776   1.7244117
  1.1226583 -2.1522439  8.818167  -0.388404 ]",,I pray for a miracle to happen for all of us on the ship.
64,1464,65,15,Explain to passengers and crew the situation and that food and water should be carefully rationed,decision,,,Ahmed is the captain of a 50-passenger cruise ship. Four days into their trip they get caught in a storm and the engine breaks under the pressure. They are now stranded at sea. A rescue boat is on its way but might not arrive for a week. Their food supplies are quickly dwindling and Ahmed isn’t sure what to instruct the passengers and crew.,is the captain of a 50-passenger cruise ship . Four days into trip get caught in a storm and the engine breaks under the pressure . are now stranded at sea . A rescue boat is on way but might not arrive for a week . food supplies are quickly dwindling and isn ’ t sure what to instruct the passengers and crew . : Explain to passengers and crew the situation and that food and water be carefully rationed,-2.5845153,21.248749,3.4647439,8.206893,12.930346,1.1193622,2.322877,-2.76278,8.129243,2.5231793,"[-2.584515333175659, 21.248748779296875, 3.4647438526153564, 8.206892967224121, 12.93034553527832, 1.119362235069275, 2.3228769302368164, -2.762779951095581, 8.129242897033691, 2.523179292678833]",8.671618,23.47393,0,"[-2.7720344 21.198093   3.524655   8.050342  12.951804   1.1348985
  2.1959908 -2.8224287  8.259791   2.3755927]",,Do some math and ration food
65,1465,66,15,I would instruct that we need to ration food and everyone should stay calm and know that rescue is on the way,decision,,,Ahmed is the captain of a 50-passenger cruise ship. Four days into their trip they get caught in a storm and the engine breaks under the pressure. They are now stranded at sea. A rescue boat is on its way but might not arrive for a week. Their food supplies are quickly dwindling and Ahmed isn’t sure what to instruct the passengers and crew.,is the captain of a 50-passenger cruise ship . Four days into trip get caught in a storm and the engine breaks under the pressure . are now stranded at sea . A rescue boat is on way but might not arrive for a week . food supplies are quickly dwindling and isn ’ t sure what to instruct the passengers and crew . : instruct that need to ration food and everyone stay calm and know that rescue is on the way,-2.7242994,21.195635,3.5962129,8.148017,13.049836,1.320364,2.216603,-2.7457235,8.196733,2.16467,"[-2.724299430847168, 21.195634841918945, 3.596212863922119, 8.148016929626465, 13.049836158752441, 1.320363998413086, 2.2166030406951904, -2.7457234859466553, 8.196733474731445, 2.164669990539551]",8.736427,22.787218,0,"[-2.7720344 21.198093   3.524655   8.050342  12.951804   1.1348985
  2.1959908 -2.8224287  8.259791   2.3755927]",,Do some math and ration food
66,1466,67,15,Take stock of supplies and ration as needed,decision,,,Ahmed is the captain of a 50-passenger cruise ship. Four days into their trip they get caught in a storm and the engine breaks under the pressure. They are now stranded at sea. A rescue boat is on its way but might not arrive for a week. Their food supplies are quickly dwindling and Ahmed isn’t sure what to instruct the passengers and crew.,is the captain of a 50-passenger cruise ship . Four days into trip get caught in a storm and the engine breaks under the pressure . are now stranded at sea . A rescue boat is on way but might not arrive for a week . food supplies are quickly dwindling and isn ’ t sure what to instruct the passengers and crew . : Take stock of supplies and ration as needed,-2.6822844,21.251219,3.2517345,8.161025,12.768357,0.94939524,2.4778674,-2.776289,8.191439,2.5811257,"[-2.682284355163574, 21.251218795776367, 3.251734495162964, 8.161025047302246, 12.768357276916504, 0.9493952393531799, 2.477867364883423, -2.7762889862060547, 8.191438674926758, 2.5811257362365723]",8.5141325,23.53002,0,"[-2.7720344 21.198093   3.524655   8.050342  12.951804   1.1348985
  2.1959908 -2.8224287  8.259791   2.3755927]",,Do some math and ration food
67,1467,68,15,"I would divide the 50 passengers into groups; 5 groups of 10. They will elect the group's leader and I will divide resources among us, entrusting them to each group's leader to use responsibly. ",decision,,,Ahmed is the captain of a 50-passenger cruise ship. Four days into their trip they get caught in a storm and the engine breaks under the pressure. They are now stranded at sea. A rescue boat is on its way but might not arrive for a week. Their food supplies are quickly dwindling and Ahmed isn’t sure what to instruct the passengers and crew.,"is the captain of a 50-passenger cruise ship . Four days into trip get caught in a storm and the engine breaks under the pressure . are now stranded at sea . A rescue boat is on way but might not arrive for a week . food supplies are quickly dwindling and isn ’ t sure what to instruct the passengers and crew . : divide the 50 passengers into groups ; 5 groups of 10 . will elect the group 's leader and will divide resources among , entrusting to each group 's leader to use responsibly .",-3.212495,20.878504,3.609031,7.4705095,12.760956,1.504855,1.6007476,-2.5758793,8.384971,0.9718622,"[-3.2124950885772705, 20.878503799438477, 3.6090309619903564, 7.4705095291137695, 12.760955810546875, 1.5048550367355347, 1.6007475852966309, -2.5758793354034424, 8.384970664978027, 0.9718621969223022]",9.500226,20.943811,1,"[-3.6445827  20.663752    3.607818    7.4420924  12.94147     1.6022452
  1.3908336  -2.3558006   8.766497    0.20558095]",,I pray for a miracle to happen for all of us on the ship.
68,1468,69,15,"With food being sparce, I would distribute food in a method to assure we can last longer than a week and push a water heavy diet and good resting to maintain our energy and attitudes.",decision,,,Ahmed is the captain of a 50-passenger cruise ship. Four days into their trip they get caught in a storm and the engine breaks under the pressure. They are now stranded at sea. A rescue boat is on its way but might not arrive for a week. Their food supplies are quickly dwindling and Ahmed isn’t sure what to instruct the passengers and crew.,"is the captain of a 50-passenger cruise ship . Four days into trip get caught in a storm and the engine breaks under the pressure . are now stranded at sea . A rescue boat is on way but might not arrive for a week . food supplies are quickly dwindling and isn ’ t sure what to instruct the passengers and crew . : With food being sparce , distribute food in a method to assure can last longer than a week and push a water heavy diet and good resting to maintain energy and attitudes .",-2.2794397,21.698042,3.3659384,8.343734,12.765453,0.28066894,2.6903553,-3.102674,8.099115,4.236654,"[-2.279439687728882, 21.698041915893555, 3.365938425064087, 8.343733787536621, 12.765453338623047, 0.2806689441204071, 2.6903553009033203, -3.1026740074157715, 8.099115371704102, 4.236653804779053]",8.701952,25.996788,0,"[-2.2230554 21.91202    3.4240985  8.400845  12.843192   0.5646142
  2.7558246 -3.032961   7.986595   4.058412 ]",,Do some math and ration food
69,1469,70,15,Show people how to fish,decision,,,Ahmed is the captain of a 50-passenger cruise ship. Four days into their trip they get caught in a storm and the engine breaks under the pressure. They are now stranded at sea. A rescue boat is on its way but might not arrive for a week. Their food supplies are quickly dwindling and Ahmed isn’t sure what to instruct the passengers and crew.,is the captain of a 50-passenger cruise ship . Four days into trip get caught in a storm and the engine breaks under the pressure . are now stranded at sea . A rescue boat is on way but might not arrive for a week . food supplies are quickly dwindling and isn ’ t sure what to instruct the passengers and crew . : Show people how to fish,-4.9601793,19.17994,4.6822495,5.688293,13.072043,1.8928986,-0.35753953,-0.81206226,8.499577,0.7681734,"[-4.960179328918457, 19.17993927001953, 4.682249546051025, 5.688292980194092, 13.072043418884277, 1.8928985595703125, -0.3575395345687866, -0.8120622634887695, 8.499576568603516, 0.7681733965873718]",13.711302,19.4596,2,"[-4.8689456  19.327238    4.543908    5.8250856  13.081804    1.767133
 -0.2748394  -0.8905132   8.488439    0.82249075]",,Tell everyone to start fishing and boiling water so you have food and clean water. 
70,1470,71,15,"Keep the food and water under my supervision, ration the remaining supplies and find containers to store easch individual's urine.",decision,,,Ahmed is the captain of a 50-passenger cruise ship. Four days into their trip they get caught in a storm and the engine breaks under the pressure. They are now stranded at sea. A rescue boat is on its way but might not arrive for a week. Their food supplies are quickly dwindling and Ahmed isn’t sure what to instruct the passengers and crew.,"is the captain of a 50-passenger cruise ship . Four days into trip get caught in a storm and the engine breaks under the pressure . are now stranded at sea . A rescue boat is on way but might not arrive for a week . food supplies are quickly dwindling and isn ’ t sure what to instruct the passengers and crew . : Keep the food and water under supervision , ration the remaining supplies and find containers to store easch individual 's urine .",-2.7241373,21.232553,3.3703077,8.026914,12.835662,0.9468304,2.3632998,-2.8343604,8.230005,2.6067917,"[-2.724137306213379, 21.232553482055664, 3.370307683944702, 8.0269136428833, 12.835661888122559, 0.9468303918838501, 2.36329984664917, -2.834360361099243, 8.230005264282227, 2.6067917346954346]",8.952054,23.353794,0,"[-2.7720344 21.198093   3.524655   8.050342  12.951804   1.1348985
  2.1959908 -2.8224287  8.259791   2.3755927]",,Do some math and ration food
71,1471,72,15,50-passenger cruise ship,decision,,,Ahmed is the captain of a 50-passenger cruise ship. Four days into their trip they get caught in a storm and the engine breaks under the pressure. They are now stranded at sea. A rescue boat is on its way but might not arrive for a week. Their food supplies are quickly dwindling and Ahmed isn’t sure what to instruct the passengers and crew.,is the captain of a 50-passenger cruise ship . Four days into trip get caught in a storm and the engine breaks under the pressure . are now stranded at sea . A rescue boat is on way but might not arrive for a week . food supplies are quickly dwindling and isn ’ t sure what to instruct the passengers and crew . : 50-passenger cruise ship,-3.987066,20.790377,3.6668568,7.35318,12.844164,1.6398755,1.0815659,-2.1094723,8.580604,-0.15278234,"[-3.9870660305023193, 20.790376663208008, 3.6668567657470703, 7.353179931640625, 12.84416389465332, 1.6398755311965942, 1.0815658569335938, -2.1094722747802734, 8.58060359954834, -0.15278233587741852]",10.460386,18.543827,1,"[-3.9400773 20.582375   3.681353   7.343179  12.986776   1.7244117
  1.1226583 -2.1522439  8.818167  -0.388404 ]",,I pray for a miracle to happen for all of us on the ship.
72,1472,73,15,I would tell the passengers and crew the details of our predicament and let them know if might be a week before help arrives so we will need to start rationing food.,decision,,,Ahmed is the captain of a 50-passenger cruise ship. Four days into their trip they get caught in a storm and the engine breaks under the pressure. They are now stranded at sea. A rescue boat is on its way but might not arrive for a week. Their food supplies are quickly dwindling and Ahmed isn’t sure what to instruct the passengers and crew.,is the captain of a 50-passenger cruise ship . Four days into trip get caught in a storm and the engine breaks under the pressure . are now stranded at sea . A rescue boat is on way but might not arrive for a week . food supplies are quickly dwindling and isn ’ t sure what to instruct the passengers and crew . : tell the passengers and crew the details of predicament and let know if might be a week before help arrives so will need to start rationing food .,-2.5786202,21.28439,3.6474338,8.374274,12.941975,1.1993018,2.3263505,-2.5757983,8.039962,2.6599417,"[-2.578620195388794, 21.28438949584961, 3.6474337577819824, 8.374274253845215, 12.941974639892578, 1.199301838874817, 2.326350450515747, -2.575798273086548, 8.039961814880371, 2.6599416732788086]",8.44346,23.629189,0,"[-2.7720344 21.198093   3.524655   8.050342  12.951804   1.1348985
  2.1959908 -2.8224287  8.259791   2.3755927]",,Do some math and ration food
73,1473,74,15,I give some help for engine starting problem.,decision,,,Ahmed is the captain of a 50-passenger cruise ship. Four days into their trip they get caught in a storm and the engine breaks under the pressure. They are now stranded at sea. A rescue boat is on its way but might not arrive for a week. Their food supplies are quickly dwindling and Ahmed isn’t sure what to instruct the passengers and crew.,is the captain of a 50-passenger cruise ship . Four days into trip get caught in a storm and the engine breaks under the pressure . are now stranded at sea . A rescue boat is on way but might not arrive for a week . food supplies are quickly dwindling and isn ’ t sure what to instruct the passengers and crew . : give some help for engine starting problem .,-4.5683165,20.721886,3.6053264,7.2252703,13.035419,1.9722251,0.8711341,-1.6024914,8.54833,-1.3858441,"[-4.568316459655762, 20.721885681152344, 3.6053264141082764, 7.2252702713012695, 13.035419464111328, 1.9722250699996948, 0.8711341023445129, -1.6024913787841797, 8.548330307006836, -1.385844111442566]",11.056122,16.79017,3,"[-4.5539865  20.74448     3.5389936   7.2325172  12.953913    1.9741645
  0.93553674 -1.6603737   8.506085   -1.3944145 ]",,I would attempt to repair the engine.
74,1474,75,15,"I would be honest with my crew but tell them we will be okay if we can eat sparingly and stick together as a team, as to prevent chaos and panic.",decision,,,Ahmed is the captain of a 50-passenger cruise ship. Four days into their trip they get caught in a storm and the engine breaks under the pressure. They are now stranded at sea. A rescue boat is on its way but might not arrive for a week. Their food supplies are quickly dwindling and Ahmed isn’t sure what to instruct the passengers and crew.,"is the captain of a 50-passenger cruise ship . Four days into trip get caught in a storm and the engine breaks under the pressure . are now stranded at sea . A rescue boat is on way but might not arrive for a week . food supplies are quickly dwindling and isn ’ t sure what to instruct the passengers and crew . : be honest with crew but tell will be okay if can eat sparingly and stick together as a team , as to prevent chaos and panic .",-2.648204,21.25766,3.8196223,8.153586,13.012159,1.1303062,2.094012,-2.915351,8.141504,2.9209456,"[-2.6482040882110596, 21.257659912109375, 3.819622278213501, 8.153586387634277, 13.01215934753418, 1.1303062438964844, 2.0940120220184326, -2.915350914001465, 8.141504287719727, 2.920945644378662]",8.930164,23.740704,0,"[-2.7724068 21.371      3.7459974  7.9590554 12.884674   0.7567073
  2.0065956 -2.9518974  8.444245   3.1534615]",,Do some math and ration food
75,1475,76,15,I would announce that we are rationing food over the next week until help arrives.,decision,,,Ahmed is the captain of a 50-passenger cruise ship. Four days into their trip they get caught in a storm and the engine breaks under the pressure. They are now stranded at sea. A rescue boat is on its way but might not arrive for a week. Their food supplies are quickly dwindling and Ahmed isn’t sure what to instruct the passengers and crew.,is the captain of a 50-passenger cruise ship . Four days into trip get caught in a storm and the engine breaks under the pressure . are now stranded at sea . A rescue boat is on way but might not arrive for a week . food supplies are quickly dwindling and isn ’ t sure what to instruct the passengers and crew . : announce that are rationing food over the next week until help arrives .,-2.55197,21.319355,3.4564593,8.339504,12.75241,0.69857246,2.4652483,-2.581171,8.008029,3.305572,"[-2.5519700050354004, 21.319355010986328, 3.4564592838287354, 8.33950424194336, 12.752409934997559, 0.6985724568367004, 2.4652483463287354, -2.5811710357666016, 8.008028984069824, 3.305572032928467]",8.342365,24.437925,0,"[-2.6063912 21.337578   3.5135782  8.218158  12.792952   0.7752005
  2.3582692 -2.6884098  8.116338   3.16219  ]",,Do some math and ration food
76,1476,77,15,"I would have to firstly cut food down to rations, and then explain the situation to everyone and make sure they know this isn't good and if we want to survive we must all work together.",decision,,,Ahmed is the captain of a 50-passenger cruise ship. Four days into their trip they get caught in a storm and the engine breaks under the pressure. They are now stranded at sea. A rescue boat is on its way but might not arrive for a week. Their food supplies are quickly dwindling and Ahmed isn’t sure what to instruct the passengers and crew.,"is the captain of a 50-passenger cruise ship . Four days into trip get caught in a storm and the engine breaks under the pressure . are now stranded at sea . A rescue boat is on way but might not arrive for a week . food supplies are quickly dwindling and isn ’ t sure what to instruct the passengers and crew . : have to firstly cut food down to rations , and then explain the situation to everyone and make sure know this is n't good and if want to survive must all work together .",-2.94377,21.194649,3.5817475,7.8265915,12.798632,0.9861741,2.0516334,-2.736392,8.328966,2.482232,"[-2.943769931793213, 21.19464874267578, 3.581747531890869, 7.826591491699219, 12.79863166809082, 0.9861741065979004, 2.051633358001709, -2.736392021179199, 8.32896614074707, 2.482232093811035]",9.1057625,23.102562,0,"[-2.7720344 21.198093   3.524655   8.050342  12.951804   1.1348985
  2.1959908 -2.8224287  8.259791   2.3755927]",,Do some math and ration food
77,1477,78,15,Hold a meeting and count supplies ,decision,,,Ahmed is the captain of a 50-passenger cruise ship. Four days into their trip they get caught in a storm and the engine breaks under the pressure. They are now stranded at sea. A rescue boat is on its way but might not arrive for a week. Their food supplies are quickly dwindling and Ahmed isn’t sure what to instruct the passengers and crew.,is the captain of a 50-passenger cruise ship . Four days into trip get caught in a storm and the engine breaks under the pressure . are now stranded at sea . A rescue boat is on way but might not arrive for a week . food supplies are quickly dwindling and isn ’ t sure what to instruct the passengers and crew . : Hold a meeting and count supplies,-2.4476402,21.478554,3.0752006,8.285405,12.654502,0.5525957,2.7888846,-2.9904203,8.163197,3.345087,"[-2.4476401805877686, 21.478553771972656, 3.0752005577087402, 8.285405158996582, 12.654501914978027, 0.5525956749916077, 2.7888846397399902, -2.990420341491699, 8.163196563720703, 3.3450870513916016]",8.472018,25.482525,0,"[-2.4105294  21.398413    3.1327066   8.402012   12.56321     0.27548963
  2.769905   -2.7803721   8.022018    3.876833  ]",,Do some math and ration food
78,1478,79,15,I would take a deep breath and then calculate how many supplies we have and how much we could eat each day to make it last then I would instruct everyone accordingly.,decision,,,Ahmed is the captain of a 50-passenger cruise ship. Four days into their trip they get caught in a storm and the engine breaks under the pressure. They are now stranded at sea. A rescue boat is on its way but might not arrive for a week. Their food supplies are quickly dwindling and Ahmed isn’t sure what to instruct the passengers and crew.,is the captain of a 50-passenger cruise ship . Four days into trip get caught in a storm and the engine breaks under the pressure . are now stranded at sea . A rescue boat is on way but might not arrive for a week . food supplies are quickly dwindling and isn ’ t sure what to instruct the passengers and crew . : take a deep breath and then calculate how many supplies have and how much eat each day to make last then instruct everyone accordingly .,-2.4431102,21.521473,3.236049,8.246817,12.67989,0.41052347,2.664367,-3.0687604,8.234117,3.6848476,"[-2.443110227584839, 21.521472930908203, 3.236048936843872, 8.246816635131836, 12.679889678955078, 0.4105234742164612, 2.6643669605255127, -3.068760395050049, 8.234116554260254, 3.684847593307495]",8.698469,25.487236,0,"[-2.4105294  21.398413    3.1327066   8.402012   12.56321     0.27548963
  2.769905   -2.7803721   8.022018    3.876833  ]",,Do some math and ration food
79,1479,80,15,I would be honest with both crew and passengers and tell them that we will need to ration food until rescue.,decision,,,Ahmed is the captain of a 50-passenger cruise ship. Four days into their trip they get caught in a storm and the engine breaks under the pressure. They are now stranded at sea. A rescue boat is on its way but might not arrive for a week. Their food supplies are quickly dwindling and Ahmed isn’t sure what to instruct the passengers and crew.,is the captain of a 50-passenger cruise ship . Four days into trip get caught in a storm and the engine breaks under the pressure . are now stranded at sea . A rescue boat is on way but might not arrive for a week . food supplies are quickly dwindling and isn ’ t sure what to instruct the passengers and crew . : be honest with both crew and passengers and tell that will need to ration food until rescue .,-2.5657408,21.300484,3.7378564,8.276878,12.95971,1.1053829,2.2197042,-2.7734294,8.067131,2.9390833,"[-2.5657408237457275, 21.30048370361328, 3.737856388092041, 8.276878356933594, 12.959710121154785, 1.1053829193115234, 2.2197041511535645, -2.7734293937683105, 8.067131042480469, 2.9390833377838135]",8.554174,23.94894,0,"[-2.6063912 21.337578   3.5135782  8.218158  12.792952   0.7752005
  2.3582692 -2.6884098  8.116338   3.16219  ]",,Do some math and ration food
80,1480,81,15,First I would check the food supply and start ration it out and try to make it last us for as long as possible and then I would try to keep everyone calm and tell them what is going on.,decision,,,Ahmed is the captain of a 50-passenger cruise ship. Four days into their trip they get caught in a storm and the engine breaks under the pressure. They are now stranded at sea. A rescue boat is on its way but might not arrive for a week. Their food supplies are quickly dwindling and Ahmed isn’t sure what to instruct the passengers and crew.,is the captain of a 50-passenger cruise ship . Four days into trip get caught in a storm and the engine breaks under the pressure . are now stranded at sea . A rescue boat is on way but might not arrive for a week . food supplies are quickly dwindling and isn ’ t sure what to instruct the passengers and crew . : First check the food supply and start ration out and try to make last for as long as possible and then try to keep everyone calm and tell what is going on .,-2.8045716,21.142344,3.5033538,8.089775,12.989226,1.2014083,2.1022468,-2.7849288,8.300756,2.1772892,"[-2.8045716285705566, 21.142343521118164, 3.5033538341522217, 8.089775085449219, 12.989226341247559, 1.2014082670211792, 2.1022467613220215, -2.784928798675537, 8.300756454467773, 2.1772892475128174]",8.966798,22.714342,0,"[-2.7720344 21.198093   3.524655   8.050342  12.951804   1.1348985
  2.1959908 -2.8224287  8.259791   2.3755927]",,Do some math and ration food
81,1481,82,15,Everyone on board would have to start rationing food.,decision,,,Ahmed is the captain of a 50-passenger cruise ship. Four days into their trip they get caught in a storm and the engine breaks under the pressure. They are now stranded at sea. A rescue boat is on its way but might not arrive for a week. Their food supplies are quickly dwindling and Ahmed isn’t sure what to instruct the passengers and crew.,is the captain of a 50-passenger cruise ship . Four days into trip get caught in a storm and the engine breaks under the pressure . are now stranded at sea . A rescue boat is on way but might not arrive for a week . food supplies are quickly dwindling and isn ’ t sure what to instruct the passengers and crew . : Everyone on board have to start rationing food .,-2.828267,21.347021,3.5023484,7.917824,12.732948,0.49170327,2.1805806,-2.737247,8.476402,3.152198,"[-2.8282670974731445, 21.347021102905273, 3.5023484230041504, 7.917823791503906, 12.732948303222656, 0.4917032718658447, 2.1805806159973145, -2.7372469902038574, 8.476402282714844, 3.152198076248169]",9.326825,24.251896,0,"[-2.7724068 21.371      3.7459974  7.9590554 12.884674   0.7567073
  2.0065956 -2.9518974  8.444245   3.1534615]",,Do some math and ration food
82,1482,83,15,"Well firstly, I'd panic. I assume as a trained captain of a cruise ship that there are procedures related to this instance. I guess I would start by rationing the food.",decision,,,Ahmed is the captain of a 50-passenger cruise ship. Four days into their trip they get caught in a storm and the engine breaks under the pressure. They are now stranded at sea. A rescue boat is on its way but might not arrive for a week. Their food supplies are quickly dwindling and Ahmed isn’t sure what to instruct the passengers and crew.,"is the captain of a 50-passenger cruise ship . Four days into trip get caught in a storm and the engine breaks under the pressure . are now stranded at sea . A rescue boat is on way but might not arrive for a week . food supplies are quickly dwindling and isn ’ t sure what to instruct the passengers and crew . : Well firstly , 'd panic . assume as a trained captain of a cruise ship that there are procedures related to this instance . guess start by rationing the food .",-2.6090868,21.162146,3.5322452,7.999521,13.084556,1.2867401,2.3319802,-2.9215574,8.18686,2.2614813,"[-2.609086751937866, 21.162145614624023, 3.53224515914917, 7.999520778656006, 13.084555625915527, 1.2867400646209717, 2.3319802284240723, -2.9215574264526367, 8.186860084533691, 2.261481285095215]",8.531082,23.001354,0,"[-2.7720344 21.198093   3.524655   8.050342  12.951804   1.1348985
  2.1959908 -2.8224287  8.259791   2.3755927]",,Do some math and ration food
83,1483,84,15,tell them to ration food,decision,,,Ahmed is the captain of a 50-passenger cruise ship. Four days into their trip they get caught in a storm and the engine breaks under the pressure. They are now stranded at sea. A rescue boat is on its way but might not arrive for a week. Their food supplies are quickly dwindling and Ahmed isn’t sure what to instruct the passengers and crew.,is the captain of a 50-passenger cruise ship . Four days into trip get caught in a storm and the engine breaks under the pressure . are now stranded at sea . A rescue boat is on way but might not arrive for a week . food supplies are quickly dwindling and isn ’ t sure what to instruct the passengers and crew . : tell to ration food,-2.3447816,21.629942,3.4926555,8.437484,12.774297,0.60454667,2.5962207,-2.728012,7.9191895,3.8222826,"[-2.3447816371917725, 21.629941940307617, 3.4926555156707764, 8.437483787536621, 12.774296760559082, 0.6045466661453247, 2.5962207317352295, -2.7280120849609375, 7.919189453125, 3.822282552719116]",8.251469,25.147896,0,"[-2.2230554 21.91202    3.4240985  8.400845  12.843192   0.5646142
  2.7558246 -3.032961   7.986595   4.058412 ]",,Do some math and ration food
84,1484,85,15,I would be honest with the passengers and work with them to make sure the food will last.,decision,,,Ahmed is the captain of a 50-passenger cruise ship. Four days into their trip they get caught in a storm and the engine breaks under the pressure. They are now stranded at sea. A rescue boat is on its way but might not arrive for a week. Their food supplies are quickly dwindling and Ahmed isn’t sure what to instruct the passengers and crew.,is the captain of a 50-passenger cruise ship . Four days into trip get caught in a storm and the engine breaks under the pressure . are now stranded at sea . A rescue boat is on way but might not arrive for a week . food supplies are quickly dwindling and isn ’ t sure what to instruct the passengers and crew . : be honest with the passengers and work with to make sure the food will last .,-2.7372775,21.376995,3.8582504,8.091163,12.904791,0.9399195,1.9651108,-3.031904,8.321221,3.2466986,"[-2.7372775077819824, 21.376995086669922, 3.858250379562378, 8.09116268157959, 12.904790878295898, 0.9399194717407227, 1.9651107788085938, -3.0319039821624756, 8.321221351623535, 3.2466986179351807]",9.0926695,24.201387,0,"[-2.7724068 21.371      3.7459974  7.9590554 12.884674   0.7567073
  2.0065956 -2.9518974  8.444245   3.1534615]",,Do some math and ration food
85,1485,86,15,I am follow the instruct,decision,,,Ahmed is the captain of a 50-passenger cruise ship. Four days into their trip they get caught in a storm and the engine breaks under the pressure. They are now stranded at sea. A rescue boat is on its way but might not arrive for a week. Their food supplies are quickly dwindling and Ahmed isn’t sure what to instruct the passengers and crew.,is the captain of a 50-passenger cruise ship . Four days into trip get caught in a storm and the engine breaks under the pressure . are now stranded at sea . A rescue boat is on way but might not arrive for a week . food supplies are quickly dwindling and isn ’ t sure what to instruct the passengers and crew . : am follow the instruct,-3.865932,20.77312,3.6785204,7.4295144,12.937482,1.6852008,1.222747,-2.2993562,8.66264,-0.16485451,"[-3.865931987762451, 20.773120880126953, 3.678520441055298, 7.429514408111572, 12.937481880187988, 1.685200810432434, 1.2227469682693481, -2.29935622215271, 8.662639617919922, -0.1648545116186142]",10.162274,18.297606,1,"[-3.9400773 20.582375   3.681353   7.343179  12.986776   1.7244117
  1.1226583 -2.1522439  8.818167  -0.388404 ]",,I pray for a miracle to happen for all of us on the ship.
86,1486,87,15,tell people they have to rationalize the food.,decision,,,Ahmed is the captain of a 50-passenger cruise ship. Four days into their trip they get caught in a storm and the engine breaks under the pressure. They are now stranded at sea. A rescue boat is on its way but might not arrive for a week. Their food supplies are quickly dwindling and Ahmed isn’t sure what to instruct the passengers and crew.,is the captain of a 50-passenger cruise ship . Four days into trip get caught in a storm and the engine breaks under the pressure . are now stranded at sea . A rescue boat is on way but might not arrive for a week . food supplies are quickly dwindling and isn ’ t sure what to instruct the passengers and crew . : tell people have to rationalize the food .,-2.6837952,21.469076,3.552334,8.036647,12.772331,0.557775,2.252085,-2.8885598,8.352087,3.4219353,"[-2.683795213699341, 21.46907615661621, 3.5523340702056885, 8.036646842956543, 12.772331237792969, 0.5577750205993652, 2.252084970474243, -2.8885598182678223, 8.352087020874023, 3.4219353199005127]",9.093031,24.883747,0,"[-2.7724068 21.371      3.7459974  7.9590554 12.884674   0.7567073
  2.0065956 -2.9518974  8.444245   3.1534615]",,Do some math and ration food
87,1487,88,15,"Let them know food will be distributed but it will be limited. There is rescue on the way, so just bare with it for a few days.",decision,,,Ahmed is the captain of a 50-passenger cruise ship. Four days into their trip they get caught in a storm and the engine breaks under the pressure. They are now stranded at sea. A rescue boat is on its way but might not arrive for a week. Their food supplies are quickly dwindling and Ahmed isn’t sure what to instruct the passengers and crew.,"is the captain of a 50-passenger cruise ship . Four days into trip get caught in a storm and the engine breaks under the pressure . are now stranded at sea . A rescue boat is on way but might not arrive for a week . food supplies are quickly dwindling and isn ’ t sure what to instruct the passengers and crew . : Let know food will be distributed but will be limited . There is rescue on the way , so just bare with for a few days .",-2.5943534,21.334312,3.6298988,8.360564,12.843579,0.97809863,2.311038,-2.6767042,8.080288,3.1213462,"[-2.594353437423706, 21.334312438964844, 3.6298987865448, 8.360564231872559, 12.843579292297363, 0.9780986309051514, 2.311038017272949, -2.676704168319702, 8.08028793334961, 3.1213462352752686]",8.381993,24.109282,0,"[-2.6063912 21.337578   3.5135782  8.218158  12.792952   0.7752005
  2.3582692 -2.6884098  8.116338   3.16219  ]",,Do some math and ration food
88,1488,89,15,I explained the situation to crew and asked some ideas,decision,,,Ahmed is the captain of a 50-passenger cruise ship. Four days into their trip they get caught in a storm and the engine breaks under the pressure. They are now stranded at sea. A rescue boat is on its way but might not arrive for a week. Their food supplies are quickly dwindling and Ahmed isn’t sure what to instruct the passengers and crew.,is the captain of a 50-passenger cruise ship . Four days into trip get caught in a storm and the engine breaks under the pressure . are now stranded at sea . A rescue boat is on way but might not arrive for a week . food supplies are quickly dwindling and isn ’ t sure what to instruct the passengers and crew . : explained the situation to crew and asked some ideas,-3.5063155,20.529993,3.884001,7.455204,13.224077,1.9928596,1.5243372,-2.30471,8.771562,-0.2560315,"[-3.5063154697418213, 20.529993057250977, 3.8840010166168213, 7.455204010009766, 13.224077224731445, 1.9928596019744873, 1.5243371725082397, -2.3047099113464355, 8.771561622619629, -0.25603151321411133]",9.614757,18.298798,1,"[-3.4471822  20.666515    3.9385123   7.3813643  13.241526    2.029008
  1.4364113  -2.2672248   8.528932   -0.19538808]",,I pray for a miracle to happen for all of us on the ship.
89,1489,90,15,I would institute strict rationing and hope for the best.,decision,,,Ahmed is the captain of a 50-passenger cruise ship. Four days into their trip they get caught in a storm and the engine breaks under the pressure. They are now stranded at sea. A rescue boat is on its way but might not arrive for a week. Their food supplies are quickly dwindling and Ahmed isn’t sure what to instruct the passengers and crew.,is the captain of a 50-passenger cruise ship . Four days into trip get caught in a storm and the engine breaks under the pressure . are now stranded at sea . A rescue boat is on way but might not arrive for a week . food supplies are quickly dwindling and isn ’ t sure what to instruct the passengers and crew . : institute strict rationing and hope for the best .,-2.5750465,21.31277,3.2688446,8.257635,12.606814,0.34954375,2.6092455,-2.55351,8.068307,3.6087162,"[-2.5750465393066406, 21.31277084350586, 3.2688446044921875, 8.257635116577148, 12.60681438446045, 0.3495437502861023, 2.609245538711548, -2.5535099506378174, 8.068306922912598, 3.6087162494659424]",8.841065,25.168762,0,"[-2.4105294  21.398413    3.1327066   8.402012   12.56321     0.27548963
  2.769905   -2.7803721   8.022018    3.876833  ]",,Do some math and ration food
90,1490,91,15,I would take food inventory.,decision,,,Ahmed is the captain of a 50-passenger cruise ship. Four days into their trip they get caught in a storm and the engine breaks under the pressure. They are now stranded at sea. A rescue boat is on its way but might not arrive for a week. Their food supplies are quickly dwindling and Ahmed isn’t sure what to instruct the passengers and crew.,is the captain of a 50-passenger cruise ship . Four days into trip get caught in a storm and the engine breaks under the pressure . are now stranded at sea . A rescue boat is on way but might not arrive for a week . food supplies are quickly dwindling and isn ’ t sure what to instruct the passengers and crew . : take food inventory .,-2.4922884,21.609184,3.545873,8.098425,12.930885,0.5908892,2.370148,-3.279381,8.38421,3.6123362,"[-2.49228835105896, 21.60918426513672, 3.545872926712036, 8.098424911499023, 12.930885314941406, 0.5908892154693604, 2.370147943496704, -3.279381036758423, 8.384209632873535, 3.6123361587524414]",8.886252,24.903946,0,"[-2.539899   21.376513    3.7032785   8.16124    13.059622    0.74750316
  2.236266   -3.401897    8.24102     3.61381   ]",,Do some math and ration food
91,1491,92,15," I would try and manage the remaining food supplies, and tell the fattest passengers to prepare to eat less. A lot less. ",decision,,,Ahmed is the captain of a 50-passenger cruise ship. Four days into their trip they get caught in a storm and the engine breaks under the pressure. They are now stranded at sea. A rescue boat is on its way but might not arrive for a week. Their food supplies are quickly dwindling and Ahmed isn’t sure what to instruct the passengers and crew.,"is the captain of a 50-passenger cruise ship . Four days into trip get caught in a storm and the engine breaks under the pressure . are now stranded at sea . A rescue boat is on way but might not arrive for a week . food supplies are quickly dwindling and isn ’ t sure what to instruct the passengers and crew . : try and manage the remaining food supplies , and tell the fattest passengers to prepare to eat less . A lot less .",-2.4426816,21.477083,3.9710054,8.262887,12.773622,0.38693076,1.9584627,-2.7491777,8.125152,4.182831,"[-2.4426815509796143, 21.477083206176758, 3.971005439758301, 8.262887001037598, 12.773621559143066, 0.38693076372146606, 1.9584627151489258, -2.7491776943206787, 8.125151634216309, 4.182830810546875]",9.975644,25.51112,0,"[-2.4586341 21.464603   3.7791696  8.267376  12.70135    0.3123808
  2.1076412 -2.852465   8.178061   4.177543 ]",,Do some math and ration food
92,1492,93,15,Start rationing food and make a plan,decision,,,Ahmed is the captain of a 50-passenger cruise ship. Four days into their trip they get caught in a storm and the engine breaks under the pressure. They are now stranded at sea. A rescue boat is on its way but might not arrive for a week. Their food supplies are quickly dwindling and Ahmed isn’t sure what to instruct the passengers and crew.,is the captain of a 50-passenger cruise ship . Four days into trip get caught in a storm and the engine breaks under the pressure . are now stranded at sea . A rescue boat is on way but might not arrive for a week . food supplies are quickly dwindling and isn ’ t sure what to instruct the passengers and crew . : Start rationing food and make a plan,-2.3374882,21.61704,3.355198,8.305656,12.775817,0.3693437,2.6825104,-3.169121,8.1644745,4.083765,"[-2.3374881744384766, 21.617040634155273, 3.3551979064941406, 8.305656433105469, 12.775816917419434, 0.36934369802474976, 2.6825103759765625, -3.169121026992798, 8.164474487304688, 4.083765029907227]",8.592496,25.832045,0,"[-2.2230554 21.91202    3.4240985  8.400845  12.843192   0.5646142
  2.7558246 -3.032961   7.986595   4.058412 ]",,Do some math and ration food
93,1493,94,15,Set up a daily routine and plan for food rationing.,decision,,,Ahmed is the captain of a 50-passenger cruise ship. Four days into their trip they get caught in a storm and the engine breaks under the pressure. They are now stranded at sea. A rescue boat is on its way but might not arrive for a week. Their food supplies are quickly dwindling and Ahmed isn’t sure what to instruct the passengers and crew.,is the captain of a 50-passenger cruise ship . Four days into trip get caught in a storm and the engine breaks under the pressure . are now stranded at sea . A rescue boat is on way but might not arrive for a week . food supplies are quickly dwindling and isn ’ t sure what to instruct the passengers and crew . : Set up a daily routine and plan for food rationing .,-2.3113034,21.501083,3.2402723,8.371229,12.6362505,0.2402977,2.7391365,-3.0642729,8.179143,4.155369,"[-2.3113033771514893, 21.501083374023438, 3.240272283554077, 8.37122917175293, 12.636250495910645, 0.24029770493507385, 2.7391364574432373, -3.064272880554199, 8.179142951965332, 4.155368804931641]",8.771925,26.195148,0,"[-2.4105294  21.398413    3.1327066   8.402012   12.56321     0.27548963
  2.769905   -2.7803721   8.022018    3.876833  ]",,Do some math and ration food
94,1494,95,15,I would think of how to catch fish,decision,,,Ahmed is the captain of a 50-passenger cruise ship. Four days into their trip they get caught in a storm and the engine breaks under the pressure. They are now stranded at sea. A rescue boat is on its way but might not arrive for a week. Their food supplies are quickly dwindling and Ahmed isn’t sure what to instruct the passengers and crew.,is the captain of a 50-passenger cruise ship . Four days into trip get caught in a storm and the engine breaks under the pressure . are now stranded at sea . A rescue boat is on way but might not arrive for a week . food supplies are quickly dwindling and isn ’ t sure what to instruct the passengers and crew . : think of how to catch fish,-4.9315057,19.310074,4.5898166,5.7734013,13.082947,1.7964756,-0.2832737,-0.81040937,8.500658,0.7907976,"[-4.9315056800842285, 19.310073852539062, 4.589816570281982, 5.773401260375977, 13.08294677734375, 1.7964756488800049, -0.28327369689941406, -0.8104093670845032, 8.50065803527832, 0.7907975912094116]",13.723495,19.515934,2,"[-4.8689456  19.327238    4.543908    5.8250856  13.081804    1.767133
 -0.2748394  -0.8905132   8.488439    0.82249075]",,Tell everyone to start fishing and boiling water so you have food and clean water. 
95,1495,96,15,ration the food,decision,,,Ahmed is the captain of a 50-passenger cruise ship. Four days into their trip they get caught in a storm and the engine breaks under the pressure. They are now stranded at sea. A rescue boat is on its way but might not arrive for a week. Their food supplies are quickly dwindling and Ahmed isn’t sure what to instruct the passengers and crew.,is the captain of a 50-passenger cruise ship . Four days into trip get caught in a storm and the engine breaks under the pressure . are now stranded at sea . A rescue boat is on way but might not arrive for a week . food supplies are quickly dwindling and isn ’ t sure what to instruct the passengers and crew . : ration the food,-2.412326,21.09307,3.082428,8.505657,12.412722,-0.34415936,2.749012,-2.6877127,7.9665604,4.576288,"[-2.4123260974884033, 21.093069076538086, 3.082427978515625, 8.505657196044922, 12.412721633911133, -0.3441593647003174, 2.749011993408203, -2.6877126693725586, 7.966560363769531, 4.576288223266602]",9.283284,27.007498,0,"[-2.329078   21.25354     3.1480563   8.463956   12.449426   -0.20846546
  2.7263842  -2.7515886   8.015783    4.524402  ]",,Do some math and ration food
96,1496,97,15,"I would instruct the crew of the situation, but try to keep the passengers from being too alarmed.  I would ration the dwindling supplies as best as possible.",decision,,,Ahmed is the captain of a 50-passenger cruise ship. Four days into their trip they get caught in a storm and the engine breaks under the pressure. They are now stranded at sea. A rescue boat is on its way but might not arrive for a week. Their food supplies are quickly dwindling and Ahmed isn’t sure what to instruct the passengers and crew.,"is the captain of a 50-passenger cruise ship . Four days into trip get caught in a storm and the engine breaks under the pressure . are now stranded at sea . A rescue boat is on way but might not arrive for a week . food supplies are quickly dwindling and isn ’ t sure what to instruct the passengers and crew . : instruct the crew of the situation , but try to keep the passengers from being too alarmed . ration the dwindling supplies as best as possible .",-2.7561285,21.168112,3.5469708,8.125919,13.002892,1.2702522,2.2194712,-2.7118673,8.217013,2.1612155,"[-2.7561285495758057, 21.16811180114746, 3.546970844268799, 8.125919342041016, 13.002891540527344, 1.2702522277832031, 2.2194712162017822, -2.711867332458496, 8.217013359069824, 2.1612155437469482]",8.756114,22.91173,0,"[-2.7720344 21.198093   3.524655   8.050342  12.951804   1.1348985
  2.1959908 -2.8224287  8.259791   2.3755927]",,Do some math and ration food
97,1497,98,15,"Ration the food supplies, have an assembly where you calmly tell the passengers the truth and ask for help from them, according to their professional knowledge.",decision,,,Ahmed is the captain of a 50-passenger cruise ship. Four days into their trip they get caught in a storm and the engine breaks under the pressure. They are now stranded at sea. A rescue boat is on its way but might not arrive for a week. Their food supplies are quickly dwindling and Ahmed isn’t sure what to instruct the passengers and crew.,"is the captain of a 50-passenger cruise ship . Four days into trip get caught in a storm and the engine breaks under the pressure . are now stranded at sea . A rescue boat is on way but might not arrive for a week . food supplies are quickly dwindling and isn ’ t sure what to instruct the passengers and crew . : Ration the food supplies , have an assembly where calmly tell the passengers the truth and ask for help from , according to professional knowledge .",-2.7394214,21.140722,3.6151216,7.9494457,12.954599,1.2969216,2.1851757,-2.795085,8.179954,2.1433055,"[-2.7394213676452637, 21.140722274780273, 3.615121603012085, 7.949445724487305, 12.954599380493164, 1.2969216108322144, 2.185175657272339, -2.7950849533081055, 8.179953575134277, 2.143305540084839]",8.729621,23.037985,0,"[-2.7720344 21.198093   3.524655   8.050342  12.951804   1.1348985
  2.1959908 -2.8224287  8.259791   2.3755927]",,Do some math and ration food
98,1498,99,15,Let the passengers know the situation and advise of a food rationing.,decision,,,Ahmed is the captain of a 50-passenger cruise ship. Four days into their trip they get caught in a storm and the engine breaks under the pressure. They are now stranded at sea. A rescue boat is on its way but might not arrive for a week. Their food supplies are quickly dwindling and Ahmed isn’t sure what to instruct the passengers and crew.,is the captain of a 50-passenger cruise ship . Four days into trip get caught in a storm and the engine breaks under the pressure . are now stranded at sea . A rescue boat is on way but might not arrive for a week . food supplies are quickly dwindling and isn ’ t sure what to instruct the passengers and crew . : Let the passengers know the situation and advise of a food rationing .,-2.5395265,21.31134,3.624658,8.371016,12.896093,1.0828077,2.3306513,-2.6449594,8.027412,2.887961,"[-2.5395264625549316, 21.31134033203125, 3.6246581077575684, 8.371015548706055, 12.896093368530273, 1.0828076601028442, 2.33065128326416, -2.6449594497680664, 8.027412414550781, 2.887960910797119]",8.368606,23.939745,0,"[-2.6063912 21.337578   3.5135782  8.218158  12.792952   0.7752005
  2.3582692 -2.6884098  8.116338   3.16219  ]",,Do some math and ration food
99,1499,100,15,Have a meeting and implement rationing. See if we have fishing equipment. Prepare to gather rain water if possible.,decision,,,Ahmed is the captain of a 50-passenger cruise ship. Four days into their trip they get caught in a storm and the engine breaks under the pressure. They are now stranded at sea. A rescue boat is on its way but might not arrive for a week. Their food supplies are quickly dwindling and Ahmed isn’t sure what to instruct the passengers and crew.,is the captain of a 50-passenger cruise ship . Four days into trip get caught in a storm and the engine breaks under the pressure . are now stranded at sea . A rescue boat is on way but might not arrive for a week . food supplies are quickly dwindling and isn ’ t sure what to instruct the passengers and crew . : Have a meeting and implement rationing . See if have fishing equipment . Prepare to gather rain water if possible .,-2.5789154,21.27663,3.3084667,8.05223,12.81426,0.91526467,2.435607,-2.819812,8.129247,2.7417905,"[-2.5789153575897217, 21.276630401611328, 3.308466672897339, 8.052229881286621, 12.81425952911377, 0.9152646660804749, 2.4356069564819336, -2.819812059402466, 8.129246711730957, 2.741790533065796]",8.375773,23.426126,0,"[-2.6063912 21.337578   3.5135782  8.218158  12.792952   0.7752005
  2.3582692 -2.6884098  8.116338   3.16219  ]",,Do some math and ration food
100,2884,209,15,ration food,pg,1.0,100.0,Ahmed is the captain of a 50-passenger cruise ship. Four days into their trip they get caught in a storm and the engine breaks under the pressure. They are now stranded at sea. A rescue boat is on its way but might not arrive for a week. Their food supplies are quickly dwindling and Ahmed isn’t sure what to instruct the passengers and crew.,is the captain of a 50-passenger cruise ship . Four days into trip get caught in a storm and the engine breaks under the pressure . are now stranded at sea . A rescue boat is on way but might not arrive for a week . food supplies are quickly dwindling and isn ’ t sure what to instruct the passengers and crew . : ration food,-2.1105835,22.060337,3.5167658,8.453459,12.900736,0.71222305,2.7822735,-3.0440266,7.9291797,4.197602,"[-2.110583543777466, 22.06033706665039, 3.516765832901001, 8.453458786010742, 12.900735855102539, 0.7122230529785156, 2.782273530960083, -3.0440266132354736, 7.929179668426514, 4.197601795196533]",7.957451,25.462215,0,"[-2.2230554 21.91202    3.4240985  8.400845  12.843192   0.5646142
  2.7558246 -3.032961   7.986595   4.058412 ]",,Do some math and ration food
101,2885,210,15,ration food,pg,1.0,100.0,Ahmed is the captain of a 50-passenger cruise ship. Four days into their trip they get caught in a storm and the engine breaks under the pressure. They are now stranded at sea. A rescue boat is on its way but might not arrive for a week. Their food supplies are quickly dwindling and Ahmed isn’t sure what to instruct the passengers and crew.,is the captain of a 50-passenger cruise ship . Four days into trip get caught in a storm and the engine breaks under the pressure . are now stranded at sea . A rescue boat is on way but might not arrive for a week . food supplies are quickly dwindling and isn ’ t sure what to instruct the passengers and crew . : ration food,-2.1694863,22.012972,3.4120836,8.471871,12.810297,0.56536674,2.770767,-3.0092716,7.89495,4.0908027,"[-2.1694862842559814, 22.012971878051758, 3.412083625793457, 8.471871376037598, 12.810297012329102, 0.5653667449951172, 2.7707669734954834, -3.0092716217041016, 7.894949913024902, 4.0908026695251465]",7.7812405,25.522125,0,"[-2.2230554 21.91202    3.4240985  8.400845  12.843192   0.5646142
  2.7558246 -3.032961   7.986595   4.058412 ]",,Do some math and ration food
102,2886,211,15,Ration out food,pg,1.0,100.0,Ahmed is the captain of a 50-passenger cruise ship. Four days into their trip they get caught in a storm and the engine breaks under the pressure. They are now stranded at sea. A rescue boat is on its way but might not arrive for a week. Their food supplies are quickly dwindling and Ahmed isn’t sure what to instruct the passengers and crew.,is the captain of a 50-passenger cruise ship . Four days into trip get caught in a storm and the engine breaks under the pressure . are now stranded at sea . A rescue boat is on way but might not arrive for a week . food supplies are quickly dwindling and isn ’ t sure what to instruct the passengers and crew . : Ration out food,-2.3604705,21.162004,3.1452653,8.459635,12.484543,-0.30225825,2.734916,-2.5628111,7.92137,4.4888954,"[-2.3604705333709717, 21.162004470825195, 3.1452653408050537, 8.459634780883789, 12.484542846679688, -0.3022582530975342, 2.7349159717559814, -2.5628111362457275, 7.921370029449463, 4.488895416259766]",9.1062565,26.906408,0,"[-2.329078   21.25354     3.1480563   8.463956   12.449426   -0.20846546
  2.7263842  -2.7515886   8.015783    4.524402  ]",,Do some math and ration food
103,2887,213,15,He could ration the food amongst the passengers,pg,1.0,100.0,Ahmed is the captain of a 50-passenger cruise ship. Four days into their trip they get caught in a storm and the engine breaks under the pressure. They are now stranded at sea. A rescue boat is on its way but might not arrive for a week. Their food supplies are quickly dwindling and Ahmed isn’t sure what to instruct the passengers and crew.,is the captain of a 50-passenger cruise ship . Four days into trip get caught in a storm and the engine breaks under the pressure . are now stranded at sea . A rescue boat is on way but might not arrive for a week . food supplies are quickly dwindling and isn ’ t sure what to instruct the passengers and crew . : ration the food amongst the passengers,-2.3129117,21.20175,3.1055336,8.531167,12.382585,-0.3547098,2.7151725,-2.747467,7.993721,4.6948276,"[-2.3129117488861084, 21.201749801635742, 3.1055335998535156, 8.531167030334473, 12.382584571838379, -0.35470980405807495, 2.715172529220581, -2.747467041015625, 7.993721008300781, 4.694827556610107]",9.516126,26.925114,0,"[-2.329078   21.25354     3.1480563   8.463956   12.449426   -0.20846546
  2.7263842  -2.7515886   8.015783    4.524402  ]",,Do some math and ration food
104,2888,216,15,Ration the food,pg,1.0,97.0,Ahmed is the captain of a 50-passenger cruise ship. Four days into their trip they get caught in a storm and the engine breaks under the pressure. They are now stranded at sea. A rescue boat is on its way but might not arrive for a week. Their food supplies are quickly dwindling and Ahmed isn’t sure what to instruct the passengers and crew.,is the captain of a 50-passenger cruise ship . Four days into trip get caught in a storm and the engine breaks under the pressure . are now stranded at sea . A rescue boat is on way but might not arrive for a week . food supplies are quickly dwindling and isn ’ t sure what to instruct the passengers and crew . : Ration the food,-2.3780167,21.11651,3.0190635,8.418241,12.279632,-0.27399018,2.7781575,-2.6972575,8.105762,4.5080657,"[-2.378016710281372, 21.11651039123535, 3.0190634727478027, 8.418240547180176, 12.279631614685059, -0.2739901840686798, 2.7781574726104736, -2.6972575187683105, 8.105761528015137, 4.508065700531006]",9.320539,27.05866,0,"[-2.329078   21.25354     3.1480563   8.463956   12.449426   -0.20846546
  2.7263842  -2.7515886   8.015783    4.524402  ]",,Do some math and ration food
105,2889,217,15,Instruct the crew to ration the food evenly and carefully.,pg,1.0,100.0,Ahmed is the captain of a 50-passenger cruise ship. Four days into their trip they get caught in a storm and the engine breaks under the pressure. They are now stranded at sea. A rescue boat is on its way but might not arrive for a week. Their food supplies are quickly dwindling and Ahmed isn’t sure what to instruct the passengers and crew.,is the captain of a 50-passenger cruise ship . Four days into trip get caught in a storm and the engine breaks under the pressure . are now stranded at sea . A rescue boat is on way but might not arrive for a week . food supplies are quickly dwindling and isn ’ t sure what to instruct the passengers and crew . : Instruct the crew to ration the food evenly and carefully .,-2.3309057,21.593836,3.4381387,8.515744,12.630296,0.38333192,2.5852036,-2.6533298,7.906843,4.102371,"[-2.3309056758880615, 21.593835830688477, 3.438138723373413, 8.51574420928955, 12.630295753479004, 0.38333192467689514, 2.5852036476135254, -2.653329849243164, 7.906843185424805, 4.1023712158203125]",8.398573,25.634317,0,"[-2.4105294  21.398413    3.1327066   8.402012   12.56321     0.27548963
  2.769905   -2.7803721   8.022018    3.876833  ]",,Do some math and ration food
106,2890,220,15,Instruct them to begin perserving food.,pg,1.0,98.0,Ahmed is the captain of a 50-passenger cruise ship. Four days into their trip they get caught in a storm and the engine breaks under the pressure. They are now stranded at sea. A rescue boat is on its way but might not arrive for a week. Their food supplies are quickly dwindling and Ahmed isn’t sure what to instruct the passengers and crew.,is the captain of a 50-passenger cruise ship . Four days into trip get caught in a storm and the engine breaks under the pressure . are now stranded at sea . A rescue boat is on way but might not arrive for a week . food supplies are quickly dwindling and isn ’ t sure what to instruct the passengers and crew . : Instruct to begin perserving food .,-2.4562516,21.377996,3.5183203,8.444507,12.749215,0.6896761,2.4421494,-2.624183,7.91375,3.5416605,"[-2.456251621246338, 21.37799644470215, 3.518320322036743, 8.444506645202637, 12.749215126037598, 0.6896761059761047, 2.4421494007110596, -2.624182939529419, 7.913750171661377, 3.5416605472564697]",8.207015,24.791462,0,"[-2.6063912 21.337578   3.5135782  8.218158  12.792952   0.7752005
  2.3582692 -2.6884098  8.116338   3.16219  ]",,Do some math and ration food
107,2891,221,15,ration the food,pg,1.0,100.0,Ahmed is the captain of a 50-passenger cruise ship. Four days into their trip they get caught in a storm and the engine breaks under the pressure. They are now stranded at sea. A rescue boat is on its way but might not arrive for a week. Their food supplies are quickly dwindling and Ahmed isn’t sure what to instruct the passengers and crew.,is the captain of a 50-passenger cruise ship . Four days into trip get caught in a storm and the engine breaks under the pressure . are now stranded at sea . A rescue boat is on way but might not arrive for a week . food supplies are quickly dwindling and isn ’ t sure what to instruct the passengers and crew . : ration the food,-2.2893949,21.192236,3.0713913,8.523481,12.402635,-0.31934837,2.802669,-2.6400123,7.9271173,4.6087356,"[-2.2893948554992676, 21.192235946655273, 3.0713913440704346, 8.523481369018555, 12.402634620666504, -0.31934836506843567, 2.802669048309326, -2.640012264251709, 7.927117347717285, 4.60873556137085]",9.450423,27.008663,0,"[-2.329078   21.25354     3.1480563   8.463956   12.449426   -0.20846546
  2.7263842  -2.7515886   8.015783    4.524402  ]",,Do some math and ration food
108,2892,226,15,Ration food. ,pg,1.0,100.0,Ahmed is the captain of a 50-passenger cruise ship. Four days into their trip they get caught in a storm and the engine breaks under the pressure. They are now stranded at sea. A rescue boat is on its way but might not arrive for a week. Their food supplies are quickly dwindling and Ahmed isn’t sure what to instruct the passengers and crew.,is the captain of a 50-passenger cruise ship . Four days into trip get caught in a storm and the engine breaks under the pressure . are now stranded at sea . A rescue boat is on way but might not arrive for a week . food supplies are quickly dwindling and isn ’ t sure what to instruct the passengers and crew . : Ration food .,-2.2110012,22.041985,3.4209414,8.417374,12.84443,0.5635224,2.827078,-2.980672,7.961968,4.128298,"[-2.21100115776062, 22.04198455810547, 3.4209413528442383, 8.417373657226562, 12.844429969787598, 0.5635223984718323, 2.827078104019165, -2.9806718826293945, 7.961967945098877, 4.128297805786133]",7.8960595,25.45774,0,"[-2.2230554 21.91202    3.4240985  8.400845  12.843192   0.5646142
  2.7558246 -3.032961   7.986595   4.058412 ]",,Do some math and ration food
109,2893,227,15,Ration food,pg,1.0,100.0,Ahmed is the captain of a 50-passenger cruise ship. Four days into their trip they get caught in a storm and the engine breaks under the pressure. They are now stranded at sea. A rescue boat is on its way but might not arrive for a week. Their food supplies are quickly dwindling and Ahmed isn’t sure what to instruct the passengers and crew.,is the captain of a 50-passenger cruise ship . Four days into trip get caught in a storm and the engine breaks under the pressure . are now stranded at sea . A rescue boat is on way but might not arrive for a week . food supplies are quickly dwindling and isn ’ t sure what to instruct the passengers and crew . : Ration food,-2.2064698,22.065722,3.3777926,8.402248,12.888947,0.57098156,2.870466,-2.957405,7.9283576,4.102137,"[-2.206469774246216, 22.06572151184082, 3.3777925968170166, 8.40224838256836, 12.888946533203125, 0.5709815621376038, 2.8704659938812256, -2.9574050903320312, 7.9283576011657715, 4.102137088775635]",7.756138,25.462872,0,"[-2.2230554 21.91202    3.4240985  8.400845  12.843192   0.5646142
  2.7558246 -3.032961   7.986595   4.058412 ]",,Do some math and ration food
110,2894,228,15,He should instruct the survivors on how best to ration the supplies.,pg,1.0,100.0,Ahmed is the captain of a 50-passenger cruise ship. Four days into their trip they get caught in a storm and the engine breaks under the pressure. They are now stranded at sea. A rescue boat is on its way but might not arrive for a week. Their food supplies are quickly dwindling and Ahmed isn’t sure what to instruct the passengers and crew.,is the captain of a 50-passenger cruise ship . Four days into trip get caught in a storm and the engine breaks under the pressure . are now stranded at sea . A rescue boat is on way but might not arrive for a week . food supplies are quickly dwindling and isn ’ t sure what to instruct the passengers and crew . : instruct the survivors on how best to ration the supplies .,-2.4372323,21.349358,3.048236,8.458626,12.542085,0.43407214,2.8343048,-2.6302,7.9169965,3.5953817,"[-2.437232255935669, 21.34935760498047, 3.0482358932495117, 8.458625793457031, 12.542084693908691, 0.4340721368789673, 2.8343048095703125, -2.630199909210205, 7.916996479034424, 3.595381736755371]",8.232038,25.959879,0,"[-2.4105294  21.398413    3.1327066   8.402012   12.56321     0.27548963
  2.769905   -2.7803721   8.022018    3.876833  ]",,Do some math and ration food
111,2895,230,15,Each person has a day in which they will not eat in order to stretch food supplies as much as possible.,pg,1.0,93.3333333333333,Ahmed is the captain of a 50-passenger cruise ship. Four days into their trip they get caught in a storm and the engine breaks under the pressure. They are now stranded at sea. A rescue boat is on its way but might not arrive for a week. Their food supplies are quickly dwindling and Ahmed isn’t sure what to instruct the passengers and crew.,is the captain of a 50-passenger cruise ship . Four days into trip get caught in a storm and the engine breaks under the pressure . are now stranded at sea . A rescue boat is on way but might not arrive for a week . food supplies are quickly dwindling and isn ’ t sure what to instruct the passengers and crew . : Each person has a day in which will not eat in order to stretch food supplies as much as possible .,-2.6553762,21.39001,3.8806825,7.990402,12.848161,0.43471438,1.9711629,-2.7096121,8.344357,3.6410773,"[-2.6553761959075928, 21.390010833740234, 3.8806824684143066, 7.9904022216796875, 12.848160743713379, 0.4347143769264221, 1.9711629152297974, -2.7096121311187744, 8.344356536865234, 3.6410772800445557]",9.587254,24.723618,0,"[-2.7441764 21.471848   3.8376455  8.027677  12.746755   0.5944112
  1.9096599 -3.0311432  8.425255   3.7557979]",,Do some math and ration food
112,2896,233,15,Portion food so that it lasts,pg,1.0,100.0,Ahmed is the captain of a 50-passenger cruise ship. Four days into their trip they get caught in a storm and the engine breaks under the pressure. They are now stranded at sea. A rescue boat is on its way but might not arrive for a week. Their food supplies are quickly dwindling and Ahmed isn’t sure what to instruct the passengers and crew.,is the captain of a 50-passenger cruise ship . Four days into trip get caught in a storm and the engine breaks under the pressure . are now stranded at sea . A rescue boat is on way but might not arrive for a week . food supplies are quickly dwindling and isn ’ t sure what to instruct the passengers and crew . : Portion food so that lasts,-2.2888918,21.270658,3.2319686,8.479545,12.430637,-0.25566888,2.6353087,-2.8751743,8.09578,4.6626225,"[-2.2888917922973633, 21.270658493041992, 3.231968641281128, 8.479544639587402, 12.43063735961914, -0.25566887855529785, 2.6353087425231934, -2.8751742839813232, 8.095780372619629, 4.662622451782227]",9.442684,26.806232,0,"[-2.329078   21.25354     3.1480563   8.463956   12.449426   -0.20846546
  2.7263842  -2.7515886   8.015783    4.524402  ]",,Do some math and ration food
113,2897,234,15,Start rationing the food,pg,1.0,100.0,Ahmed is the captain of a 50-passenger cruise ship. Four days into their trip they get caught in a storm and the engine breaks under the pressure. They are now stranded at sea. A rescue boat is on its way but might not arrive for a week. Their food supplies are quickly dwindling and Ahmed isn’t sure what to instruct the passengers and crew.,is the captain of a 50-passenger cruise ship . Four days into trip get caught in a storm and the engine breaks under the pressure . are now stranded at sea . A rescue boat is on way but might not arrive for a week . food supplies are quickly dwindling and isn ’ t sure what to instruct the passengers and crew . : Start rationing the food,-2.246908,21.400967,3.1197832,8.493954,12.506945,-0.07319909,2.8556337,-2.9005594,8.001767,4.5142155,"[-2.246907949447632, 21.40096664428711, 3.1197831630706787, 8.493953704833984, 12.50694465637207, -0.07319909334182739, 2.8556337356567383, -2.900559425354004, 8.0017671585083, 4.514215469360352]",8.849138,26.846367,0,"[-2.329078   21.25354     3.1480563   8.463956   12.449426   -0.20846546
  2.7263842  -2.7515886   8.015783    4.524402  ]",,Do some math and ration food
114,2898,235,15,Ahmed could ration out the food.,pg,1.0,100.0,Ahmed is the captain of a 50-passenger cruise ship. Four days into their trip they get caught in a storm and the engine breaks under the pressure. They are now stranded at sea. A rescue boat is on its way but might not arrive for a week. Their food supplies are quickly dwindling and Ahmed isn’t sure what to instruct the passengers and crew.,is the captain of a 50-passenger cruise ship . Four days into trip get caught in a storm and the engine breaks under the pressure . are now stranded at sea . A rescue boat is on way but might not arrive for a week . food supplies are quickly dwindling and isn ’ t sure what to instruct the passengers and crew . : ration out the food .,-2.3386047,21.178135,3.1636424,8.492019,12.508148,-0.30655134,2.7338932,-2.581195,7.9026074,4.4896545,"[-2.338604688644409, 21.17813491821289, 3.163642406463623, 8.492018699645996, 12.508148193359375, -0.30655133724212646, 2.7338931560516357, -2.581195116043091, 7.902607440948486, 4.489654541015625]",9.202532,26.904306,0,"[-2.329078   21.25354     3.1480563   8.463956   12.449426   -0.20846546
  2.7263842  -2.7515886   8.015783    4.524402  ]",,Do some math and ration food
115,2899,238,15,Ration the food,pg,1.0,95.0,Ahmed is the captain of a 50-passenger cruise ship. Four days into their trip they get caught in a storm and the engine breaks under the pressure. They are now stranded at sea. A rescue boat is on its way but might not arrive for a week. Their food supplies are quickly dwindling and Ahmed isn’t sure what to instruct the passengers and crew.,is the captain of a 50-passenger cruise ship . Four days into trip get caught in a storm and the engine breaks under the pressure . are now stranded at sea . A rescue boat is on way but might not arrive for a week . food supplies are quickly dwindling and isn ’ t sure what to instruct the passengers and crew . : Ration the food,-2.3968105,21.107418,3.0877817,8.4508295,12.351824,-0.3258956,2.7075171,-2.6327896,7.9941325,4.623324,"[-2.396810531616211, 21.107418060302734, 3.0877816677093506, 8.45082950592041, 12.351823806762695, -0.32589560747146606, 2.707517147064209, -2.6327896118164062, 7.9941325187683105, 4.623323917388916]",9.333008,27.135666,0,"[-2.329078   21.25354     3.1480563   8.463956   12.449426   -0.20846546
  2.7263842  -2.7515886   8.015783    4.524402  ]",,Do some math and ration food
116,2900,240,15,Ration the food,pg,1.0,96.6666666666667,Ahmed is the captain of a 50-passenger cruise ship. Four days into their trip they get caught in a storm and the engine breaks under the pressure. They are now stranded at sea. A rescue boat is on its way but might not arrive for a week. Their food supplies are quickly dwindling and Ahmed isn’t sure what to instruct the passengers and crew.,is the captain of a 50-passenger cruise ship . Four days into trip get caught in a storm and the engine breaks under the pressure . are now stranded at sea . A rescue boat is on way but might not arrive for a week . food supplies are quickly dwindling and isn ’ t sure what to instruct the passengers and crew . : Ration the food,-2.3515413,21.164501,3.0331311,8.4937725,12.330786,-0.431213,2.7370663,-2.7104828,8.012684,4.5663166,"[-2.35154128074646, 21.164501190185547, 3.0331311225891113, 8.493772506713867, 12.330785751342773, -0.43121299147605896, 2.7370662689208984, -2.7104828357696533, 8.012683868408203, 4.566316604614258]",9.325765,27.105661,0,"[-2.329078   21.25354     3.1480563   8.463956   12.449426   -0.20846546
  2.7263842  -2.7515886   8.015783    4.524402  ]",,Do some math and ration food
117,2901,242,15,Tell everyone to share food.,pg,1.0,98.3333333333333,Ahmed is the captain of a 50-passenger cruise ship. Four days into their trip they get caught in a storm and the engine breaks under the pressure. They are now stranded at sea. A rescue boat is on its way but might not arrive for a week. Their food supplies are quickly dwindling and Ahmed isn’t sure what to instruct the passengers and crew.,is the captain of a 50-passenger cruise ship . Four days into trip get caught in a storm and the engine breaks under the pressure . are now stranded at sea . A rescue boat is on way but might not arrive for a week . food supplies are quickly dwindling and isn ’ t sure what to instruct the passengers and crew . : Tell everyone to share food .,-2.6564515,21.518167,3.815441,8.204558,12.666756,0.7094332,1.9194503,-3.183186,8.333685,3.9159267,"[-2.656451463699341, 21.51816749572754, 3.8154408931732178, 8.204558372497559, 12.666755676269531, 0.7094331979751587, 1.919450283050537, -3.1831860542297363, 8.333684921264648, 3.915926694869995]",9.6472435,25.117676,0,"[-2.7441764 21.471848   3.8376455  8.027677  12.746755   0.5944112
  1.9096599 -3.0311432  8.425255   3.7557979]",,Do some math and ration food
118,2902,246,15,ration food,pg,1.0,70.3333333333333,Ahmed is the captain of a 50-passenger cruise ship. Four days into their trip they get caught in a storm and the engine breaks under the pressure. They are now stranded at sea. A rescue boat is on its way but might not arrive for a week. Their food supplies are quickly dwindling and Ahmed isn’t sure what to instruct the passengers and crew.,is the captain of a 50-passenger cruise ship . Four days into trip get caught in a storm and the engine breaks under the pressure . are now stranded at sea . A rescue boat is on way but might not arrive for a week . food supplies are quickly dwindling and isn ’ t sure what to instruct the passengers and crew . : ration food,-2.2081525,22.044714,3.3993995,8.401879,12.865236,0.58763117,2.8251317,-2.9852636,7.952207,4.1240783,"[-2.2081525325775146, 22.044713973999023, 3.399399518966675, 8.40187931060791, 12.865236282348633, 0.5876311659812927, 2.82513165473938, -2.9852635860443115, 7.952207088470459, 4.124078273773193]",7.812712,25.452114,0,"[-2.2230554 21.91202    3.4240985  8.400845  12.843192   0.5646142
  2.7558246 -3.032961   7.986595   4.058412 ]",,Do some math and ration food
119,2903,247,15,ration food so everyone gets some,pg,1.0,86.6666666666667,Ahmed is the captain of a 50-passenger cruise ship. Four days into their trip they get caught in a storm and the engine breaks under the pressure. They are now stranded at sea. A rescue boat is on its way but might not arrive for a week. Their food supplies are quickly dwindling and Ahmed isn’t sure what to instruct the passengers and crew.,is the captain of a 50-passenger cruise ship . Four days into trip get caught in a storm and the engine breaks under the pressure . are now stranded at sea . A rescue boat is on way but might not arrive for a week . food supplies are quickly dwindling and isn ’ t sure what to instruct the passengers and crew . : ration food so everyone gets some,-2.259412,21.985655,3.5452995,8.319527,12.920483,0.6903865,2.6812584,-2.9281716,8.005532,4.0948606,"[-2.2594120502471924, 21.985654830932617, 3.545299530029297, 8.319526672363281, 12.920482635498047, 0.6903864741325378, 2.6812584400177, -2.9281716346740723, 8.005532264709473, 4.094860553741455]",7.969419,25.313103,0,"[-2.2230554 21.91202    3.4240985  8.400845  12.843192   0.5646142
  2.7558246 -3.032961   7.986595   4.058412 ]",,Do some math and ration food
120,2904,249,15,They can mange the food supply,pg,1.0,63.0,Ahmed is the captain of a 50-passenger cruise ship. Four days into their trip they get caught in a storm and the engine breaks under the pressure. They are now stranded at sea. A rescue boat is on its way but might not arrive for a week. Their food supplies are quickly dwindling and Ahmed isn’t sure what to instruct the passengers and crew.,is the captain of a 50-passenger cruise ship . Four days into trip get caught in a storm and the engine breaks under the pressure . are now stranded at sea . A rescue boat is on way but might not arrive for a week . food supplies are quickly dwindling and isn ’ t sure what to instruct the passengers and crew . : can mange the food supply,-2.3255324,21.717196,3.6414998,8.194932,13.095348,0.68312746,2.4275804,-3.3991027,8.24838,3.73631,"[-2.3255324363708496, 21.717195510864258, 3.6414997577667236, 8.194931983947754, 13.095348358154297, 0.6831274628639221, 2.4275803565979004, -3.3991026878356934, 8.248379707336426, 3.7363100051879883]",8.651793,25.159481,0,"[-2.539899   21.376513    3.7032785   8.16124    13.059622    0.74750316
  2.236266   -3.401897    8.24102     3.61381   ]",,Do some math and ration food
121,2905,251,15,conserve food,pg,1.0,69.6666666666667,Ahmed is the captain of a 50-passenger cruise ship. Four days into their trip they get caught in a storm and the engine breaks under the pressure. They are now stranded at sea. A rescue boat is on its way but might not arrive for a week. Their food supplies are quickly dwindling and Ahmed isn’t sure what to instruct the passengers and crew.,is the captain of a 50-passenger cruise ship . Four days into trip get caught in a storm and the engine breaks under the pressure . are now stranded at sea . A rescue boat is on way but might not arrive for a week . food supplies are quickly dwindling and isn ’ t sure what to instruct the passengers and crew . : conserve food,-2.4039805,21.48288,3.71131,8.245371,13.05299,0.68753177,2.3215482,-3.302392,8.119071,3.8613832,"[-2.4039804935455322, 21.482879638671875, 3.7113099098205566, 8.245370864868164, 13.052989959716797, 0.6875317692756653, 2.3215482234954834, -3.30239200592041, 8.119071006774902, 3.8613831996917725]",8.874135,25.114922,0,"[-2.539899   21.376513    3.7032785   8.16124    13.059622    0.74750316
  2.236266   -3.401897    8.24102     3.61381   ]",,Do some math and ration food
122,2906,252,15,Ration supplies,pg,1.0,97.3333333333333,Ahmed is the captain of a 50-passenger cruise ship. Four days into their trip they get caught in a storm and the engine breaks under the pressure. They are now stranded at sea. A rescue boat is on its way but might not arrive for a week. Their food supplies are quickly dwindling and Ahmed isn’t sure what to instruct the passengers and crew.,is the captain of a 50-passenger cruise ship . Four days into trip get caught in a storm and the engine breaks under the pressure . are now stranded at sea . A rescue boat is on way but might not arrive for a week . food supplies are quickly dwindling and isn ’ t sure what to instruct the passengers and crew . : Ration supplies,-2.340059,21.423891,2.8769853,8.503946,12.492568,0.23074222,3.0464323,-2.7536461,7.9131174,3.911351,"[-2.3400590419769287, 21.423891067504883, 2.8769853115081787, 8.503946304321289, 12.492568016052246, 0.2307422161102295, 3.0464322566986084, -2.7536461353302, 7.913117408752441, 3.911350965499878]",8.147263,26.205791,0,"[-2.4105294  21.398413    3.1327066   8.402012   12.56321     0.27548963
  2.769905   -2.7803721   8.022018    3.876833  ]",,Do some math and ration food
123,2907,253,15,Tell everyone to ration the food,pg,1.0,100.0,Ahmed is the captain of a 50-passenger cruise ship. Four days into their trip they get caught in a storm and the engine breaks under the pressure. They are now stranded at sea. A rescue boat is on its way but might not arrive for a week. Their food supplies are quickly dwindling and Ahmed isn’t sure what to instruct the passengers and crew.,is the captain of a 50-passenger cruise ship . Four days into trip get caught in a storm and the engine breaks under the pressure . are now stranded at sea . A rescue boat is on way but might not arrive for a week . food supplies are quickly dwindling and isn ’ t sure what to instruct the passengers and crew . : Tell everyone to ration the food,-2.49306,21.385078,3.6290705,8.381579,12.706735,0.6181849,2.3017478,-2.541778,7.9677596,3.6394074,"[-2.4930601119995117, 21.38507843017578, 3.629070520401001, 8.381579399108887, 12.706734657287598, 0.6181849241256714, 2.3017477989196777, -2.541778087615967, 7.967759609222412, 3.6394073963165283]",8.396086,24.756453,0,"[-2.6063912 21.337578   3.5135782  8.218158  12.792952   0.7752005
  2.3582692 -2.6884098  8.116338   3.16219  ]",,Do some math and ration food
124,2908,255,15,ration the food,pg,1.0,100.0,Ahmed is the captain of a 50-passenger cruise ship. Four days into their trip they get caught in a storm and the engine breaks under the pressure. They are now stranded at sea. A rescue boat is on its way but might not arrive for a week. Their food supplies are quickly dwindling and Ahmed isn’t sure what to instruct the passengers and crew.,is the captain of a 50-passenger cruise ship . Four days into trip get caught in a storm and the engine breaks under the pressure . are now stranded at sea . A rescue boat is on way but might not arrive for a week . food supplies are quickly dwindling and isn ’ t sure what to instruct the passengers and crew . : ration the food,-2.37117,21.083044,3.0199006,8.4579,12.300171,-0.34614336,2.780646,-2.664383,8.029423,4.684119,"[-2.3711700439453125, 21.083044052124023, 3.0199005603790283, 8.457900047302246, 12.3001708984375, -0.34614336490631104, 2.7806460857391357, -2.6643829345703125, 8.029422760009766, 4.68411922454834]",9.300142,27.110838,0,"[-2.329078   21.25354     3.1480563   8.463956   12.449426   -0.20846546
  2.7263842  -2.7515886   8.015783    4.524402  ]",,Do some math and ration food
125,2909,256,15,Ration the food supplies,pg,1.0,100.0,Ahmed is the captain of a 50-passenger cruise ship. Four days into their trip they get caught in a storm and the engine breaks under the pressure. They are now stranded at sea. A rescue boat is on its way but might not arrive for a week. Their food supplies are quickly dwindling and Ahmed isn’t sure what to instruct the passengers and crew.,is the captain of a 50-passenger cruise ship . Four days into trip get caught in a storm and the engine breaks under the pressure . are now stranded at sea . A rescue boat is on way but might not arrive for a week . food supplies are quickly dwindling and isn ’ t sure what to instruct the passengers and crew . : Ration the food supplies,-2.338327,21.207098,2.8812675,8.522854,12.352828,-0.18766098,2.9436913,-2.6685638,7.926791,4.384555,"[-2.338326930999756, 21.20709800720215, 2.881267547607422, 8.52285385131836, 12.352828025817871, -0.18766097724437714, 2.9436912536621094, -2.6685638427734375, 7.926791191101074, 4.384554862976074]",9.012492,27.128414,0,"[-2.329078   21.25354     3.1480563   8.463956   12.449426   -0.20846546
  2.7263842  -2.7515886   8.015783    4.524402  ]",,Do some math and ration food
126,2910,257,15,"As the captain, ration supplies",pg,1.0,92.6666666666667,Ahmed is the captain of a 50-passenger cruise ship. Four days into their trip they get caught in a storm and the engine breaks under the pressure. They are now stranded at sea. A rescue boat is on its way but might not arrive for a week. Their food supplies are quickly dwindling and Ahmed isn’t sure what to instruct the passengers and crew.,"is the captain of a 50-passenger cruise ship . Four days into trip get caught in a storm and the engine breaks under the pressure . are now stranded at sea . A rescue boat is on way but might not arrive for a week . food supplies are quickly dwindling and isn ’ t sure what to instruct the passengers and crew . : As the captain , ration supplies",-2.6299944,21.27652,3.2762563,8.253466,12.710442,0.7856303,2.5049999,-2.6557045,8.128136,2.869535,"[-2.6299943923950195, 21.276519775390625, 3.2762563228607178, 8.25346565246582, 12.710441589355469, 0.7856302857398987, 2.504999876022339, -2.6557044982910156, 8.128135681152344, 2.869534969329834]",8.4021225,23.853039,0,"[-2.6063912 21.337578   3.5135782  8.218158  12.792952   0.7752005
  2.3582692 -2.6884098  8.116338   3.16219  ]",,Do some math and ration food
127,2911,258,15,Ration food,pg,1.0,100.0,Ahmed is the captain of a 50-passenger cruise ship. Four days into their trip they get caught in a storm and the engine breaks under the pressure. They are now stranded at sea. A rescue boat is on its way but might not arrive for a week. Their food supplies are quickly dwindling and Ahmed isn’t sure what to instruct the passengers and crew.,is the captain of a 50-passenger cruise ship . Four days into trip get caught in a storm and the engine breaks under the pressure . are now stranded at sea . A rescue boat is on way but might not arrive for a week . food supplies are quickly dwindling and isn ’ t sure what to instruct the passengers and crew . : Ration food,-2.2339523,22.002808,3.4426167,8.409241,12.764085,0.5526411,2.7187743,-3.0634139,7.981588,4.072639,"[-2.233952283859253, 22.0028076171875, 3.4426167011260986, 8.40924072265625, 12.764084815979004, 0.5526410937309265, 2.7187743186950684, -3.0634138584136963, 7.981587886810303, 4.072638988494873]",7.8348675,25.457108,0,"[-2.2230554 21.91202    3.4240985  8.400845  12.843192   0.5646142
  2.7558246 -3.032961   7.986595   4.058412 ]",,Do some math and ration food
128,2912,260,15,ration food,pg,1.0,58.0,Ahmed is the captain of a 50-passenger cruise ship. Four days into their trip they get caught in a storm and the engine breaks under the pressure. They are now stranded at sea. A rescue boat is on its way but might not arrive for a week. Their food supplies are quickly dwindling and Ahmed isn’t sure what to instruct the passengers and crew.,is the captain of a 50-passenger cruise ship . Four days into trip get caught in a storm and the engine breaks under the pressure . are now stranded at sea . A rescue boat is on way but might not arrive for a week . food supplies are quickly dwindling and isn ’ t sure what to instruct the passengers and crew . : ration food,-2.1291387,22.09521,3.4789844,8.478451,12.815022,0.5998903,2.7531927,-3.0481775,7.906861,4.1051607,"[-2.129138708114624, 22.0952091217041, 3.4789843559265137, 8.478450775146484, 12.815022468566895, 0.5998902916908264, 2.753192663192749, -3.048177480697632, 7.906860828399658, 4.105160713195801]",7.68748,25.55076,0,"[-2.2230554 21.91202    3.4240985  8.400845  12.843192   0.5646142
  2.7558246 -3.032961   7.986595   4.058412 ]",,Do some math and ration food
129,2913,261,15,Ration the food so it will last,pg,1.0,100.0,Ahmed is the captain of a 50-passenger cruise ship. Four days into their trip they get caught in a storm and the engine breaks under the pressure. They are now stranded at sea. A rescue boat is on its way but might not arrive for a week. Their food supplies are quickly dwindling and Ahmed isn’t sure what to instruct the passengers and crew.,is the captain of a 50-passenger cruise ship . Four days into trip get caught in a storm and the engine breaks under the pressure . are now stranded at sea . A rescue boat is on way but might not arrive for a week . food supplies are quickly dwindling and isn ’ t sure what to instruct the passengers and crew . : Ration the food so will last,-2.3773131,21.242922,3.187365,8.410178,12.497185,-0.11965873,2.6831422,-2.7227197,8.03345,4.4024515,"[-2.3773131370544434, 21.242921829223633, 3.1873650550842285, 8.410178184509277, 12.497184753417969, -0.11965873092412949, 2.6831421852111816, -2.722719669342041, 8.03345012664795, 4.402451515197754]",9.212476,26.709633,0,"[-2.329078   21.25354     3.1480563   8.463956   12.449426   -0.20846546
  2.7263842  -2.7515886   8.015783    4.524402  ]",,Do some math and ration food
130,2914,262,15,start rationing food,pg,1.0,98.6666666666667,Ahmed is the captain of a 50-passenger cruise ship. Four days into their trip they get caught in a storm and the engine breaks under the pressure. They are now stranded at sea. A rescue boat is on its way but might not arrive for a week. Their food supplies are quickly dwindling and Ahmed isn’t sure what to instruct the passengers and crew.,is the captain of a 50-passenger cruise ship . Four days into trip get caught in a storm and the engine breaks under the pressure . are now stranded at sea . A rescue boat is on way but might not arrive for a week . food supplies are quickly dwindling and isn ’ t sure what to instruct the passengers and crew . : start rationing food,-2.219991,21.47734,3.0997171,8.49824,12.550452,0.020875376,2.9079742,-2.9628267,7.9890347,4.452178,"[-2.2199909687042236, 21.477340698242188, 3.099717140197754, 8.49824047088623, 12.55045223236084, 0.02087537571787834, 2.9079742431640625, -2.962826728820801, 7.989034652709961, 4.452178001403809]",8.90655,26.84959,0,"[-2.329078   21.25354     3.1480563   8.463956   12.449426   -0.20846546
  2.7263842  -2.7515886   8.015783    4.524402  ]",,Do some math and ration food
131,2915,265,15,inventory the food and ration,pg,1.0,99.0,Ahmed is the captain of a 50-passenger cruise ship. Four days into their trip they get caught in a storm and the engine breaks under the pressure. They are now stranded at sea. A rescue boat is on its way but might not arrive for a week. Their food supplies are quickly dwindling and Ahmed isn’t sure what to instruct the passengers and crew.,is the captain of a 50-passenger cruise ship . Four days into trip get caught in a storm and the engine breaks under the pressure . are now stranded at sea . A rescue boat is on way but might not arrive for a week . food supplies are quickly dwindling and isn ’ t sure what to instruct the passengers and crew . : inventory the food and ration,-2.333719,21.699362,3.2983565,8.2975645,12.814735,0.5156981,2.7215924,-3.1685843,8.16407,3.7851198,"[-2.33371901512146, 21.69936180114746, 3.298356533050537, 8.297564506530762, 12.814735412597656, 0.5156980752944946, 2.721592426300049, -3.1685843467712402, 8.164070129394531, 3.7851197719573975]",8.326612,25.548315,0,"[-2.2230554 21.91202    3.4240985  8.400845  12.843192   0.5646142
  2.7558246 -3.032961   7.986595   4.058412 ]",,Do some math and ration food
132,2916,266,15,Tell everyone to reserve rations.,pg,1.0,100.0,Ahmed is the captain of a 50-passenger cruise ship. Four days into their trip they get caught in a storm and the engine breaks under the pressure. They are now stranded at sea. A rescue boat is on its way but might not arrive for a week. Their food supplies are quickly dwindling and Ahmed isn’t sure what to instruct the passengers and crew.,is the captain of a 50-passenger cruise ship . Four days into trip get caught in a storm and the engine breaks under the pressure . are now stranded at sea . A rescue boat is on way but might not arrive for a week . food supplies are quickly dwindling and isn ’ t sure what to instruct the passengers and crew . : Tell everyone to reserve rations .,-2.7498596,21.29152,3.391056,8.071306,12.709764,0.5942616,2.3279047,-2.7190273,8.307666,3.093026,"[-2.749859571456909, 21.291519165039062, 3.3910560607910156, 8.071306228637695, 12.709763526916504, 0.5942615866661072, 2.32790470123291, -2.719027280807495, 8.307665824890137, 3.0930259227752686]",8.894838,24.29357,0,"[-2.6063912 21.337578   3.5135782  8.218158  12.792952   0.7752005
  2.3582692 -2.6884098  8.116338   3.16219  ]",,Do some math and ration food
133,2917,269,15,Start rationing,pg,1.0,85.6666666666667,Ahmed is the captain of a 50-passenger cruise ship. Four days into their trip they get caught in a storm and the engine breaks under the pressure. They are now stranded at sea. A rescue boat is on its way but might not arrive for a week. Their food supplies are quickly dwindling and Ahmed isn’t sure what to instruct the passengers and crew.,is the captain of a 50-passenger cruise ship . Four days into trip get caught in a storm and the engine breaks under the pressure . are now stranded at sea . A rescue boat is on way but might not arrive for a week . food supplies are quickly dwindling and isn ’ t sure what to instruct the passengers and crew . : Start rationing,-2.2298017,21.50904,3.1061747,8.502805,12.555984,0.0629164,2.9286752,-2.9241257,7.967089,4.405777,"[-2.229801654815674, 21.50904083251953, 3.1061747074127197, 8.50280475616455, 12.555983543395996, 0.06291639804840088, 2.9286751747131348, -2.9241256713867188, 7.9670891761779785, 4.4057769775390625]",8.707213,26.821766,0,"[-2.329078   21.25354     3.1480563   8.463956   12.449426   -0.20846546
  2.7263842  -2.7515886   8.015783    4.524402  ]",,Do some math and ration food
134,2918,270,15,Plan how much food will be given out even if people starve a little.,pg,1.0,82.6666666666667,Ahmed is the captain of a 50-passenger cruise ship. Four days into their trip they get caught in a storm and the engine breaks under the pressure. They are now stranded at sea. A rescue boat is on its way but might not arrive for a week. Their food supplies are quickly dwindling and Ahmed isn’t sure what to instruct the passengers and crew.,is the captain of a 50-passenger cruise ship . Four days into trip get caught in a storm and the engine breaks under the pressure . are now stranded at sea . A rescue boat is on way but might not arrive for a week . food supplies are quickly dwindling and isn ’ t sure what to instruct the passengers and crew . : Plan how much food will be given out even if people starve a little .,-2.4005365,21.492409,3.3220403,8.301317,12.609985,0.1222153,2.5564244,-3.1611207,8.242153,4.233785,"[-2.40053653717041, 21.492408752441406, 3.322040319442749, 8.30131721496582, 12.6099853515625, 0.12221530079841614, 2.556424379348755, -3.161120653152466, 8.24215316772461, 4.233785152435303]",9.035998,26.16671,0,"[-2.4105294  21.398413    3.1327066   8.402012   12.56321     0.27548963
  2.769905   -2.7803721   8.022018    3.876833  ]",,Do some math and ration food
135,2919,273,15,instruct the passengers to ration their food,pg,1.0,96.6666666666667,Ahmed is the captain of a 50-passenger cruise ship. Four days into their trip they get caught in a storm and the engine breaks under the pressure. They are now stranded at sea. A rescue boat is on its way but might not arrive for a week. Their food supplies are quickly dwindling and Ahmed isn’t sure what to instruct the passengers and crew.,is the captain of a 50-passenger cruise ship . Four days into trip get caught in a storm and the engine breaks under the pressure . are now stranded at sea . A rescue boat is on way but might not arrive for a week . food supplies are quickly dwindling and isn ’ t sure what to instruct the passengers and crew . : instruct the passengers to ration food,-2.363989,21.544086,3.4883306,8.491341,12.705505,0.5727447,2.544955,-2.609766,7.879356,3.818687,"[-2.3639891147613525, 21.544086456298828, 3.488330602645874, 8.491340637207031, 12.70550537109375, 0.5727447271347046, 2.544955015182495, -2.6097660064697266, 7.8793559074401855, 3.8186869621276855]",8.2911415,25.144705,0,"[-2.4105294  21.398413    3.1327066   8.402012   12.56321     0.27548963
  2.769905   -2.7803721   8.022018    3.876833  ]",,Do some math and ration food
136,2920,274,15,conserve food,pg,1.0,100.0,Ahmed is the captain of a 50-passenger cruise ship. Four days into their trip they get caught in a storm and the engine breaks under the pressure. They are now stranded at sea. A rescue boat is on its way but might not arrive for a week. Their food supplies are quickly dwindling and Ahmed isn’t sure what to instruct the passengers and crew.,is the captain of a 50-passenger cruise ship . Four days into trip get caught in a storm and the engine breaks under the pressure . are now stranded at sea . A rescue boat is on way but might not arrive for a week . food supplies are quickly dwindling and isn ’ t sure what to instruct the passengers and crew . : conserve food,-2.3502367,21.507618,3.6731641,8.271733,13.0791025,0.6459682,2.3979807,-3.3225038,8.104989,3.8765516,"[-2.350236654281616, 21.507617950439453, 3.673164129257202, 8.271733283996582, 13.079102516174316, 0.6459681987762451, 2.3979806900024414, -3.3225038051605225, 8.104989051818848, 3.876551628112793]",8.870238,25.103462,0,"[-2.539899   21.376513    3.7032785   8.16124    13.059622    0.74750316
  2.236266   -3.401897    8.24102     3.61381   ]",,Do some math and ration food
137,2921,276,15,ration the supplies,pg,1.0,90.0,Ahmed is the captain of a 50-passenger cruise ship. Four days into their trip they get caught in a storm and the engine breaks under the pressure. They are now stranded at sea. A rescue boat is on its way but might not arrive for a week. Their food supplies are quickly dwindling and Ahmed isn’t sure what to instruct the passengers and crew.,is the captain of a 50-passenger cruise ship . Four days into trip get caught in a storm and the engine breaks under the pressure . are now stranded at sea . A rescue boat is on way but might not arrive for a week . food supplies are quickly dwindling and isn ’ t sure what to instruct the passengers and crew . : ration the supplies,-2.3791053,21.269285,2.8414965,8.512363,12.420631,0.06977094,3.0240552,-2.6882243,7.9039803,4.035991,"[-2.37910532951355, 21.269285202026367, 2.841496467590332, 8.51236343383789, 12.420631408691406, 0.0697709396481514, 3.024055242538452, -2.6882243156433105, 7.903980255126953, 4.035991191864014]",8.391668,26.52172,0,"[-2.4105294  21.398413    3.1327066   8.402012   12.56321     0.27548963
  2.769905   -2.7803721   8.022018    3.876833  ]",,Do some math and ration food
138,2922,278,15,Ration the food he has to keep everyone alive,pg,1.0,98.3333333333333,Ahmed is the captain of a 50-passenger cruise ship. Four days into their trip they get caught in a storm and the engine breaks under the pressure. They are now stranded at sea. A rescue boat is on its way but might not arrive for a week. Their food supplies are quickly dwindling and Ahmed isn’t sure what to instruct the passengers and crew.,is the captain of a 50-passenger cruise ship . Four days into trip get caught in a storm and the engine breaks under the pressure . are now stranded at sea . A rescue boat is on way but might not arrive for a week . food supplies are quickly dwindling and isn ’ t sure what to instruct the passengers and crew . : Ration the food has to keep everyone alive,-2.59458,21.46465,3.5409806,8.120291,12.7616005,0.53655297,2.3593874,-2.7002392,8.1956215,3.5160656,"[-2.5945799350738525, 21.464649200439453, 3.540980577468872, 8.120290756225586, 12.761600494384766, 0.5365529656410217, 2.3593873977661133, -2.7002391815185547, 8.195621490478516, 3.5160655975341797]",8.963154,24.791227,0,"[-2.6063912 21.337578   3.5135782  8.218158  12.792952   0.7752005
  2.3582692 -2.6884098  8.116338   3.16219  ]",,Do some math and ration food
139,2923,280,15,Ahmed could ration the food to everyone until help arrives.,pg,1.0,95.0,Ahmed is the captain of a 50-passenger cruise ship. Four days into their trip they get caught in a storm and the engine breaks under the pressure. They are now stranded at sea. A rescue boat is on its way but might not arrive for a week. Their food supplies are quickly dwindling and Ahmed isn’t sure what to instruct the passengers and crew.,is the captain of a 50-passenger cruise ship . Four days into trip get caught in a storm and the engine breaks under the pressure . are now stranded at sea . A rescue boat is on way but might not arrive for a week . food supplies are quickly dwindling and isn ’ t sure what to instruct the passengers and crew . : ration the food to everyone until help arrives .,-2.6324346,21.307009,3.421591,8.191195,12.630291,0.3061321,2.4032912,-2.6757388,8.186768,3.7374842,"[-2.632434606552124, 21.307008743286133, 3.42159104347229, 8.191194534301758, 12.630290985107422, 0.30613210797309875, 2.4032912254333496, -2.67573881149292, 8.186767578125, 3.7374842166900635]",9.174811,25.209236,0,"[-2.4105294  21.398413    3.1327066   8.402012   12.56321     0.27548963
  2.769905   -2.7803721   8.022018    3.876833  ]",,Do some math and ration food
140,2924,283,15,ration food carefully and tell people they will be rescued soon,pg,1.0,88.3333333333333,Ahmed is the captain of a 50-passenger cruise ship. Four days into their trip they get caught in a storm and the engine breaks under the pressure. They are now stranded at sea. A rescue boat is on its way but might not arrive for a week. Their food supplies are quickly dwindling and Ahmed isn’t sure what to instruct the passengers and crew.,is the captain of a 50-passenger cruise ship . Four days into trip get caught in a storm and the engine breaks under the pressure . are now stranded at sea . A rescue boat is on way but might not arrive for a week . food supplies are quickly dwindling and isn ’ t sure what to instruct the passengers and crew . : ration food carefully and tell people will be rescued soon,-2.663179,21.237204,3.6816401,8.216612,12.966996,1.1682395,2.244614,-2.7072582,8.12854,2.6654022,"[-2.6631789207458496, 21.23720359802246, 3.681640148162842, 8.216611862182617, 12.966996192932129, 1.1682394742965698, 2.2446138858795166, -2.7072582244873047, 8.1285400390625, 2.6654021739959717]",8.644882,23.489418,0,"[-2.7720344 21.198093   3.524655   8.050342  12.951804   1.1348985
  2.1959908 -2.8224287  8.259791   2.3755927]",,Do some math and ration food
141,2925,284,15,He could order food rationing,pg,1.0,100.0,Ahmed is the captain of a 50-passenger cruise ship. Four days into their trip they get caught in a storm and the engine breaks under the pressure. They are now stranded at sea. A rescue boat is on its way but might not arrive for a week. Their food supplies are quickly dwindling and Ahmed isn’t sure what to instruct the passengers and crew.,is the captain of a 50-passenger cruise ship . Four days into trip get caught in a storm and the engine breaks under the pressure . are now stranded at sea . A rescue boat is on way but might not arrive for a week . food supplies are quickly dwindling and isn ’ t sure what to instruct the passengers and crew . : order food rationing,-2.3468597,21.111675,3.0467284,8.464218,12.329946,-0.3257956,2.7609916,-2.6570315,8.010624,4.655553,"[-2.3468596935272217, 21.111675262451172, 3.0467283725738525, 8.464218139648438, 12.32994556427002, -0.32579559087753296, 2.7609915733337402, -2.657031536102295, 8.010623931884766, 4.655552864074707]",9.316155,27.109192,0,"[-2.329078   21.25354     3.1480563   8.463956   12.449426   -0.20846546
  2.7263842  -2.7515886   8.015783    4.524402  ]",,Do some math and ration food
142,2926,285,15,Come up with a food rasioning plan.,pg,1.0,88.6666666666667,Ahmed is the captain of a 50-passenger cruise ship. Four days into their trip they get caught in a storm and the engine breaks under the pressure. They are now stranded at sea. A rescue boat is on its way but might not arrive for a week. Their food supplies are quickly dwindling and Ahmed isn’t sure what to instruct the passengers and crew.,is the captain of a 50-passenger cruise ship . Four days into trip get caught in a storm and the engine breaks under the pressure . are now stranded at sea . A rescue boat is on way but might not arrive for a week . food supplies are quickly dwindling and isn ’ t sure what to instruct the passengers and crew . : Come up with a food rasioning plan .,-2.4630578,21.527012,3.4227793,8.138231,12.853016,0.36956987,2.5031235,-3.2318835,8.33258,3.9045782,"[-2.46305775642395, 21.52701187133789, 3.4227793216705322, 8.13823127746582, 12.853015899658203, 0.36956986784935, 2.5031235218048096, -3.2318835258483887, 8.332579612731934, 3.90457820892334]",8.674926,25.653997,0,"[-2.539899   21.376513    3.7032785   8.16124    13.059622    0.74750316
  2.236266   -3.401897    8.24102     3.61381   ]",,Do some math and ration food
143,2927,286,15,Ration the food.,pg,1.0,97.6666666666667,Ahmed is the captain of a 50-passenger cruise ship. Four days into their trip they get caught in a storm and the engine breaks under the pressure. They are now stranded at sea. A rescue boat is on its way but might not arrive for a week. Their food supplies are quickly dwindling and Ahmed isn’t sure what to instruct the passengers and crew.,is the captain of a 50-passenger cruise ship . Four days into trip get caught in a storm and the engine breaks under the pressure . are now stranded at sea . A rescue boat is on way but might not arrive for a week . food supplies are quickly dwindling and isn ’ t sure what to instruct the passengers and crew . : Ration the food .,-2.3537037,21.138733,3.101023,8.48801,12.425789,-0.36299002,2.747379,-2.6007674,7.941658,4.567921,"[-2.353703737258911, 21.13873291015625, 3.101022958755493, 8.48801040649414, 12.425788879394531, -0.36299002170562744, 2.7473790645599365, -2.6007673740386963, 7.941658020019531, 4.567921161651611]",9.282753,26.995258,0,"[-2.329078   21.25354     3.1480563   8.463956   12.449426   -0.20846546
  2.7263842  -2.7515886   8.015783    4.524402  ]",,Do some math and ration food
144,2928,288,15,ration food supply,pg,1.0,100.0,Ahmed is the captain of a 50-passenger cruise ship. Four days into their trip they get caught in a storm and the engine breaks under the pressure. They are now stranded at sea. A rescue boat is on its way but might not arrive for a week. Their food supplies are quickly dwindling and Ahmed isn’t sure what to instruct the passengers and crew.,is the captain of a 50-passenger cruise ship . Four days into trip get caught in a storm and the engine breaks under the pressure . are now stranded at sea . A rescue boat is on way but might not arrive for a week . food supplies are quickly dwindling and isn ’ t sure what to instruct the passengers and crew . : ration food supply,-2.1545131,21.840551,3.2289214,8.510105,12.726261,0.3602495,2.937633,-2.9175124,7.888166,4.230898,"[-2.154513120651245, 21.840551376342773, 3.228921413421631, 8.51010513305664, 12.726261138916016, 0.36024948954582214, 2.9376330375671387, -2.9175124168395996, 7.8881659507751465, 4.230897903442383]",7.885857,25.758434,0,"[-2.2230554 21.91202    3.4240985  8.400845  12.843192   0.5646142
  2.7558246 -3.032961   7.986595   4.058412 ]",,Do some math and ration food
145,2929,290,15,tell them to ration,pg,1.0,100.0,Ahmed is the captain of a 50-passenger cruise ship. Four days into their trip they get caught in a storm and the engine breaks under the pressure. They are now stranded at sea. A rescue boat is on its way but might not arrive for a week. Their food supplies are quickly dwindling and Ahmed isn’t sure what to instruct the passengers and crew.,is the captain of a 50-passenger cruise ship . Four days into trip get caught in a storm and the engine breaks under the pressure . are now stranded at sea . A rescue boat is on way but might not arrive for a week . food supplies are quickly dwindling and isn ’ t sure what to instruct the passengers and crew . : tell to ration,-2.356259,21.507217,3.3193846,8.47176,12.665714,0.45727155,2.7173467,-2.611545,7.882894,3.840805,"[-2.3562591075897217, 21.507217407226562, 3.3193845748901367, 8.471759796142578, 12.665714263916016, 0.457271546125412, 2.717346668243408, -2.6115450859069824, 7.882894039154053, 3.8408050537109375]",8.254604,25.672691,0,"[-2.4105294  21.398413    3.1327066   8.402012   12.56321     0.27548963
  2.769905   -2.7803721   8.022018    3.876833  ]",,Do some math and ration food
146,2930,292,15,Ration out the food.,pg,1.0,88.3333333333333,Ahmed is the captain of a 50-passenger cruise ship. Four days into their trip they get caught in a storm and the engine breaks under the pressure. They are now stranded at sea. A rescue boat is on its way but might not arrive for a week. Their food supplies are quickly dwindling and Ahmed isn’t sure what to instruct the passengers and crew.,is the captain of a 50-passenger cruise ship . Four days into trip get caught in a storm and the engine breaks under the pressure . are now stranded at sea . A rescue boat is on way but might not arrive for a week . food supplies are quickly dwindling and isn ’ t sure what to instruct the passengers and crew . : Ration out the food .,-2.3458467,21.160559,3.1579633,8.4921465,12.474649,-0.35018438,2.716677,-2.5899293,7.921786,4.5413313,"[-2.345846652984619, 21.160558700561523, 3.157963275909424, 8.492146492004395, 12.474649429321289, -0.3501843810081482, 2.716676950454712, -2.5899293422698975, 7.921785831451416, 4.5413312911987305]",9.1837845,26.907854,0,"[-2.329078   21.25354     3.1480563   8.463956   12.449426   -0.20846546
  2.7263842  -2.7515886   8.015783    4.524402  ]",,Do some math and ration food
147,2931,293,15,Ration food,pg,1.0,96.6666666666667,Ahmed is the captain of a 50-passenger cruise ship. Four days into their trip they get caught in a storm and the engine breaks under the pressure. They are now stranded at sea. A rescue boat is on its way but might not arrive for a week. Their food supplies are quickly dwindling and Ahmed isn’t sure what to instruct the passengers and crew.,is the captain of a 50-passenger cruise ship . Four days into trip get caught in a storm and the engine breaks under the pressure . are now stranded at sea . A rescue boat is on way but might not arrive for a week . food supplies are quickly dwindling and isn ’ t sure what to instruct the passengers and crew . : Ration food,-2.1695023,22.084671,3.4753995,8.459547,12.797659,0.58883685,2.748978,-3.0844872,7.958001,4.101917,"[-2.1695022583007812, 22.084671020507812, 3.4753994941711426, 8.45954704284668, 12.797658920288086, 0.5888368487358093, 2.7489778995513916, -3.084487199783325, 7.958001136779785, 4.101916790008545]",7.747189,25.532269,0,"[-2.2230554 21.91202    3.4240985  8.400845  12.843192   0.5646142
  2.7558246 -3.032961   7.986595   4.058412 ]",,Do some math and ration food
148,2932,294,15,Gather all the food and ration it,pg,1.0,97.6666666666667,Ahmed is the captain of a 50-passenger cruise ship. Four days into their trip they get caught in a storm and the engine breaks under the pressure. They are now stranded at sea. A rescue boat is on its way but might not arrive for a week. Their food supplies are quickly dwindling and Ahmed isn’t sure what to instruct the passengers and crew.,is the captain of a 50-passenger cruise ship . Four days into trip get caught in a storm and the engine breaks under the pressure . are now stranded at sea . A rescue boat is on way but might not arrive for a week . food supplies are quickly dwindling and isn ’ t sure what to instruct the passengers and crew . : Gather all the food and ration,-2.8533263,21.257603,3.4650402,7.9877577,12.792876,0.8263201,2.2344458,-2.8204257,8.369619,2.762514,"[-2.8533263206481934, 21.25760269165039, 3.4650402069091797, 7.987757682800293, 12.792876243591309, 0.8263201117515564, 2.234445810317993, -2.8204257488250732, 8.369619369506836, 2.762514114379883]",9.201278,23.491201,0,"[-2.7720344 21.198093   3.524655   8.050342  12.951804   1.1348985
  2.1959908 -2.8224287  8.259791   2.3755927]",,Do some math and ration food
149,2933,296,15,Reduce the frequency of food to once a day.,pg,1.0,76.6666666666667,Ahmed is the captain of a 50-passenger cruise ship. Four days into their trip they get caught in a storm and the engine breaks under the pressure. They are now stranded at sea. A rescue boat is on its way but might not arrive for a week. Their food supplies are quickly dwindling and Ahmed isn’t sure what to instruct the passengers and crew.,is the captain of a 50-passenger cruise ship . Four days into trip get caught in a storm and the engine breaks under the pressure . are now stranded at sea . A rescue boat is on way but might not arrive for a week . food supplies are quickly dwindling and isn ’ t sure what to instruct the passengers and crew . : Reduce the frequency of food to once a day .,-2.3141263,21.347082,3.457862,8.424511,12.577035,-0.087219104,2.4572797,-2.836054,8.0793705,4.5794625,"[-2.3141262531280518, 21.347082138061523, 3.45786190032959, 8.424510955810547, 12.577034950256348, -0.08721910417079926, 2.457279682159424, -2.8360540866851807, 8.079370498657227, 4.57946252822876]",9.561949,26.386656,0,"[-2.329078   21.25354     3.1480563   8.463956   12.449426   -0.20846546
  2.7263842  -2.7515886   8.015783    4.524402  ]",,Do some math and ration food
150,2934,297,15,ration food,pg,1.0,96.6666666666667,Ahmed is the captain of a 50-passenger cruise ship. Four days into their trip they get caught in a storm and the engine breaks under the pressure. They are now stranded at sea. A rescue boat is on its way but might not arrive for a week. Their food supplies are quickly dwindling and Ahmed isn’t sure what to instruct the passengers and crew.,is the captain of a 50-passenger cruise ship . Four days into trip get caught in a storm and the engine breaks under the pressure . are now stranded at sea . A rescue boat is on way but might not arrive for a week . food supplies are quickly dwindling and isn ’ t sure what to instruct the passengers and crew . : ration food,-2.20611,22.00361,3.4907558,8.398223,12.863426,0.64629775,2.7424228,-2.9254267,7.8959117,4.1534142,"[-2.2061100006103516, 22.003610610961914, 3.490755796432495, 8.398222923278809, 12.863426208496094, 0.6462977528572083, 2.7424228191375732, -2.925426721572876, 7.895911693572998, 4.153414249420166]",7.847557,25.482252,0,"[-2.2230554 21.91202    3.4240985  8.400845  12.843192   0.5646142
  2.7558246 -3.032961   7.986595   4.058412 ]",,Do some math and ration food
151,2935,298,15,Ration the supplies,pg,1.0,80.0,Ahmed is the captain of a 50-passenger cruise ship. Four days into their trip they get caught in a storm and the engine breaks under the pressure. They are now stranded at sea. A rescue boat is on its way but might not arrive for a week. Their food supplies are quickly dwindling and Ahmed isn’t sure what to instruct the passengers and crew.,is the captain of a 50-passenger cruise ship . Four days into trip get caught in a storm and the engine breaks under the pressure . are now stranded at sea . A rescue boat is on way but might not arrive for a week . food supplies are quickly dwindling and isn ’ t sure what to instruct the passengers and crew . : Ration the supplies,-2.3555071,21.292244,2.8377924,8.51817,12.425954,0.065990016,3.0306282,-2.71154,7.9207172,4.04451,"[-2.3555071353912354, 21.29224395751953, 2.83779239654541, 8.518170356750488, 12.42595386505127, 0.06599001586437225, 3.030628204345703, -2.7115399837493896, 7.920717239379883, 4.0445098876953125]",8.326613,26.491756,0,"[-2.4105294  21.398413    3.1327066   8.402012   12.56321     0.27548963
  2.769905   -2.7803721   8.022018    3.876833  ]",,Do some math and ration food
152,2936,299,15,ration the food for each meal for everyone,pg,1.0,86.6666666666667,Ahmed is the captain of a 50-passenger cruise ship. Four days into their trip they get caught in a storm and the engine breaks under the pressure. They are now stranded at sea. A rescue boat is on its way but might not arrive for a week. Their food supplies are quickly dwindling and Ahmed isn’t sure what to instruct the passengers and crew.,is the captain of a 50-passenger cruise ship . Four days into trip get caught in a storm and the engine breaks under the pressure . are now stranded at sea . A rescue boat is on way but might not arrive for a week . food supplies are quickly dwindling and isn ’ t sure what to instruct the passengers and crew . : ration the food for each meal for everyone,-2.313431,21.192236,3.1371925,8.494618,12.438867,-0.34857664,2.7182062,-2.7321217,8.022648,4.68516,"[-2.3134310245513916, 21.192235946655273, 3.137192487716675, 8.49461841583252, 12.43886661529541, -0.3485766351222992, 2.7182061672210693, -2.732121706008911, 8.022647857666016, 4.685160160064697]",9.498,26.834826,0,"[-2.329078   21.25354     3.1480563   8.463956   12.449426   -0.20846546
  2.7263842  -2.7515886   8.015783    4.524402  ]",,Do some math and ration food
153,2937,300,15,ask the passengers to fast for few days,pg,1.0,80.6666666666667,Ahmed is the captain of a 50-passenger cruise ship. Four days into their trip they get caught in a storm and the engine breaks under the pressure. They are now stranded at sea. A rescue boat is on its way but might not arrive for a week. Their food supplies are quickly dwindling and Ahmed isn’t sure what to instruct the passengers and crew.,is the captain of a 50-passenger cruise ship . Four days into trip get caught in a storm and the engine breaks under the pressure . are now stranded at sea . A rescue boat is on way but might not arrive for a week . food supplies are quickly dwindling and isn ’ t sure what to instruct the passengers and crew . : ask the passengers to fast for few days,-2.6323647,21.343678,3.8660517,8.098173,12.924333,0.8985928,2.0694127,-2.5049052,8.025155,3.1354325,"[-2.6323647499084473, 21.343677520751953, 3.86605167388916, 8.098173141479492, 12.924332618713379, 0.8985928297042847, 2.0694127082824707, -2.5049052238464355, 8.025155067443848, 3.135432481765747]",8.902505,24.030708,0,"[-2.6063912 21.337578   3.5135782  8.218158  12.792952   0.7752005
  2.3582692 -2.6884098  8.116338   3.16219  ]",,Do some math and ration food
154,2938,301,15,tell them to ration food,pg,1.0,100.0,Ahmed is the captain of a 50-passenger cruise ship. Four days into their trip they get caught in a storm and the engine breaks under the pressure. They are now stranded at sea. A rescue boat is on its way but might not arrive for a week. Their food supplies are quickly dwindling and Ahmed isn’t sure what to instruct the passengers and crew.,is the captain of a 50-passenger cruise ship . Four days into trip get caught in a storm and the engine breaks under the pressure . are now stranded at sea . A rescue boat is on way but might not arrive for a week . food supplies are quickly dwindling and isn ’ t sure what to instruct the passengers and crew . : tell to ration food,-2.336233,21.684835,3.4732327,8.432021,12.772415,0.6197988,2.6331077,-2.7423627,7.9268813,3.8315823,"[-2.336232900619507, 21.68483543395996, 3.4732327461242676, 8.432021141052246, 12.772415161132812, 0.6197987794876099, 2.6331076622009277, -2.7423627376556396, 7.926881313323975, 3.8315823078155518]",8.153289,25.24137,0,"[-2.2230554 21.91202    3.4240985  8.400845  12.843192   0.5646142
  2.7558246 -3.032961   7.986595   4.058412 ]",,Do some math and ration food
155,2939,305,15,Instruct all to ration food. Skip meals.,pg,1.0,100.0,Ahmed is the captain of a 50-passenger cruise ship. Four days into their trip they get caught in a storm and the engine breaks under the pressure. They are now stranded at sea. A rescue boat is on its way but might not arrive for a week. Their food supplies are quickly dwindling and Ahmed isn’t sure what to instruct the passengers and crew.,is the captain of a 50-passenger cruise ship . Four days into trip get caught in a storm and the engine breaks under the pressure . are now stranded at sea . A rescue boat is on way but might not arrive for a week . food supplies are quickly dwindling and isn ’ t sure what to instruct the passengers and crew . : Instruct all to ration food . Skip meals .,-2.4122472,21.42262,3.624265,8.43142,12.692765,0.4534008,2.3556123,-2.5544546,7.915916,3.9572792,"[-2.4122471809387207, 21.42262077331543, 3.62426495552063, 8.43142032623291, 12.692765235900879, 0.45340079069137573, 2.355612277984619, -2.5544545650482178, 7.9159159660339355, 3.9572792053222656]",8.596845,25.05968,0,"[-2.4586341 21.464603   3.7791696  8.267376  12.70135    0.3123808
  2.1076412 -2.852465   8.178061   4.177543 ]",,Do some math and ration food
156,2940,306,15,ration the suuplies by days and people,pg,1.0,96.3333333333333,Ahmed is the captain of a 50-passenger cruise ship. Four days into their trip they get caught in a storm and the engine breaks under the pressure. They are now stranded at sea. A rescue boat is on its way but might not arrive for a week. Their food supplies are quickly dwindling and Ahmed isn’t sure what to instruct the passengers and crew.,is the captain of a 50-passenger cruise ship . Four days into trip get caught in a storm and the engine breaks under the pressure . are now stranded at sea . A rescue boat is on way but might not arrive for a week . food supplies are quickly dwindling and isn ’ t sure what to instruct the passengers and crew . : ration the suuplies by days and people,-2.3653486,21.190586,2.8569763,8.529638,12.389371,-0.11881258,3.0045419,-2.6648004,7.8920627,4.2886095,"[-2.3653485774993896, 21.19058609008789, 2.856976270675659, 8.529638290405273, 12.389370918273926, -0.11881258338689804, 3.0045418739318848, -2.6648004055023193, 7.892062664031982, 4.288609504699707]",8.629033,26.845776,0,"[-2.329078   21.25354     3.1480563   8.463956   12.449426   -0.20846546
  2.7263842  -2.7515886   8.015783    4.524402  ]",,Do some math and ration food
157,2941,307,15,equalize the supplies,pg,1.0,100.0,Ahmed is the captain of a 50-passenger cruise ship. Four days into their trip they get caught in a storm and the engine breaks under the pressure. They are now stranded at sea. A rescue boat is on its way but might not arrive for a week. Their food supplies are quickly dwindling and Ahmed isn’t sure what to instruct the passengers and crew.,is the captain of a 50-passenger cruise ship . Four days into trip get caught in a storm and the engine breaks under the pressure . are now stranded at sea . A rescue boat is on way but might not arrive for a week . food supplies are quickly dwindling and isn ’ t sure what to instruct the passengers and crew . : equalize the supplies,-2.3557236,21.322107,2.8396354,8.515847,12.427124,0.08931821,3.030962,-2.7619073,7.9609313,3.9964123,"[-2.3557236194610596, 21.322107315063477, 2.8396353721618652, 8.515847206115723, 12.4271240234375, 0.08931820839643478, 3.0309619903564453, -2.7619073390960693, 7.960931301116943, 3.9964122772216797]",8.448837,26.453714,0,"[-2.4105294  21.398413    3.1327066   8.402012   12.56321     0.27548963
  2.769905   -2.7803721   8.022018    3.876833  ]",,Do some math and ration food
158,2942,308,15,Order rations,pg,1.0,96.3333333333333,Ahmed is the captain of a 50-passenger cruise ship. Four days into their trip they get caught in a storm and the engine breaks under the pressure. They are now stranded at sea. A rescue boat is on its way but might not arrive for a week. Their food supplies are quickly dwindling and Ahmed isn’t sure what to instruct the passengers and crew.,is the captain of a 50-passenger cruise ship . Four days into trip get caught in a storm and the engine breaks under the pressure . are now stranded at sea . A rescue boat is on way but might not arrive for a week . food supplies are quickly dwindling and isn ’ t sure what to instruct the passengers and crew . : Order rations,-2.7361455,21.3568,3.3435116,8.010439,12.674493,0.3874499,2.380484,-2.758302,8.413507,3.3001235,"[-2.736145496368408, 21.356800079345703, 3.3435115814208984, 8.010438919067383, 12.674492835998535, 0.38744989037513733, 2.380484104156494, -2.7583019733428955, 8.413507461547852, 3.300123453140259]",9.095672,24.419806,0,"[-2.6063912 21.337578   3.5135782  8.218158  12.792952   0.7752005
  2.3582692 -2.6884098  8.116338   3.16219  ]",,Do some math and ration food
159,2943,310,15,Inventory and prepare to ration remaining food,pg,1.0,98.3333333333333,Ahmed is the captain of a 50-passenger cruise ship. Four days into their trip they get caught in a storm and the engine breaks under the pressure. They are now stranded at sea. A rescue boat is on its way but might not arrive for a week. Their food supplies are quickly dwindling and Ahmed isn’t sure what to instruct the passengers and crew.,is the captain of a 50-passenger cruise ship . Four days into trip get caught in a storm and the engine breaks under the pressure . are now stranded at sea . A rescue boat is on way but might not arrive for a week . food supplies are quickly dwindling and isn ’ t sure what to instruct the passengers and crew . : Inventory and prepare to ration remaining food,-2.3235388,21.719542,3.459294,8.294171,12.905911,0.58084446,2.6121383,-3.2481358,8.137245,3.9087653,"[-2.3235387802124023, 21.719541549682617, 3.459294080734253, 8.294171333312988, 12.905911445617676, 0.5808444619178772, 2.612138271331787, -3.248135805130005, 8.137245178222656, 3.9087653160095215]",8.520868,25.471764,0,"[-2.2230554 21.91202    3.4240985  8.400845  12.843192   0.5646142
  2.7558246 -3.032961   7.986595   4.058412 ]",,Do some math and ration food
160,2944,311,15,make a list of all food items and how to ration them,pg,1.0,95.6666666666667,Ahmed is the captain of a 50-passenger cruise ship. Four days into their trip they get caught in a storm and the engine breaks under the pressure. They are now stranded at sea. A rescue boat is on its way but might not arrive for a week. Their food supplies are quickly dwindling and Ahmed isn’t sure what to instruct the passengers and crew.,is the captain of a 50-passenger cruise ship . Four days into trip get caught in a storm and the engine breaks under the pressure . are now stranded at sea . A rescue boat is on way but might not arrive for a week . food supplies are quickly dwindling and isn ’ t sure what to instruct the passengers and crew . : make a list of all food items and how to ration,-2.1439672,22.047739,3.4539785,8.424232,12.865093,0.5787672,2.8209684,-3.0465977,7.96088,4.177209,"[-2.1439671516418457, 22.047739028930664, 3.4539785385131836, 8.42423152923584, 12.865093231201172, 0.5787671804428101, 2.8209683895111084, -3.046597719192505, 7.960879802703857, 4.17720890045166]",7.719829,25.537626,0,"[-2.2230554 21.91202    3.4240985  8.400845  12.843192   0.5646142
  2.7558246 -3.032961   7.986595   4.058412 ]",,Do some math and ration food
161,2945,212,15,Ration the remaining supplies,pg,2.0,93.3333333333333,Ahmed is the captain of a 50-passenger cruise ship. Four days into their trip they get caught in a storm and the engine breaks under the pressure. They are now stranded at sea. A rescue boat is on its way but might not arrive for a week. Their food supplies are quickly dwindling and Ahmed isn’t sure what to instruct the passengers and crew.,is the captain of a 50-passenger cruise ship . Four days into trip get caught in a storm and the engine breaks under the pressure . are now stranded at sea . A rescue boat is on way but might not arrive for a week . food supplies are quickly dwindling and isn ’ t sure what to instruct the passengers and crew . : Ration the remaining supplies,-2.4046073,21.266304,2.860341,8.478451,12.437331,0.11969987,2.991513,-2.697932,7.937965,3.9625769,"[-2.4046072959899902, 21.26630401611328, 2.8603410720825195, 8.478450775146484, 12.437331199645996, 0.1196998730301857, 2.9915130138397217, -2.697932004928589, 7.937964916229248, 3.9625768661499023]",8.388614,26.469332,0,"[-2.4105294  21.398413    3.1327066   8.402012   12.56321     0.27548963
  2.769905   -2.7803721   8.022018    3.876833  ]",,Do some math and ration food
162,2946,219,15,Get everyone a food limit to make it last longer,pg,2.0,95.0,Ahmed is the captain of a 50-passenger cruise ship. Four days into their trip they get caught in a storm and the engine breaks under the pressure. They are now stranded at sea. A rescue boat is on its way but might not arrive for a week. Their food supplies are quickly dwindling and Ahmed isn’t sure what to instruct the passengers and crew.,is the captain of a 50-passenger cruise ship . Four days into trip get caught in a storm and the engine breaks under the pressure . are now stranded at sea . A rescue boat is on way but might not arrive for a week . food supplies are quickly dwindling and isn ’ t sure what to instruct the passengers and crew . : Get everyone a food limit to make last longer,-2.2713094,21.370241,3.5241048,8.425431,12.6884,0.07931297,2.4494133,-2.9337976,8.076748,4.4237595,"[-2.2713093757629395, 21.370241165161133, 3.5241048336029053, 8.425431251525879, 12.688400268554688, 0.07931297272443771, 2.449413299560547, -2.933797597885132, 8.07674789428711, 4.423759460449219]",9.280189,26.250145,0,"[-2.4586341 21.464603   3.7791696  8.267376  12.70135    0.3123808
  2.1076412 -2.852465   8.178061   4.177543 ]",,Do some math and ration food
163,2947,220,15,Tell them to start perserving water.,pg,2.0,100.0,Ahmed is the captain of a 50-passenger cruise ship. Four days into their trip they get caught in a storm and the engine breaks under the pressure. They are now stranded at sea. A rescue boat is on its way but might not arrive for a week. Their food supplies are quickly dwindling and Ahmed isn’t sure what to instruct the passengers and crew.,is the captain of a 50-passenger cruise ship . Four days into trip get caught in a storm and the engine breaks under the pressure . are now stranded at sea . A rescue boat is on way but might not arrive for a week . food supplies are quickly dwindling and isn ’ t sure what to instruct the passengers and crew . : Tell to start perserving water .,-2.8930473,21.084229,3.332827,7.984691,12.95748,1.1839595,2.1134777,-2.8063111,8.333299,1.9708802,"[-2.893047332763672, 21.084228515625, 3.332827091217041, 7.984691143035889, 12.957480430603027, 1.1839594841003418, 2.1134777069091797, -2.8063111305236816, 8.333298683166504, 1.970880150794983]",9.178572,22.546648,0,"[-2.7720344 21.198093   3.524655   8.050342  12.951804   1.1348985
  2.1959908 -2.8224287  8.259791   2.3755927]",,Do some math and ration food
164,2948,221,15,lock the food away,pg,2.0,2.66666666666667,Ahmed is the captain of a 50-passenger cruise ship. Four days into their trip they get caught in a storm and the engine breaks under the pressure. They are now stranded at sea. A rescue boat is on its way but might not arrive for a week. Their food supplies are quickly dwindling and Ahmed isn’t sure what to instruct the passengers and crew.,is the captain of a 50-passenger cruise ship . Four days into trip get caught in a storm and the engine breaks under the pressure . are now stranded at sea . A rescue boat is on way but might not arrive for a week . food supplies are quickly dwindling and isn ’ t sure what to instruct the passengers and crew . : lock the food away,-2.633243,21.267391,3.74611,8.118797,13.111887,0.8628181,2.150815,-3.4034307,8.237726,3.4292066,"[-2.6332430839538574, 21.267391204833984, 3.746109962463379, 8.118797302246094, 13.111886978149414, 0.8628181219100952, 2.150815010070801, -3.403430700302124, 8.237726211547852, 3.429206609725952]",8.787708,24.598352,0,"[-2.539899   21.376513    3.7032785   8.16124    13.059622    0.74750316
  2.236266   -3.401897    8.24102     3.61381   ]",,Do some math and ration food
165,2949,223,15,Begin to ration food and water.,pg,2.0,100.0,Ahmed is the captain of a 50-passenger cruise ship. Four days into their trip they get caught in a storm and the engine breaks under the pressure. They are now stranded at sea. A rescue boat is on its way but might not arrive for a week. Their food supplies are quickly dwindling and Ahmed isn’t sure what to instruct the passengers and crew.,is the captain of a 50-passenger cruise ship . Four days into trip get caught in a storm and the engine breaks under the pressure . are now stranded at sea . A rescue boat is on way but might not arrive for a week . food supplies are quickly dwindling and isn ’ t sure what to instruct the passengers and crew . : Begin to ration food and water .,-2.6569457,21.280315,3.257288,8.145605,12.68763,0.6087516,2.502639,-2.666344,8.172843,3.0735328,"[-2.6569457054138184, 21.280315399169922, 3.2572879791259766, 8.145605087280273, 12.687629699707031, 0.6087515950202942, 2.502639055252075, -2.666343927383423, 8.172842979431152, 3.073532819747925]",8.573455,24.166367,0,"[-2.6063912 21.337578   3.5135782  8.218158  12.792952   0.7752005
  2.3582692 -2.6884098  8.116338   3.16219  ]",,Do some math and ration food
166,2950,224,15,Ration food,pg,2.0,91.0,Ahmed is the captain of a 50-passenger cruise ship. Four days into their trip they get caught in a storm and the engine breaks under the pressure. They are now stranded at sea. A rescue boat is on its way but might not arrive for a week. Their food supplies are quickly dwindling and Ahmed isn’t sure what to instruct the passengers and crew.,is the captain of a 50-passenger cruise ship . Four days into trip get caught in a storm and the engine breaks under the pressure . are now stranded at sea . A rescue boat is on way but might not arrive for a week . food supplies are quickly dwindling and isn ’ t sure what to instruct the passengers and crew . : Ration food,-2.1402216,22.108465,3.4763315,8.447746,12.840424,0.63995236,2.803565,-3.092476,7.960786,4.1491923,"[-2.14022159576416, 22.10846519470215, 3.4763314723968506, 8.447746276855469, 12.840423583984375, 0.6399523615837097, 2.80356502532959, -3.0924758911132812, 7.960785865783691, 4.1491923332214355]",7.857447,25.374718,0,"[-2.2230554 21.91202    3.4240985  8.400845  12.843192   0.5646142
  2.7558246 -3.032961   7.986595   4.058412 ]",,Do some math and ration food
167,2951,225,15,make smaller meals,pg,2.0,85.0,Ahmed is the captain of a 50-passenger cruise ship. Four days into their trip they get caught in a storm and the engine breaks under the pressure. They are now stranded at sea. A rescue boat is on its way but might not arrive for a week. Their food supplies are quickly dwindling and Ahmed isn’t sure what to instruct the passengers and crew.,is the captain of a 50-passenger cruise ship . Four days into trip get caught in a storm and the engine breaks under the pressure . are now stranded at sea . A rescue boat is on way but might not arrive for a week . food supplies are quickly dwindling and isn ’ t sure what to instruct the passengers and crew . : make smaller meals,-2.2622342,21.409325,3.4493864,8.394247,12.620814,-0.04146972,2.4958503,-3.0086277,8.153791,4.4939,"[-2.2622342109680176, 21.409324645996094, 3.4493863582611084, 8.394247055053711, 12.620814323425293, -0.041469719260931015, 2.4958503246307373, -3.0086276531219482, 8.153791427612305, 4.493899822235107]",9.485811,26.425295,0,"[-2.329078   21.25354     3.1480563   8.463956   12.449426   -0.20846546
  2.7263842  -2.7515886   8.015783    4.524402  ]",,Do some math and ration food
168,2952,228,15,He should take charge and make sure everyone understands what is acceptable with the rations if they want to survive.,pg,2.0,100.0,Ahmed is the captain of a 50-passenger cruise ship. Four days into their trip they get caught in a storm and the engine breaks under the pressure. They are now stranded at sea. A rescue boat is on its way but might not arrive for a week. Their food supplies are quickly dwindling and Ahmed isn’t sure what to instruct the passengers and crew.,is the captain of a 50-passenger cruise ship . Four days into trip get caught in a storm and the engine breaks under the pressure . are now stranded at sea . A rescue boat is on way but might not arrive for a week . food supplies are quickly dwindling and isn ’ t sure what to instruct the passengers and crew . : take charge and make sure everyone understands what is acceptable with the rations if want to survive .,-2.9517496,21.195004,3.4931316,7.865121,12.773959,0.9191753,2.1124387,-2.8253114,8.389816,2.5343208,"[-2.951749563217163, 21.195003509521484, 3.493131637573242, 7.865120887756348, 12.773959159851074, 0.9191753268241882, 2.112438678741455, -2.8253114223480225, 8.389816284179688, 2.534320831298828]",9.428591,23.170607,0,"[-2.7720344 21.198093   3.524655   8.050342  12.951804   1.1348985
  2.1959908 -2.8224287  8.259791   2.3755927]",,Do some math and ration food
169,2953,230,15,Share small pieces of food.,pg,2.0,93.3333333333333,Ahmed is the captain of a 50-passenger cruise ship. Four days into their trip they get caught in a storm and the engine breaks under the pressure. They are now stranded at sea. A rescue boat is on its way but might not arrive for a week. Their food supplies are quickly dwindling and Ahmed isn’t sure what to instruct the passengers and crew.,is the captain of a 50-passenger cruise ship . Four days into trip get caught in a storm and the engine breaks under the pressure . are now stranded at sea . A rescue boat is on way but might not arrive for a week . food supplies are quickly dwindling and isn ’ t sure what to instruct the passengers and crew . : Share small pieces of food .,-2.6893604,21.45315,3.7779534,8.188361,12.685087,0.71560955,1.9296023,-3.2038748,8.356824,3.8565078,"[-2.6893603801727295, 21.453149795532227, 3.7779533863067627, 8.188361167907715, 12.685087203979492, 0.7156095504760742, 1.9296022653579712, -3.2038748264312744, 8.356823921203613, 3.8565077781677246]",9.610859,24.986116,0,"[-2.7441764 21.471848   3.8376455  8.027677  12.746755   0.5944112
  1.9096599 -3.0311432  8.425255   3.7557979]",,Do some math and ration food
170,2954,232,15,Ration food,pg,2.0,75.6666666666667,Ahmed is the captain of a 50-passenger cruise ship. Four days into their trip they get caught in a storm and the engine breaks under the pressure. They are now stranded at sea. A rescue boat is on its way but might not arrive for a week. Their food supplies are quickly dwindling and Ahmed isn’t sure what to instruct the passengers and crew.,is the captain of a 50-passenger cruise ship . Four days into trip get caught in a storm and the engine breaks under the pressure . are now stranded at sea . A rescue boat is on way but might not arrive for a week . food supplies are quickly dwindling and isn ’ t sure what to instruct the passengers and crew . : Ration food,-2.206242,22.070438,3.4193447,8.383515,12.886013,0.61042506,2.85026,-3.05175,7.9923434,4.082214,"[-2.206242084503174, 22.070438385009766, 3.419344663619995, 8.383515357971191, 12.88601303100586, 0.6104250550270081, 2.850260019302368, -3.0517499446868896, 7.992343425750732, 4.082213878631592]",7.760779,25.445377,0,"[-2.2230554 21.91202    3.4240985  8.400845  12.843192   0.5646142
  2.7558246 -3.032961   7.986595   4.058412 ]",,Do some math and ration food
171,2955,233,15,Let them eat one time per day,pg,2.0,95.0,Ahmed is the captain of a 50-passenger cruise ship. Four days into their trip they get caught in a storm and the engine breaks under the pressure. They are now stranded at sea. A rescue boat is on its way but might not arrive for a week. Their food supplies are quickly dwindling and Ahmed isn’t sure what to instruct the passengers and crew.,is the captain of a 50-passenger cruise ship . Four days into trip get caught in a storm and the engine breaks under the pressure . are now stranded at sea . A rescue boat is on way but might not arrive for a week . food supplies are quickly dwindling and isn ’ t sure what to instruct the passengers and crew . : Let eat one time per day,-2.3936949,21.518702,4.0078707,8.228251,12.850425,0.38438115,1.9455674,-2.8473194,8.180817,4.158095,"[-2.3936948776245117, 21.518701553344727, 4.007870674133301, 8.228251457214355, 12.850424766540527, 0.38438114523887634, 1.9455673694610596, -2.8473193645477295, 8.180816650390625, 4.158094882965088]",10.10394,25.479637,0,"[-2.4586341 21.464603   3.7791696  8.267376  12.70135    0.3123808
  2.1076412 -2.852465   8.178061   4.177543 ]",,Do some math and ration food
172,2956,239,15,Limit the amount of food people eat,pg,2.0,93.3333333333333,Ahmed is the captain of a 50-passenger cruise ship. Four days into their trip they get caught in a storm and the engine breaks under the pressure. They are now stranded at sea. A rescue boat is on its way but might not arrive for a week. Their food supplies are quickly dwindling and Ahmed isn’t sure what to instruct the passengers and crew.,is the captain of a 50-passenger cruise ship . Four days into trip get caught in a storm and the engine breaks under the pressure . are now stranded at sea . A rescue boat is on way but might not arrive for a week . food supplies are quickly dwindling and isn ’ t sure what to instruct the passengers and crew . : Limit the amount of food people eat,-2.2750783,21.340708,3.5677228,8.434437,12.675825,0.05298763,2.3951669,-2.927788,8.066398,4.48239,"[-2.275078296661377, 21.340707778930664, 3.567722797393799, 8.434436798095703, 12.675825119018555, 0.052987631410360336, 2.3951668739318848, -2.927788019180298, 8.066397666931152, 4.4823899269104]",9.333248,26.286512,0,"[-2.4586341 21.464603   3.7791696  8.267376  12.70135    0.3123808
  2.1076412 -2.852465   8.178061   4.177543 ]",,Do some math and ration food
173,2957,240,15,do a lottery for the food,pg,2.0,91.6666666666667,Ahmed is the captain of a 50-passenger cruise ship. Four days into their trip they get caught in a storm and the engine breaks under the pressure. They are now stranded at sea. A rescue boat is on its way but might not arrive for a week. Their food supplies are quickly dwindling and Ahmed isn’t sure what to instruct the passengers and crew.,is the captain of a 50-passenger cruise ship . Four days into trip get caught in a storm and the engine breaks under the pressure . are now stranded at sea . A rescue boat is on way but might not arrive for a week . food supplies are quickly dwindling and isn ’ t sure what to instruct the passengers and crew . : do a lottery for the food,-2.9466069,21.311344,3.6999252,7.8712506,12.710203,0.5408314,1.9114901,-3.1403346,8.627711,3.596105,"[-2.9466068744659424, 21.311344146728516, 3.699925184249878, 7.871250629425049, 12.710203170776367, 0.5408313870429993, 1.9114900827407837, -3.1403346061706543, 8.627711296081543, 3.5961050987243652]",9.880381,24.416677,0,"[-2.7441764 21.471848   3.8376455  8.027677  12.746755   0.5944112
  1.9096599 -3.0311432  8.425255   3.7557979]",,Do some math and ration food
174,2958,243,15,Explain how to ration the food.,pg,2.0,100.0,Ahmed is the captain of a 50-passenger cruise ship. Four days into their trip they get caught in a storm and the engine breaks under the pressure. They are now stranded at sea. A rescue boat is on its way but might not arrive for a week. Their food supplies are quickly dwindling and Ahmed isn’t sure what to instruct the passengers and crew.,is the captain of a 50-passenger cruise ship . Four days into trip get caught in a storm and the engine breaks under the pressure . are now stranded at sea . A rescue boat is on way but might not arrive for a week . food supplies are quickly dwindling and isn ’ t sure what to instruct the passengers and crew . : Explain how to ration the food .,-2.3203216,21.103739,3.0001028,8.454055,12.30558,-0.34344777,2.8253133,-2.6503344,8.050534,4.6621094,"[-2.320321559906006, 21.10373878479004, 3.0001027584075928, 8.454054832458496, 12.305580139160156, -0.3434477746486664, 2.8253133296966553, -2.650334358215332, 8.05053424835205, 4.662109375]",9.416201,27.17963,0,"[-2.329078   21.25354     3.1480563   8.463956   12.449426   -0.20846546
  2.7263842  -2.7515886   8.015783    4.524402  ]",,Do some math and ration food
175,2959,250,15,Tell everyone to ration all supplies,pg,2.0,90.3333333333333,Ahmed is the captain of a 50-passenger cruise ship. Four days into their trip they get caught in a storm and the engine breaks under the pressure. They are now stranded at sea. A rescue boat is on its way but might not arrive for a week. Their food supplies are quickly dwindling and Ahmed isn’t sure what to instruct the passengers and crew.,is the captain of a 50-passenger cruise ship . Four days into trip get caught in a storm and the engine breaks under the pressure . are now stranded at sea . A rescue boat is on way but might not arrive for a week . food supplies are quickly dwindling and isn ’ t sure what to instruct the passengers and crew . : Tell everyone to ration all supplies,-2.5253768,21.27891,3.2697825,8.381362,12.651787,0.6453146,2.5922315,-2.579795,7.9574637,3.2682626,"[-2.525376796722412, 21.27890968322754, 3.269782543182373, 8.381361961364746, 12.651786804199219, 0.6453145742416382, 2.592231512069702, -2.5797948837280273, 7.95746374130249, 3.2682626247406006]",8.193666,24.666033,0,"[-2.6063912 21.337578   3.5135782  8.218158  12.792952   0.7752005
  2.3582692 -2.6884098  8.116338   3.16219  ]",,Do some math and ration food
176,2960,253,15,Tell everyone they need to fast for a few days,pg,2.0,38.3333333333333,Ahmed is the captain of a 50-passenger cruise ship. Four days into their trip they get caught in a storm and the engine breaks under the pressure. They are now stranded at sea. A rescue boat is on its way but might not arrive for a week. Their food supplies are quickly dwindling and Ahmed isn’t sure what to instruct the passengers and crew.,is the captain of a 50-passenger cruise ship . Four days into trip get caught in a storm and the engine breaks under the pressure . are now stranded at sea . A rescue boat is on way but might not arrive for a week . food supplies are quickly dwindling and isn ’ t sure what to instruct the passengers and crew . : Tell everyone need to fast for a few days,-2.6583128,21.333303,3.9006665,8.073291,12.931896,0.8718834,2.0305529,-2.5343513,8.040526,3.181476,"[-2.6583127975463867, 21.333303451538086, 3.9006664752960205, 8.073290824890137, 12.931896209716797, 0.8718833923339844, 2.030552864074707, -2.534351348876953, 8.040526390075684, 3.18147611618042]",8.85735,23.967628,0,"[-2.6063912 21.337578   3.5135782  8.218158  12.792952   0.7752005
  2.3582692 -2.6884098  8.116338   3.16219  ]",,Do some math and ration food
177,2961,254,15,ration food,pg,2.0,95.3333333333333,Ahmed is the captain of a 50-passenger cruise ship. Four days into their trip they get caught in a storm and the engine breaks under the pressure. They are now stranded at sea. A rescue boat is on its way but might not arrive for a week. Their food supplies are quickly dwindling and Ahmed isn’t sure what to instruct the passengers and crew.,is the captain of a 50-passenger cruise ship . Four days into trip get caught in a storm and the engine breaks under the pressure . are now stranded at sea . A rescue boat is on way but might not arrive for a week . food supplies are quickly dwindling and isn ’ t sure what to instruct the passengers and crew . : ration food,-2.1606266,22.05271,3.440334,8.424259,12.9183035,0.6428617,2.8634858,-3.0059023,7.9468403,4.1163855,"[-2.1606266498565674, 22.052709579467773, 3.4403340816497803, 8.424259185791016, 12.918303489685059, 0.6428617238998413, 2.863485813140869, -3.0059022903442383, 7.946840286254883, 4.116385459899902]",7.7780204,25.411795,0,"[-2.2230554 21.91202    3.4240985  8.400845  12.843192   0.5646142
  2.7558246 -3.032961   7.986595   4.058412 ]",,Do some math and ration food
178,2962,259,15,Start rationing food,pg,2.0,100.0,Ahmed is the captain of a 50-passenger cruise ship. Four days into their trip they get caught in a storm and the engine breaks under the pressure. They are now stranded at sea. A rescue boat is on its way but might not arrive for a week. Their food supplies are quickly dwindling and Ahmed isn’t sure what to instruct the passengers and crew.,is the captain of a 50-passenger cruise ship . Four days into trip get caught in a storm and the engine breaks under the pressure . are now stranded at sea . A rescue boat is on way but might not arrive for a week . food supplies are quickly dwindling and isn ’ t sure what to instruct the passengers and crew . : Start rationing food,-2.2538908,21.421999,3.1225622,8.48522,12.498846,-0.043052778,2.8675663,-2.9074929,8.012575,4.49425,"[-2.2538907527923584, 21.421998977661133, 3.1225621700286865, 8.485219955444336, 12.498846054077148, -0.04305277764797211, 2.8675663471221924, -2.9074928760528564, 8.012575149536133, 4.4942498207092285]",8.802023,26.779564,0,"[-2.329078   21.25354     3.1480563   8.463956   12.449426   -0.20846546
  2.7263842  -2.7515886   8.015783    4.524402  ]",,Do some math and ration food
179,2963,265,15,ask people to use their goods wisely,pg,2.0,94.3333333333333,Ahmed is the captain of a 50-passenger cruise ship. Four days into their trip they get caught in a storm and the engine breaks under the pressure. They are now stranded at sea. A rescue boat is on its way but might not arrive for a week. Their food supplies are quickly dwindling and Ahmed isn’t sure what to instruct the passengers and crew.,is the captain of a 50-passenger cruise ship . Four days into trip get caught in a storm and the engine breaks under the pressure . are now stranded at sea . A rescue boat is on way but might not arrive for a week . food supplies are quickly dwindling and isn ’ t sure what to instruct the passengers and crew . : ask people to use goods wisely,-2.7211199,21.209164,3.296023,8.161566,12.726643,0.83687156,2.425846,-2.7439654,8.136437,2.8314602,"[-2.7211198806762695, 21.209163665771484, 3.296022891998291, 8.161565780639648, 12.726642608642578, 0.8368715643882751, 2.4258460998535156, -2.7439653873443604, 8.13643741607666, 2.8314602375030518]",8.772845,23.648245,0,"[-2.6063912 21.337578   3.5135782  8.218158  12.792952   0.7752005
  2.3582692 -2.6884098  8.116338   3.16219  ]",,Do some math and ration food
180,2964,268,15,Ration food out accordingly per days that are possibly left.,pg,2.0,95.0,Ahmed is the captain of a 50-passenger cruise ship. Four days into their trip they get caught in a storm and the engine breaks under the pressure. They are now stranded at sea. A rescue boat is on its way but might not arrive for a week. Their food supplies are quickly dwindling and Ahmed isn’t sure what to instruct the passengers and crew.,is the captain of a 50-passenger cruise ship . Four days into trip get caught in a storm and the engine breaks under the pressure . are now stranded at sea . A rescue boat is on way but might not arrive for a week . food supplies are quickly dwindling and isn ’ t sure what to instruct the passengers and crew . : Ration food out accordingly per days that are possibly left .,-2.3856626,21.168434,3.1359107,8.45972,12.456541,-0.22730485,2.7241817,-2.6779854,7.9791727,4.483559,"[-2.38566255569458, 21.168434143066406, 3.135910749435425, 8.45971965789795, 12.456541061401367, -0.2273048460483551, 2.724181652069092, -2.677985429763794, 7.979172706604004, 4.4835591316223145]",9.199317,26.86925,0,"[-2.329078   21.25354     3.1480563   8.463956   12.449426   -0.20846546
  2.7263842  -2.7515886   8.015783    4.524402  ]",,Do some math and ration food
181,2965,271,15,Ration food aggressively,pg,2.0,95.6666666666667,Ahmed is the captain of a 50-passenger cruise ship. Four days into their trip they get caught in a storm and the engine breaks under the pressure. They are now stranded at sea. A rescue boat is on its way but might not arrive for a week. Their food supplies are quickly dwindling and Ahmed isn’t sure what to instruct the passengers and crew.,is the captain of a 50-passenger cruise ship . Four days into trip get caught in a storm and the engine breaks under the pressure . are now stranded at sea . A rescue boat is on way but might not arrive for a week . food supplies are quickly dwindling and isn ’ t sure what to instruct the passengers and crew . : Ration food aggressively,-2.287426,21.3506,3.3053522,8.443773,12.464221,-0.01608307,2.6121826,-2.66397,7.9867864,4.572441,"[-2.287425994873047, 21.35059928894043, 3.305352210998535, 8.44377326965332, 12.464221000671387, -0.016083069145679474, 2.6121826171875, -2.6639699935913086, 7.986786365509033, 4.572441101074219]",9.232119,26.876066,0,"[-2.329078   21.25354     3.1480563   8.463956   12.449426   -0.20846546
  2.7263842  -2.7515886   8.015783    4.524402  ]",,Do some math and ration food
182,2966,274,15,ration water,pg,2.0,100.0,Ahmed is the captain of a 50-passenger cruise ship. Four days into their trip they get caught in a storm and the engine breaks under the pressure. They are now stranded at sea. A rescue boat is on its way but might not arrive for a week. Their food supplies are quickly dwindling and Ahmed isn’t sure what to instruct the passengers and crew.,is the captain of a 50-passenger cruise ship . Four days into trip get caught in a storm and the engine breaks under the pressure . are now stranded at sea . A rescue boat is on way but might not arrive for a week . food supplies are quickly dwindling and isn ’ t sure what to instruct the passengers and crew . : ration water,-2.1674185,22.126575,3.405298,8.421814,12.924698,0.69815046,2.920727,-3.0586636,7.9203906,4.015786,"[-2.1674184799194336, 22.126575469970703, 3.4052979946136475, 8.42181396484375, 12.924697875976562, 0.6981504559516907, 2.920727014541626, -3.0586636066436768, 7.920390605926514, 4.015786170959473]",7.737712,25.465994,0,"[-2.2230554 21.91202    3.4240985  8.400845  12.843192   0.5646142
  2.7558246 -3.032961   7.986595   4.058412 ]",,Do some math and ration food
183,2967,275,15,ration food,pg,2.0,83.6666666666667,Ahmed is the captain of a 50-passenger cruise ship. Four days into their trip they get caught in a storm and the engine breaks under the pressure. They are now stranded at sea. A rescue boat is on its way but might not arrive for a week. Their food supplies are quickly dwindling and Ahmed isn’t sure what to instruct the passengers and crew.,is the captain of a 50-passenger cruise ship . Four days into trip get caught in a storm and the engine breaks under the pressure . are now stranded at sea . A rescue boat is on way but might not arrive for a week . food supplies are quickly dwindling and isn ’ t sure what to instruct the passengers and crew . : ration food,-2.1457732,22.102968,3.3988924,8.462206,12.844395,0.5833623,2.8274784,-2.9902477,7.8995495,4.1642675,"[-2.14577317237854, 22.102968215942383, 3.398892402648926, 8.46220588684082, 12.84439468383789, 0.5833622813224792, 2.8274784088134766, -2.9902477264404297, 7.89954948425293, 4.164267539978027]",7.768329,25.426624,0,"[-2.2230554 21.91202    3.4240985  8.400845  12.843192   0.5646142
  2.7558246 -3.032961   7.986595   4.058412 ]",,Do some math and ration food
184,2968,279,15,Allocate rations to passengers in a round robin fashion.,pg,2.0,50.0,Ahmed is the captain of a 50-passenger cruise ship. Four days into their trip they get caught in a storm and the engine breaks under the pressure. They are now stranded at sea. A rescue boat is on its way but might not arrive for a week. Their food supplies are quickly dwindling and Ahmed isn’t sure what to instruct the passengers and crew.,is the captain of a 50-passenger cruise ship . Four days into trip get caught in a storm and the engine breaks under the pressure . are now stranded at sea . A rescue boat is on way but might not arrive for a week . food supplies are quickly dwindling and isn ’ t sure what to instruct the passengers and crew . : Allocate rations to passengers in a round robin fashion .,-2.404793,21.321632,3.292839,8.343003,12.517622,-0.21572849,2.5489602,-2.9374628,8.193038,4.4000487,"[-2.4047930240631104, 21.321632385253906, 3.2928390502929688, 8.343003273010254, 12.517621994018555, -0.2157284915447235, 2.5489602088928223, -2.93746280670166, 8.193037986755371, 4.400048732757568]",9.366105,26.495684,0,"[-2.329078   21.25354     3.1480563   8.463956   12.449426   -0.20846546
  2.7263842  -2.7515886   8.015783    4.524402  ]",,Do some math and ration food
185,2969,281,15,Lock up the supplies and hand them out himself. ,pg,2.0,73.3333333333333,Ahmed is the captain of a 50-passenger cruise ship. Four days into their trip they get caught in a storm and the engine breaks under the pressure. They are now stranded at sea. A rescue boat is on its way but might not arrive for a week. Their food supplies are quickly dwindling and Ahmed isn’t sure what to instruct the passengers and crew.,is the captain of a 50-passenger cruise ship . Four days into trip get caught in a storm and the engine breaks under the pressure . are now stranded at sea . A rescue boat is on way but might not arrive for a week . food supplies are quickly dwindling and isn ’ t sure what to instruct the passengers and crew . : Lock up the supplies and hand out .,-2.89342,21.16953,3.4643042,7.9631267,12.868504,0.9355129,2.168768,-3.0155869,8.374709,2.6489427,"[-2.8934199810028076, 21.169530868530273, 3.464304208755493, 7.9631266593933105, 12.86850357055664, 0.935512900352478, 2.1687679290771484, -3.0155868530273438, 8.374709129333496, 2.648942708969116]",9.283738,23.481386,0,"[-2.7720344 21.198093   3.524655   8.050342  12.951804   1.1348985
  2.1959908 -2.8224287  8.259791   2.3755927]",,Do some math and ration food
186,2970,299,15,reduce the meals to 2 p/day,pg,2.0,85.3333333333333,Ahmed is the captain of a 50-passenger cruise ship. Four days into their trip they get caught in a storm and the engine breaks under the pressure. They are now stranded at sea. A rescue boat is on its way but might not arrive for a week. Their food supplies are quickly dwindling and Ahmed isn’t sure what to instruct the passengers and crew.,is the captain of a 50-passenger cruise ship . Four days into trip get caught in a storm and the engine breaks under the pressure . are now stranded at sea . A rescue boat is on way but might not arrive for a week . food supplies are quickly dwindling and isn ’ t sure what to instruct the passengers and crew . : reduce the meals to 2 p/day,-2.2783065,21.36762,3.469225,8.435659,12.55585,-0.104772866,2.4425728,-2.881885,8.114976,4.620195,"[-2.278306484222412, 21.36762046813965, 3.4692249298095703, 8.435659408569336, 12.5558500289917, -0.10477286577224731, 2.442572832107544, -2.881885051727295, 8.114975929260254, 4.620194911956787]",9.511702,26.331598,0,"[-2.329078   21.25354     3.1480563   8.463956   12.449426   -0.20846546
  2.7263842  -2.7515886   8.015783    4.524402  ]",,Do some math and ration food
187,2971,300,15,rationing supplies,pg,2.0,100.0,Ahmed is the captain of a 50-passenger cruise ship. Four days into their trip they get caught in a storm and the engine breaks under the pressure. They are now stranded at sea. A rescue boat is on its way but might not arrive for a week. Their food supplies are quickly dwindling and Ahmed isn’t sure what to instruct the passengers and crew.,is the captain of a 50-passenger cruise ship . Four days into trip get caught in a storm and the engine breaks under the pressure . are now stranded at sea . A rescue boat is on way but might not arrive for a week . food supplies are quickly dwindling and isn ’ t sure what to instruct the passengers and crew . : rationing supplies,-2.3168812,21.424158,2.8092947,8.563266,12.408355,0.11818254,3.0957453,-2.8038304,7.938338,4.0072637,"[-2.3168811798095703, 21.424158096313477, 2.8092947006225586, 8.563265800476074, 12.408354759216309, 0.11818253993988037, 3.095745325088501, -2.80383038520813, 7.938337802886963, 4.007263660430908]",8.32791,26.385464,0,"[-2.4105294  21.398413    3.1327066   8.402012   12.56321     0.27548963
  2.769905   -2.7803721   8.022018    3.876833  ]",,Do some math and ration food
188,2972,214,15,Come up with a plan to ration the supplies,pg,3.0,100.0,Ahmed is the captain of a 50-passenger cruise ship. Four days into their trip they get caught in a storm and the engine breaks under the pressure. They are now stranded at sea. A rescue boat is on its way but might not arrive for a week. Their food supplies are quickly dwindling and Ahmed isn’t sure what to instruct the passengers and crew.,is the captain of a 50-passenger cruise ship . Four days into trip get caught in a storm and the engine breaks under the pressure . are now stranded at sea . A rescue boat is on way but might not arrive for a week . food supplies are quickly dwindling and isn ’ t sure what to instruct the passengers and crew . : Come up with a plan to ration the supplies,-2.3905852,21.264912,2.8723903,8.488792,12.4359045,0.10234123,3.0013683,-2.687437,7.899848,4.0117645,"[-2.39058518409729, 21.264911651611328, 2.8723902702331543, 8.488792419433594, 12.435904502868652, 0.10234122723340988, 3.001368284225464, -2.687437057495117, 7.899847984313965, 4.0117645263671875]",8.342243,26.477251,0,"[-2.4105294  21.398413    3.1327066   8.402012   12.56321     0.27548963
  2.769905   -2.7803721   8.022018    3.876833  ]",,Do some math and ration food
189,2973,228,15,He should make sure and carefully ration all the supplies.,pg,3.0,98.0,Ahmed is the captain of a 50-passenger cruise ship. Four days into their trip they get caught in a storm and the engine breaks under the pressure. They are now stranded at sea. A rescue boat is on its way but might not arrive for a week. Their food supplies are quickly dwindling and Ahmed isn’t sure what to instruct the passengers and crew.,is the captain of a 50-passenger cruise ship . Four days into trip get caught in a storm and the engine breaks under the pressure . are now stranded at sea . A rescue boat is on way but might not arrive for a week . food supplies are quickly dwindling and isn ’ t sure what to instruct the passengers and crew . : make sure and carefully ration all the supplies .,-2.5117176,21.274012,3.0787005,8.370459,12.571154,0.45577645,2.7563,-2.6181688,7.9834213,3.4374168,"[-2.5117175579071045, 21.274011611938477, 3.078700542449951, 8.370458602905273, 12.57115364074707, 0.4557764530181885, 2.7562999725341797, -2.618168830871582, 7.983421325683594, 3.4374167919158936]",8.228353,26.014874,0,"[-2.4105294  21.398413    3.1327066   8.402012   12.56321     0.27548963
  2.769905   -2.7803721   8.022018    3.876833  ]",,Do some math and ration food
190,2974,233,15,Make sure that everyone has eaten something with in a certain time frame,pg,3.0,95.0,Ahmed is the captain of a 50-passenger cruise ship. Four days into their trip they get caught in a storm and the engine breaks under the pressure. They are now stranded at sea. A rescue boat is on its way but might not arrive for a week. Their food supplies are quickly dwindling and Ahmed isn’t sure what to instruct the passengers and crew.,is the captain of a 50-passenger cruise ship . Four days into trip get caught in a storm and the engine breaks under the pressure . are now stranded at sea . A rescue boat is on way but might not arrive for a week . food supplies are quickly dwindling and isn ’ t sure what to instruct the passengers and crew . : Make sure that everyone has eaten something with in a certain time frame,-2.6171994,21.589401,3.9535744,7.9693165,12.900975,0.5866381,1.9013433,-3.0214088,8.458074,3.6290283,"[-2.617199420928955, 21.589401245117188, 3.9535744190216064, 7.969316482543945, 12.900975227355957, 0.5866380929946899, 1.9013433456420898, -3.021408796310425, 8.458073616027832, 3.6290283203125]",9.784884,24.737988,0,"[-2.7441764 21.471848   3.8376455  8.027677  12.746755   0.5944112
  1.9096599 -3.0311432  8.425255   3.7557979]",,Do some math and ration food
191,2975,236,15,Create a rationing plan,pg,3.0,100.0,Ahmed is the captain of a 50-passenger cruise ship. Four days into their trip they get caught in a storm and the engine breaks under the pressure. They are now stranded at sea. A rescue boat is on its way but might not arrive for a week. Their food supplies are quickly dwindling and Ahmed isn’t sure what to instruct the passengers and crew.,is the captain of a 50-passenger cruise ship . Four days into trip get caught in a storm and the engine breaks under the pressure . are now stranded at sea . A rescue boat is on way but might not arrive for a week . food supplies are quickly dwindling and isn ’ t sure what to instruct the passengers and crew . : Create a rationing plan,-2.2666152,21.40996,2.9739234,8.518462,12.490977,0.021266676,3.0076158,-2.8325474,7.9357376,4.327923,"[-2.266615152359009, 21.40995979309082, 2.973923444747925, 8.518462181091309, 12.49097728729248, 0.021266676485538483, 3.007615804672241, -2.832547426223755, 7.935737609863281, 4.327922821044922]",8.622116,26.752747,0,"[-2.329078   21.25354     3.1480563   8.463956   12.449426   -0.20846546
  2.7263842  -2.7515886   8.015783    4.524402  ]",,Do some math and ration food
192,2976,245,15,Have to make a plan to save food.,pg,3.0,73.3333333333333,Ahmed is the captain of a 50-passenger cruise ship. Four days into their trip they get caught in a storm and the engine breaks under the pressure. They are now stranded at sea. A rescue boat is on its way but might not arrive for a week. Their food supplies are quickly dwindling and Ahmed isn’t sure what to instruct the passengers and crew.,is the captain of a 50-passenger cruise ship . Four days into trip get caught in a storm and the engine breaks under the pressure . are now stranded at sea . A rescue boat is on way but might not arrive for a week . food supplies are quickly dwindling and isn ’ t sure what to instruct the passengers and crew . : Have to make a plan to save food .,-2.5874927,21.419512,3.5056694,8.000858,12.927195,0.4347015,2.3473008,-3.2629235,8.450815,3.6547081,"[-2.5874927043914795, 21.419511795043945, 3.505669355392456, 8.000858306884766, 12.927194595336914, 0.43470150232315063, 2.3473007678985596, -3.2629234790802, 8.450815200805664, 3.65470814704895]",8.879747,24.993746,0,"[-2.539899   21.376513    3.7032785   8.16124    13.059622    0.74750316
  2.236266   -3.401897    8.24102     3.61381   ]",,Do some math and ration food
193,2977,263,15,tell them they will be fine if they follow his plan for rationing,pg,3.0,88.3333333333333,Ahmed is the captain of a 50-passenger cruise ship. Four days into their trip they get caught in a storm and the engine breaks under the pressure. They are now stranded at sea. A rescue boat is on its way but might not arrive for a week. Their food supplies are quickly dwindling and Ahmed isn’t sure what to instruct the passengers and crew.,is the captain of a 50-passenger cruise ship . Four days into trip get caught in a storm and the engine breaks under the pressure . are now stranded at sea . A rescue boat is on way but might not arrive for a week . food supplies are quickly dwindling and isn ’ t sure what to instruct the passengers and crew . : tell will be fine if follow plan for rationing,-2.3950493,21.363634,3.1464386,8.4507065,12.557342,0.2817346,2.807528,-2.5921998,7.9230237,3.879982,"[-2.3950493335723877, 21.36363410949707, 3.1464385986328125, 8.450706481933594, 12.557341575622559, 0.2817345857620239, 2.807528018951416, -2.5921998023986816, 7.923023700714111, 3.8799819946289062]",8.306073,25.885326,0,"[-2.4105294  21.398413    3.1327066   8.402012   12.56321     0.27548963
  2.769905   -2.7803721   8.022018    3.876833  ]",,Do some math and ration food
194,2978,264,15,Ration the food,pg,3.0,100.0,Ahmed is the captain of a 50-passenger cruise ship. Four days into their trip they get caught in a storm and the engine breaks under the pressure. They are now stranded at sea. A rescue boat is on its way but might not arrive for a week. Their food supplies are quickly dwindling and Ahmed isn’t sure what to instruct the passengers and crew.,is the captain of a 50-passenger cruise ship . Four days into trip get caught in a storm and the engine breaks under the pressure . are now stranded at sea . A rescue boat is on way but might not arrive for a week . food supplies are quickly dwindling and isn ’ t sure what to instruct the passengers and crew . : Ration the food,-2.3127184,21.160746,3.045028,8.519007,12.41667,-0.3362021,2.7947857,-2.5991986,7.9132123,4.5983195,"[-2.312718391418457, 21.16074562072754, 3.0450279712677, 8.519006729125977, 12.416669845581055, -0.33620211482048035, 2.794785737991333, -2.599198579788208, 7.913212299346924, 4.5983195304870605]",9.331794,27.175718,0,"[-2.329078   21.25354     3.1480563   8.463956   12.449426   -0.20846546
  2.7263842  -2.7515886   8.015783    4.524402  ]",,Do some math and ration food
195,2979,267,15,He could hide the food and distribute it each day,pg,3.0,74.3333333333333,Ahmed is the captain of a 50-passenger cruise ship. Four days into their trip they get caught in a storm and the engine breaks under the pressure. They are now stranded at sea. A rescue boat is on its way but might not arrive for a week. Their food supplies are quickly dwindling and Ahmed isn’t sure what to instruct the passengers and crew.,is the captain of a 50-passenger cruise ship . Four days into trip get caught in a storm and the engine breaks under the pressure . are now stranded at sea . A rescue boat is on way but might not arrive for a week . food supplies are quickly dwindling and isn ’ t sure what to instruct the passengers and crew . : hide the food and distribute each day,-2.5797396,21.260942,3.6912217,8.218107,13.038177,0.6776818,2.2340407,-3.612275,8.237871,3.812205,"[-2.579739570617676, 21.260942459106445, 3.6912217140197754, 8.218107223510742, 13.038176536560059, 0.6776818037033081, 2.2340407371520996, -3.6122748851776123, 8.237871170043945, 3.8122050762176514]",8.797805,24.661108,0,"[-2.539899   21.376513    3.7032785   8.16124    13.059622    0.74750316
  2.236266   -3.401897    8.24102     3.61381   ]",,Do some math and ration food
196,2980,287,15,Very small meals,pg,3.0,89.6666666666667,Ahmed is the captain of a 50-passenger cruise ship. Four days into their trip they get caught in a storm and the engine breaks under the pressure. They are now stranded at sea. A rescue boat is on its way but might not arrive for a week. Their food supplies are quickly dwindling and Ahmed isn’t sure what to instruct the passengers and crew.,is the captain of a 50-passenger cruise ship . Four days into trip get caught in a storm and the engine breaks under the pressure . are now stranded at sea . A rescue boat is on way but might not arrive for a week . food supplies are quickly dwindling and isn ’ t sure what to instruct the passengers and crew . : Very small meals,-2.50475,21.665417,3.8245604,8.002607,12.978346,0.6500321,2.0933154,-3.1021614,8.447596,3.4812002,"[-2.5047500133514404, 21.665416717529297, 3.8245604038238525, 8.002607345581055, 12.97834587097168, 0.650032103061676, 2.093315362930298, -3.102161407470703, 8.447595596313477, 3.4812002182006836]",9.366353,24.773384,0,"[-2.7441764 21.471848   3.8376455  8.027677  12.746755   0.5944112
  1.9096599 -3.0311432  8.425255   3.7557979]",,Do some math and ration food
197,2981,299,15,reduce the meals to 1 p/day,pg,3.0,53.3333333333333,Ahmed is the captain of a 50-passenger cruise ship. Four days into their trip they get caught in a storm and the engine breaks under the pressure. They are now stranded at sea. A rescue boat is on its way but might not arrive for a week. Their food supplies are quickly dwindling and Ahmed isn’t sure what to instruct the passengers and crew.,is the captain of a 50-passenger cruise ship . Four days into trip get caught in a storm and the engine breaks under the pressure . are now stranded at sea . A rescue boat is on way but might not arrive for a week . food supplies are quickly dwindling and isn ’ t sure what to instruct the passengers and crew . : reduce the meals to 1 p/day,-2.2811618,21.478865,3.5026677,8.442974,12.626882,0.019796552,2.4751272,-2.8663218,8.051331,4.546423,"[-2.2811617851257324, 21.478864669799805, 3.5026676654815674, 8.442974090576172, 12.62688159942627, 0.019796552136540413, 2.4751272201538086, -2.8663218021392822, 8.05133056640625, 4.546422958374023]",9.516832,26.364006,0,"[-2.329078   21.25354     3.1480563   8.463956   12.449426   -0.20846546
  2.7263842  -2.7515886   8.015783    4.524402  ]",,Do some math and ration food
198,2982,215,15,ration out meals,pg,4.0,55.0,Ahmed is the captain of a 50-passenger cruise ship. Four days into their trip they get caught in a storm and the engine breaks under the pressure. They are now stranded at sea. A rescue boat is on its way but might not arrive for a week. Their food supplies are quickly dwindling and Ahmed isn’t sure what to instruct the passengers and crew.,is the captain of a 50-passenger cruise ship . Four days into trip get caught in a storm and the engine breaks under the pressure . are now stranded at sea . A rescue boat is on way but might not arrive for a week . food supplies are quickly dwindling and isn ’ t sure what to instruct the passengers and crew . : ration out meals,-2.267132,21.526405,3.29059,8.432305,12.669581,-0.039767,2.7409298,-2.7558181,7.9451904,4.4606743,"[-2.267132043838501, 21.526405334472656, 3.2905900478363037, 8.432305335998535, 12.669581413269043, -0.03976700082421303, 2.7409298419952393, -2.7558181285858154, 7.9451904296875, 4.460674285888672]",9.017164,26.491545,0,"[-2.329078   21.25354     3.1480563   8.463956   12.449426   -0.20846546
  2.7263842  -2.7515886   8.015783    4.524402  ]",,Do some math and ration food
199,2983,218,15,rash-on the food to last ,pg,4.0,85.3333333333333,Ahmed is the captain of a 50-passenger cruise ship. Four days into their trip they get caught in a storm and the engine breaks under the pressure. They are now stranded at sea. A rescue boat is on its way but might not arrive for a week. Their food supplies are quickly dwindling and Ahmed isn’t sure what to instruct the passengers and crew.,is the captain of a 50-passenger cruise ship . Four days into trip get caught in a storm and the engine breaks under the pressure . are now stranded at sea . A rescue boat is on way but might not arrive for a week . food supplies are quickly dwindling and isn ’ t sure what to instruct the passengers and crew . : rash-on the food to last,-2.6617897,21.450716,3.756716,7.944161,12.86721,0.49514115,2.0583408,-2.8102841,8.44695,3.393341,"[-2.661789655685425, 21.450716018676758, 3.756716012954712, 7.9441609382629395, 12.867210388183594, 0.4951411485671997, 2.0583407878875732, -2.81028413772583, 8.44694995880127, 3.393341064453125]",9.354107,24.418709,0,"[-2.7724068 21.371      3.7459974  7.9590554 12.884674   0.7567073
  2.0065956 -2.9518974  8.444245   3.1534615]",,Do some math and ration food
200,2984,255,15,divide the food equally,pg,4.0,93.3333333333333,Ahmed is the captain of a 50-passenger cruise ship. Four days into their trip they get caught in a storm and the engine breaks under the pressure. They are now stranded at sea. A rescue boat is on its way but might not arrive for a week. Their food supplies are quickly dwindling and Ahmed isn’t sure what to instruct the passengers and crew.,is the captain of a 50-passenger cruise ship . Four days into trip get caught in a storm and the engine breaks under the pressure . are now stranded at sea . A rescue boat is on way but might not arrive for a week . food supplies are quickly dwindling and isn ’ t sure what to instruct the passengers and crew . : divide the food equally,-2.4011738,21.338058,3.2451456,8.373233,12.416697,-0.16166185,2.5361419,-3.0355618,8.252883,4.4266667,"[-2.4011738300323486, 21.338058471679688, 3.245145559310913, 8.3732328414917, 12.416696548461914, -0.16166184842586517, 2.536141872406006, -3.0355618000030518, 8.252882957458496, 4.426666736602783]",9.20562,26.345352,0,"[-2.329078   21.25354     3.1480563   8.463956   12.449426   -0.20846546
  2.7263842  -2.7515886   8.015783    4.524402  ]",,Do some math and ration food
201,2985,267,15,He could give each passenger or crew member a set amount of food,pg,4.0,87.6666666666667,Ahmed is the captain of a 50-passenger cruise ship. Four days into their trip they get caught in a storm and the engine breaks under the pressure. They are now stranded at sea. A rescue boat is on its way but might not arrive for a week. Their food supplies are quickly dwindling and Ahmed isn’t sure what to instruct the passengers and crew.,is the captain of a 50-passenger cruise ship . Four days into trip get caught in a storm and the engine breaks under the pressure . are now stranded at sea . A rescue boat is on way but might not arrive for a week . food supplies are quickly dwindling and isn ’ t sure what to instruct the passengers and crew . : give each passenger or crew member a set amount of food,-2.4075043,21.438229,3.4242477,8.345428,12.542767,0.06928712,2.4115393,-3.1284525,8.254056,4.371115,"[-2.4075043201446533, 21.438228607177734, 3.4242477416992188, 8.345428466796875, 12.542766571044922, 0.06928712129592896, 2.411539316177368, -3.1284525394439697, 8.254055976867676, 4.371115207672119]",9.239491,26.133728,0,"[-2.4586341 21.464603   3.7791696  8.267376  12.70135    0.3123808
  2.1076412 -2.852465   8.178061   4.177543 ]",,Do some math and ration food
202,2986,277,15,instruct passenger to slowly eat their food ,pg,4.0,93.3333333333333,Ahmed is the captain of a 50-passenger cruise ship. Four days into their trip they get caught in a storm and the engine breaks under the pressure. They are now stranded at sea. A rescue boat is on its way but might not arrive for a week. Their food supplies are quickly dwindling and Ahmed isn’t sure what to instruct the passengers and crew.,is the captain of a 50-passenger cruise ship . Four days into trip get caught in a storm and the engine breaks under the pressure . are now stranded at sea . A rescue boat is on way but might not arrive for a week . food supplies are quickly dwindling and isn ’ t sure what to instruct the passengers and crew . : instruct passenger to slowly eat food,-2.3679085,21.533522,4.0106807,8.291445,12.8659,0.4869116,1.9640752,-2.7939982,8.094009,4.094651,"[-2.367908477783203, 21.53352165222168, 4.010680675506592, 8.291444778442383, 12.865900039672852, 0.4869115948677063, 1.9640752077102661, -2.7939982414245605, 8.094009399414062, 4.094651222229004]",10.018679,25.375092,0,"[-2.4586341 21.464603   3.7791696  8.267376  12.70135    0.3123808
  2.1076412 -2.852465   8.178061   4.177543 ]",,Do some math and ration food
203,2987,291,15,Ration the food as much as possible,pg,4.0,77.0,Ahmed is the captain of a 50-passenger cruise ship. Four days into their trip they get caught in a storm and the engine breaks under the pressure. They are now stranded at sea. A rescue boat is on its way but might not arrive for a week. Their food supplies are quickly dwindling and Ahmed isn’t sure what to instruct the passengers and crew.,is the captain of a 50-passenger cruise ship . Four days into trip get caught in a storm and the engine breaks under the pressure . are now stranded at sea . A rescue boat is on way but might not arrive for a week . food supplies are quickly dwindling and isn ’ t sure what to instruct the passengers and crew . : Ration the food as much as possible,-2.3521209,21.147818,3.0671456,8.461369,12.307924,-0.23950474,2.7366126,-2.6616585,8.012813,4.576374,"[-2.352120876312256, 21.147817611694336, 3.067145586013794, 8.461368560791016, 12.307924270629883, -0.23950473964214325, 2.736612558364868, -2.661658525466919, 8.012812614440918, 4.576374053955078]",9.347503,27.10095,0,"[-2.329078   21.25354     3.1480563   8.463956   12.449426   -0.20846546
  2.7263842  -2.7515886   8.015783    4.524402  ]",,Do some math and ration food
204,2988,297,15,ask people to skip a meal once a day,pg,4.0,91.3333333333333,Ahmed is the captain of a 50-passenger cruise ship. Four days into their trip they get caught in a storm and the engine breaks under the pressure. They are now stranded at sea. A rescue boat is on its way but might not arrive for a week. Their food supplies are quickly dwindling and Ahmed isn’t sure what to instruct the passengers and crew.,is the captain of a 50-passenger cruise ship . Four days into trip get caught in a storm and the engine breaks under the pressure . are now stranded at sea . A rescue boat is on way but might not arrive for a week . food supplies are quickly dwindling and isn ’ t sure what to instruct the passengers and crew . : ask people to skip a meal once a day,-2.5730336,21.357706,3.9299982,8.155808,12.763374,0.30773845,1.9020395,-2.8376303,8.263734,4.1615567,"[-2.573033571243286, 21.35770606994629, 3.9299981594085693, 8.155808448791504, 12.763374328613281, 0.30773845314979553, 1.9020395278930664, -2.837630271911621, 8.263733863830566, 4.161556720733643]",10.037627,25.420639,0,"[-2.4586341 21.464603   3.7791696  8.267376  12.70135    0.3123808
  2.1076412 -2.852465   8.178061   4.177543 ]",,Do some math and ration food
205,2989,306,15,determine available water supply,pg,4.0,96.6666666666667,Ahmed is the captain of a 50-passenger cruise ship. Four days into their trip they get caught in a storm and the engine breaks under the pressure. They are now stranded at sea. A rescue boat is on its way but might not arrive for a week. Their food supplies are quickly dwindling and Ahmed isn’t sure what to instruct the passengers and crew.,is the captain of a 50-passenger cruise ship . Four days into trip get caught in a storm and the engine breaks under the pressure . are now stranded at sea . A rescue boat is on way but might not arrive for a week . food supplies are quickly dwindling and isn ’ t sure what to instruct the passengers and crew . : determine available water supply,-2.271896,21.787989,3.261497,8.3396635,12.850129,0.7064637,2.800345,-3.124018,8.068096,3.5440319,"[-2.2718958854675293, 21.787988662719727, 3.2614970207214355, 8.3396635055542, 12.850129127502441, 0.7064636945724487, 2.800344944000244, -3.1240179538726807, 8.068096160888672, 3.544031858444214]",7.8945665,25.30488,0,"[-2.2230554 21.91202    3.4240985  8.400845  12.843192   0.5646142
  2.7558246 -3.032961   7.986595   4.058412 ]",,Do some math and ration food
206,2990,233,15,Make sure that food is being preserved so that it lasts,pg,5.0,100.0,Ahmed is the captain of a 50-passenger cruise ship. Four days into their trip they get caught in a storm and the engine breaks under the pressure. They are now stranded at sea. A rescue boat is on its way but might not arrive for a week. Their food supplies are quickly dwindling and Ahmed isn’t sure what to instruct the passengers and crew.,is the captain of a 50-passenger cruise ship . Four days into trip get caught in a storm and the engine breaks under the pressure . are now stranded at sea . A rescue boat is on way but might not arrive for a week . food supplies are quickly dwindling and isn ’ t sure what to instruct the passengers and crew . : Make sure that food is being preserved so that lasts,-2.592578,21.435936,3.8083086,8.107402,13.034956,0.85653466,2.1045647,-3.1957862,8.269641,3.4085357,"[-2.5925779342651367, 21.435935974121094, 3.8083086013793945, 8.107401847839355, 13.034955978393555, 0.8565346598625183, 2.104564666748047, -3.195786237716675, 8.269640922546387, 3.4085357189178467]",9.073478,24.315344,0,"[-2.539899   21.376513    3.7032785   8.16124    13.059622    0.74750316
  2.236266   -3.401897    8.24102     3.61381   ]",,Do some math and ration food
207,2991,273,15,give everyone a portion of food to last. ,pg,5.0,100.0,Ahmed is the captain of a 50-passenger cruise ship. Four days into their trip they get caught in a storm and the engine breaks under the pressure. They are now stranded at sea. A rescue boat is on its way but might not arrive for a week. Their food supplies are quickly dwindling and Ahmed isn’t sure what to instruct the passengers and crew.,is the captain of a 50-passenger cruise ship . Four days into trip get caught in a storm and the engine breaks under the pressure . are now stranded at sea . A rescue boat is on way but might not arrive for a week . food supplies are quickly dwindling and isn ’ t sure what to instruct the passengers and crew . : give everyone a portion of food to last .,-2.7558014,21.435728,3.6551301,8.143853,12.618784,0.618217,2.0205064,-3.068167,8.373711,3.7980857,"[-2.7558014392852783, 21.435728073120117, 3.65513014793396, 8.143853187561035, 12.618783950805664, 0.6182169914245605, 2.0205063819885254, -3.068166971206665, 8.373710632324219, 3.7980856895446777]",9.60077,25.016716,0,"[-2.7441764 21.471848   3.8376455  8.027677  12.746755   0.5944112
  1.9096599 -3.0311432  8.425255   3.7557979]",,Do some math and ration food
208,2992,294,15,Ask people not to eat too much,pg,5.0,25.0,Ahmed is the captain of a 50-passenger cruise ship. Four days into their trip they get caught in a storm and the engine breaks under the pressure. They are now stranded at sea. A rescue boat is on its way but might not arrive for a week. Their food supplies are quickly dwindling and Ahmed isn’t sure what to instruct the passengers and crew.,is the captain of a 50-passenger cruise ship . Four days into trip get caught in a storm and the engine breaks under the pressure . are now stranded at sea . A rescue boat is on way but might not arrive for a week . food supplies are quickly dwindling and isn ’ t sure what to instruct the passengers and crew . : Ask people not to eat too much,-2.4361007,21.519629,4.0807776,8.273018,12.882079,0.49547455,1.8886012,-2.7850087,8.109556,4.0964103,"[-2.436100721359253, 21.519628524780273, 4.080777645111084, 8.273017883300781, 12.882079124450684, 0.49547454714775085, 1.8886011838912964, -2.785008668899536, 8.109556198120117, 4.096410274505615]",10.057569,25.331186,0,"[-2.4586341 21.464603   3.7791696  8.267376  12.70135    0.3123808
  2.1076412 -2.852465   8.178061   4.177543 ]",,Do some math and ration food
209,2993,297,15,ask people to skip meals every other day,pg,5.0,37.3333333333333,Ahmed is the captain of a 50-passenger cruise ship. Four days into their trip they get caught in a storm and the engine breaks under the pressure. They are now stranded at sea. A rescue boat is on its way but might not arrive for a week. Their food supplies are quickly dwindling and Ahmed isn’t sure what to instruct the passengers and crew.,is the captain of a 50-passenger cruise ship . Four days into trip get caught in a storm and the engine breaks under the pressure . are now stranded at sea . A rescue boat is on way but might not arrive for a week . food supplies are quickly dwindling and isn ’ t sure what to instruct the passengers and crew . : ask people to skip meals every other day,-2.5848532,21.381245,3.9564488,8.126944,12.801435,0.3272824,1.9023424,-2.841717,8.268199,4.1266065,"[-2.584853172302246, 21.381244659423828, 3.956448793411255, 8.126943588256836, 12.801435470581055, 0.3272823989391327, 1.902342438697815, -2.841717004776001, 8.26819896697998, 4.126606464385986]",10.057679,25.347109,0,"[-2.4586341 21.464603   3.7791696  8.267376  12.70135    0.3123808
  2.1076412 -2.852465   8.178061   4.177543 ]",,Do some math and ration food
210,2994,311,15,keep food locked up so no one can steal,pg,5.0,86.6666666666667,Ahmed is the captain of a 50-passenger cruise ship. Four days into their trip they get caught in a storm and the engine breaks under the pressure. They are now stranded at sea. A rescue boat is on its way but might not arrive for a week. Their food supplies are quickly dwindling and Ahmed isn’t sure what to instruct the passengers and crew.,is the captain of a 50-passenger cruise ship . Four days into trip get caught in a storm and the engine breaks under the pressure . are now stranded at sea . A rescue boat is on way but might not arrive for a week . food supplies are quickly dwindling and isn ’ t sure what to instruct the passengers and crew . : keep food locked up so no one can steal,-2.6252856,21.273897,3.7720723,8.134852,13.122846,0.85125107,2.1441765,-3.5005085,8.24413,3.5324273,"[-2.6252856254577637, 21.273897171020508, 3.7720723152160645, 8.134852409362793, 13.122845649719238, 0.8512510657310486, 2.144176483154297, -3.5005085468292236, 8.24413013458252, 3.5324273109436035]",8.785383,24.630428,0,"[-2.539899   21.376513    3.7032785   8.16124    13.059622    0.74750316
  2.236266   -3.401897    8.24102     3.61381   ]",,Do some math and ration food
211,4156,272,15,Ration it to those most likely to survive.,pg,1.0,27.3333333333333,Ahmed is the captain of a 50-passenger cruise ship. Four days into their trip they get caught in a storm and the engine breaks under the pressure. They are now stranded at sea. A rescue boat is on its way but might not arrive for a week. Their food supplies are quickly dwindling and Ahmed isn’t sure what to instruct the passengers and crew.,is the captain of a 50-passenger cruise ship . Four days into trip get caught in a storm and the engine breaks under the pressure . are now stranded at sea . A rescue boat is on way but might not arrive for a week . food supplies are quickly dwindling and isn ’ t sure what to instruct the passengers and crew . : Ration to those most likely to survive .,-2.3707771,21.233685,3.100035,8.4290905,12.439383,-0.15319166,2.7543821,-2.7139287,8.030711,4.4065857,"[-2.370777130126953, 21.233684539794922, 3.1000349521636963, 8.42909049987793, 12.439382553100586, -0.15319165587425232, 2.7543821334838867, -2.713928699493408, 8.03071117401123, 4.406585693359375]",9.074525,26.778952,0,"[-2.329078   21.25354     3.1480563   8.463956   12.449426   -0.20846546
  2.7263842  -2.7515886   8.015783    4.524402  ]",,Do some math and ration food
212,4157,289,15,"Take charge of the situation and ration the food, giving more to those who need it most and less to those who need it less.",pg,1.0,80.3333333333333,Ahmed is the captain of a 50-passenger cruise ship. Four days into their trip they get caught in a storm and the engine breaks under the pressure. They are now stranded at sea. A rescue boat is on its way but might not arrive for a week. Their food supplies are quickly dwindling and Ahmed isn’t sure what to instruct the passengers and crew.,"is the captain of a 50-passenger cruise ship . Four days into trip get caught in a storm and the engine breaks under the pressure . are now stranded at sea . A rescue boat is on way but might not arrive for a week . food supplies are quickly dwindling and isn ’ t sure what to instruct the passengers and crew . : Take charge of the situation and ration the food , giving more to those who need most and less to those who need less .",-2.431959,21.434484,3.5973616,8.400323,12.556104,0.16840841,2.2729626,-2.717104,8.068006,4.3427467,"[-2.4319589138031006, 21.434484481811523, 3.5973615646362305, 8.400322914123535, 12.556103706359863, 0.16840840876102448, 2.2729625701904297, -2.717103958129883, 8.068005561828613, 4.342746734619141]",9.484588,25.913883,0,"[-2.4586341 21.464603   3.7791696  8.267376  12.70135    0.3123808
  2.1076412 -2.852465   8.178061   4.177543 ]",,Do some math and ration food
213,4158,269,15,Decide who can get food and who should be on a reduced amount of food,pg,2.0,69.0,Ahmed is the captain of a 50-passenger cruise ship. Four days into their trip they get caught in a storm and the engine breaks under the pressure. They are now stranded at sea. A rescue boat is on its way but might not arrive for a week. Their food supplies are quickly dwindling and Ahmed isn’t sure what to instruct the passengers and crew.,is the captain of a 50-passenger cruise ship . Four days into trip get caught in a storm and the engine breaks under the pressure . are now stranded at sea . A rescue boat is on way but might not arrive for a week . food supplies are quickly dwindling and isn ’ t sure what to instruct the passengers and crew . : Decide who can get food and who be on a reduced amount of food,-2.6092677,21.517162,3.4066002,8.130786,12.482986,0.20505643,2.3031745,-3.0780187,8.426737,4.0354905,"[-2.6092677116394043, 21.517162322998047, 3.4066002368927, 8.130785942077637, 12.482986450195312, 0.20505642890930176, 2.3031744956970215, -3.0780186653137207, 8.426736831665039, 4.0354905128479]",9.332749,25.525396,0,"[-2.4586341 21.464603   3.7791696  8.267376  12.70135    0.3123808
  2.1076412 -2.852465   8.178061   4.177543 ]",,Do some math and ration food
214,4159,272,15,Men use less than women and children/elderly.,pg,2.0,87.3333333333333,Ahmed is the captain of a 50-passenger cruise ship. Four days into their trip they get caught in a storm and the engine breaks under the pressure. They are now stranded at sea. A rescue boat is on its way but might not arrive for a week. Their food supplies are quickly dwindling and Ahmed isn’t sure what to instruct the passengers and crew.,is the captain of a 50-passenger cruise ship . Four days into trip get caught in a storm and the engine breaks under the pressure . are now stranded at sea . A rescue boat is on way but might not arrive for a week . food supplies are quickly dwindling and isn ’ t sure what to instruct the passengers and crew . : Men use less than women and children/elderly .,-3.7069871,20.973206,3.5288017,7.536464,12.801468,1.493428,1.3199028,-2.2992253,8.645837,0.16969472,"[-3.706987142562866, 20.97320556640625, 3.528801679611206, 7.536464214324951, 12.801467895507812, 1.4934279918670654, 1.319902777671814, -2.299225330352783, 8.64583683013916, 0.169694721698761]",10.409714,18.649303,1,"[-3.6445827  20.663752    3.607818    7.4420924  12.94147     1.6022452
  1.3908336  -2.3558006   8.766497    0.20558095]",,I pray for a miracle to happen for all of us on the ship.
215,4160,291,15,Take a survey of those who are weak and vulnerable on the ship and make them a priority,pg,2.0,54.3333333333333,Ahmed is the captain of a 50-passenger cruise ship. Four days into their trip they get caught in a storm and the engine breaks under the pressure. They are now stranded at sea. A rescue boat is on its way but might not arrive for a week. Their food supplies are quickly dwindling and Ahmed isn’t sure what to instruct the passengers and crew.,is the captain of a 50-passenger cruise ship . Four days into trip get caught in a storm and the engine breaks under the pressure . are now stranded at sea . A rescue boat is on way but might not arrive for a week . food supplies are quickly dwindling and isn ’ t sure what to instruct the passengers and crew . : Take a survey of those who are weak and vulnerable on the ship and make a priority,-3.7769272,20.95087,3.5475776,7.4939203,12.790918,1.5563222,1.2672546,-2.26303,8.616264,0.015092749,"[-3.7769272327423096, 20.950870513916016, 3.5475776195526123, 7.49392032623291, 12.790918350219727, 1.5563222169876099, 1.2672545909881592, -2.2630300521850586, 8.616264343261719, 0.015092749148607254]",10.132807,18.56001,1,"[-3.6445827  20.663752    3.607818    7.4420924  12.94147     1.6022452
  1.3908336  -2.3558006   8.766497    0.20558095]",,I pray for a miracle to happen for all of us on the ship.
216,4161,296,15,Feed only the women and children.,pg,2.0,40.0,Ahmed is the captain of a 50-passenger cruise ship. Four days into their trip they get caught in a storm and the engine breaks under the pressure. They are now stranded at sea. A rescue boat is on its way but might not arrive for a week. Their food supplies are quickly dwindling and Ahmed isn’t sure what to instruct the passengers and crew.,is the captain of a 50-passenger cruise ship . Four days into trip get caught in a storm and the engine breaks under the pressure . are now stranded at sea . A rescue boat is on way but might not arrive for a week . food supplies are quickly dwindling and isn ’ t sure what to instruct the passengers and crew . : Feed only the women and children .,-2.8728504,21.51874,3.6543362,7.943817,12.567113,0.48222312,2.0081344,-2.953458,8.532878,3.6619315,"[-2.8728504180908203, 21.518739700317383, 3.6543362140655518, 7.943817138671875, 12.567112922668457, 0.48222312331199646, 2.008134365081787, -2.953458070755005, 8.532877922058105, 3.6619315147399902]",9.570227,24.94818,0,"[-2.7441764 21.471848   3.8376455  8.027677  12.746755   0.5944112
  1.9096599 -3.0311432  8.425255   3.7557979]",,Do some math and ration food
217,4162,216,15,Sell food to people willing to pay the most,pg,3.0,16.0,Ahmed is the captain of a 50-passenger cruise ship. Four days into their trip they get caught in a storm and the engine breaks under the pressure. They are now stranded at sea. A rescue boat is on its way but might not arrive for a week. Their food supplies are quickly dwindling and Ahmed isn’t sure what to instruct the passengers and crew.,is the captain of a 50-passenger cruise ship . Four days into trip get caught in a storm and the engine breaks under the pressure . are now stranded at sea . A rescue boat is on way but might not arrive for a week . food supplies are quickly dwindling and isn ’ t sure what to instruct the passengers and crew . : Sell food to people willing to pay the most,-3.1249316,21.069998,3.8336346,7.773044,12.859197,0.684355,1.820203,-3.26329,8.535983,3.6382582,"[-3.124931573867798, 21.069997787475586, 3.833634614944458, 7.773044109344482, 12.859196662902832, 0.6843550205230713, 1.8202029466629028, -3.2632899284362793, 8.535983085632324, 3.638258218765259]",9.994469,24.158865,0,"[-3.1458452  21.047504    3.9430132   7.7608495  12.853509    0.69244516
  1.6887629  -2.9216924   8.4453125   3.4295208 ]",,Do some math and ration food
218,4163,225,15,only let kids eat,pg,3.0,65.6666666666667,Ahmed is the captain of a 50-passenger cruise ship. Four days into their trip they get caught in a storm and the engine breaks under the pressure. They are now stranded at sea. A rescue boat is on its way but might not arrive for a week. Their food supplies are quickly dwindling and Ahmed isn’t sure what to instruct the passengers and crew.,is the captain of a 50-passenger cruise ship . Four days into trip get caught in a storm and the engine breaks under the pressure . are now stranded at sea . A rescue boat is on way but might not arrive for a week . food supplies are quickly dwindling and isn ’ t sure what to instruct the passengers and crew . : only let kids eat,-2.7607129,21.66555,3.7655218,8.086939,12.607495,0.7238418,1.9149922,-3.0545623,8.467586,3.7147558,"[-2.7607128620147705, 21.665550231933594, 3.765521764755249, 8.086938858032227, 12.607495307922363, 0.7238417863845825, 1.9149922132492065, -3.0545623302459717, 8.467585563659668, 3.7147557735443115]",9.402419,24.906174,0,"[-2.7441764 21.471848   3.8376455  8.027677  12.746755   0.5944112
  1.9096599 -3.0311432  8.425255   3.7557979]",,Do some math and ration food
219,4164,238,15, have the men Stop eating so there is more food,pg,3.0,73.6666666666667,Ahmed is the captain of a 50-passenger cruise ship. Four days into their trip they get caught in a storm and the engine breaks under the pressure. They are now stranded at sea. A rescue boat is on its way but might not arrive for a week. Their food supplies are quickly dwindling and Ahmed isn’t sure what to instruct the passengers and crew.,is the captain of a 50-passenger cruise ship . Four days into trip get caught in a storm and the engine breaks under the pressure . are now stranded at sea . A rescue boat is on way but might not arrive for a week . food supplies are quickly dwindling and isn ’ t sure what to instruct the passengers and crew . : have the men Stop eating so there is more food,-2.4836092,21.390585,4.058426,8.271334,12.859163,0.5749637,1.8897554,-2.6960902,8.06007,3.9482486,"[-2.483609199523926, 21.39058494567871, 4.0584259033203125, 8.271333694458008, 12.859163284301758, 0.5749636888504028, 1.889755368232727, -2.6960902214050293, 8.060070037841797, 3.9482486248016357]",10.025557,25.293264,0,"[-2.4586341 21.464603   3.7791696  8.267376  12.70135    0.3123808
  2.1076412 -2.852465   8.178061   4.177543 ]",,Do some math and ration food
220,4165,240,15,explain the situation and limit the food to crew,pg,3.0,11.6666666666667,Ahmed is the captain of a 50-passenger cruise ship. Four days into their trip they get caught in a storm and the engine breaks under the pressure. They are now stranded at sea. A rescue boat is on its way but might not arrive for a week. Their food supplies are quickly dwindling and Ahmed isn’t sure what to instruct the passengers and crew.,is the captain of a 50-passenger cruise ship . Four days into trip get caught in a storm and the engine breaks under the pressure . are now stranded at sea . A rescue boat is on way but might not arrive for a week . food supplies are quickly dwindling and isn ’ t sure what to instruct the passengers and crew . : explain the situation and limit the food to crew,-2.5262654,21.524704,3.8327317,8.107941,13.01054,0.9101541,2.107268,-3.0128229,8.3082,3.209096,"[-2.5262653827667236, 21.524703979492188, 3.8327317237854004, 8.107940673828125, 13.010540008544922, 0.9101541042327881, 2.1072680950164795, -3.0128228664398193, 8.308199882507324, 3.2090959548950195]",8.796274,24.052912,0,"[-2.7724068 21.371      3.7459974  7.9590554 12.884674   0.7567073
  2.0065956 -2.9518974  8.444245   3.1534615]",,Do some math and ration food
221,4166,242,15,Make sure every child has enough food.,pg,3.0,93.3333333333333,Ahmed is the captain of a 50-passenger cruise ship. Four days into their trip they get caught in a storm and the engine breaks under the pressure. They are now stranded at sea. A rescue boat is on its way but might not arrive for a week. Their food supplies are quickly dwindling and Ahmed isn’t sure what to instruct the passengers and crew.,is the captain of a 50-passenger cruise ship . Four days into trip get caught in a storm and the engine breaks under the pressure . are now stranded at sea . A rescue boat is on way but might not arrive for a week . food supplies are quickly dwindling and isn ’ t sure what to instruct the passengers and crew . : Make sure every child has enough food .,-2.783803,21.673689,3.7296731,8.082319,12.592157,0.7561756,1.9291334,-3.0719385,8.4905405,3.649781,"[-2.7838029861450195, 21.673688888549805, 3.729673147201538, 8.082319259643555, 12.592157363891602, 0.7561755776405334, 1.929133415222168, -3.0719385147094727, 8.490540504455566, 3.6497809886932373]",9.214278,24.765308,0,"[-2.7441764 21.471848   3.8376455  8.027677  12.746755   0.5944112
  1.9096599 -3.0311432  8.425255   3.7557979]",,Do some math and ration food
222,4167,257,15,Decide who gets what supplies,pg,3.0,32.0,Ahmed is the captain of a 50-passenger cruise ship. Four days into their trip they get caught in a storm and the engine breaks under the pressure. They are now stranded at sea. A rescue boat is on its way but might not arrive for a week. Their food supplies are quickly dwindling and Ahmed isn’t sure what to instruct the passengers and crew.,is the captain of a 50-passenger cruise ship . Four days into trip get caught in a storm and the engine breaks under the pressure . are now stranded at sea . A rescue boat is on way but might not arrive for a week . food supplies are quickly dwindling and isn ’ t sure what to instruct the passengers and crew . : Decide who gets what supplies,-2.7605467,21.324543,3.1728249,8.049118,12.556849,0.6394895,2.430489,-2.993326,8.363324,3.0078156,"[-2.7605466842651367, 21.324542999267578, 3.1728248596191406, 8.049118041992188, 12.556848526000977, 0.639489471912384, 2.4304890632629395, -2.99332594871521, 8.363324165344238, 3.0078155994415283]",9.308245,23.64542,0,"[-2.6063912 21.337578   3.5135782  8.218158  12.792952   0.7752005
  2.3582692 -2.6884098  8.116338   3.16219  ]",,Do some math and ration food
223,4168,259,15,Start a raffle for who can eat,pg,3.0,56.6666666666667,Ahmed is the captain of a 50-passenger cruise ship. Four days into their trip they get caught in a storm and the engine breaks under the pressure. They are now stranded at sea. A rescue boat is on its way but might not arrive for a week. Their food supplies are quickly dwindling and Ahmed isn’t sure what to instruct the passengers and crew.,is the captain of a 50-passenger cruise ship . Four days into trip get caught in a storm and the engine breaks under the pressure . are now stranded at sea . A rescue boat is on way but might not arrive for a week . food supplies are quickly dwindling and isn ’ t sure what to instruct the passengers and crew . : Start a raffle for who can eat,-2.8524833,21.39284,3.6909432,7.941093,12.68929,0.58880067,1.9502863,-3.0576775,8.582674,3.4886882,"[-2.8524832725524902, 21.392839431762695, 3.6909432411193848, 7.9410929679870605, 12.689290046691895, 0.5888006687164307, 1.9502862691879272, -3.0576775074005127, 8.582674026489258, 3.4886882305145264]",9.824571,24.332106,0,"[-2.7441764 21.471848   3.8376455  8.027677  12.746755   0.5944112
  1.9096599 -3.0311432  8.425255   3.7557979]",,Do some math and ration food
224,4169,268,15,Give more food to the youngest.,pg,3.0,90.6666666666667,Ahmed is the captain of a 50-passenger cruise ship. Four days into their trip they get caught in a storm and the engine breaks under the pressure. They are now stranded at sea. A rescue boat is on its way but might not arrive for a week. Their food supplies are quickly dwindling and Ahmed isn’t sure what to instruct the passengers and crew.,is the captain of a 50-passenger cruise ship . Four days into trip get caught in a storm and the engine breaks under the pressure . are now stranded at sea . A rescue boat is on way but might not arrive for a week . food supplies are quickly dwindling and isn ’ t sure what to instruct the passengers and crew . : Give more food to the youngest .,-2.741908,21.673555,3.69418,8.153378,12.542032,0.66276985,1.9746009,-3.0824003,8.444605,3.8790648,"[-2.741908073425293, 21.673555374145508, 3.6941800117492676, 8.153377532958984, 12.542032241821289, 0.6627698540687561, 1.974600911140442, -3.082400321960449, 8.444604873657227, 3.8790647983551025]",9.400813,25.13607,0,"[-2.7441764 21.471848   3.8376455  8.027677  12.746755   0.5944112
  1.9096599 -3.0311432  8.425255   3.7557979]",,Do some math and ration food
225,4170,296,15,Only feed half the people on the boat.,pg,3.0,26.6666666666667,Ahmed is the captain of a 50-passenger cruise ship. Four days into their trip they get caught in a storm and the engine breaks under the pressure. They are now stranded at sea. A rescue boat is on its way but might not arrive for a week. Their food supplies are quickly dwindling and Ahmed isn’t sure what to instruct the passengers and crew.,is the captain of a 50-passenger cruise ship . Four days into trip get caught in a storm and the engine breaks under the pressure . are now stranded at sea . A rescue boat is on way but might not arrive for a week . food supplies are quickly dwindling and isn ’ t sure what to instruct the passengers and crew . : Only feed half the people on the boat .,-2.7878933,21.439186,3.473048,7.99287,12.51084,0.26908416,2.18564,-2.870714,8.494885,3.724065,"[-2.787893295288086, 21.439186096191406, 3.473047971725464, 7.992869853973389, 12.51084041595459, 0.2690841555595398, 2.1856400966644287, -2.870713949203491, 8.494885444641113, 3.724065065383911]",9.492565,25.158667,0,"[-2.7441764 21.471848   3.8376455  8.027677  12.746755   0.5944112
  1.9096599 -3.0311432  8.425255   3.7557979]",,Do some math and ration food
226,4171,297,15,ask for volunteers to fast,pg,3.0,76.6666666666667,Ahmed is the captain of a 50-passenger cruise ship. Four days into their trip they get caught in a storm and the engine breaks under the pressure. They are now stranded at sea. A rescue boat is on its way but might not arrive for a week. Their food supplies are quickly dwindling and Ahmed isn’t sure what to instruct the passengers and crew.,is the captain of a 50-passenger cruise ship . Four days into trip get caught in a storm and the engine breaks under the pressure . are now stranded at sea . A rescue boat is on way but might not arrive for a week . food supplies are quickly dwindling and isn ’ t sure what to instruct the passengers and crew . : ask for volunteers to fast,-2.7292452,21.29027,3.906177,7.9861827,12.926914,0.8960442,1.9730583,-2.4550412,8.07688,2.985372,"[-2.729245185852051, 21.29026985168457, 3.906177043914795, 7.986182689666748, 12.92691421508789, 0.8960441946983337, 1.9730583429336548, -2.4550411701202393, 8.07688045501709, 2.9853720664978027]",8.7381525,23.83865,0,"[-2.7724068 21.371      3.7459974  7.9590554 12.884674   0.7567073
  2.0065956 -2.9518974  8.444245   3.1534615]",,Do some math and ration food
227,4172,301,15,tell the healthy people to not eat and give to the weak,pg,3.0,21.0,Ahmed is the captain of a 50-passenger cruise ship. Four days into their trip they get caught in a storm and the engine breaks under the pressure. They are now stranded at sea. A rescue boat is on its way but might not arrive for a week. Their food supplies are quickly dwindling and Ahmed isn’t sure what to instruct the passengers and crew.,is the captain of a 50-passenger cruise ship . Four days into trip get caught in a storm and the engine breaks under the pressure . are now stranded at sea . A rescue boat is on way but might not arrive for a week . food supplies are quickly dwindling and isn ’ t sure what to instruct the passengers and crew . : tell the healthy people to not eat and give to the weak,-2.525257,21.488428,4.061729,8.155445,12.857491,0.5437319,1.8535788,-2.7540042,8.191467,3.92748,"[-2.525257110595703, 21.488428115844727, 4.0617289543151855, 8.155445098876953, 12.857490539550781, 0.5437319278717041, 1.853578805923462, -2.7540042400360107, 8.19146728515625, 3.9274799823760986]",9.979656,25.078997,0,"[-2.7441764 21.471848   3.8376455  8.027677  12.746755   0.5944112
  1.9096599 -3.0311432  8.425255   3.7557979]",,Do some math and ration food
228,4173,306,15,Divide people into groups by health,pg,3.0,61.6666666666667,Ahmed is the captain of a 50-passenger cruise ship. Four days into their trip they get caught in a storm and the engine breaks under the pressure. They are now stranded at sea. A rescue boat is on its way but might not arrive for a week. Their food supplies are quickly dwindling and Ahmed isn’t sure what to instruct the passengers and crew.,is the captain of a 50-passenger cruise ship . Four days into trip get caught in a storm and the engine breaks under the pressure . are now stranded at sea . A rescue boat is on way but might not arrive for a week . food supplies are quickly dwindling and isn ’ t sure what to instruct the passengers and crew . : Divide people into groups by health,-2.681022,21.449974,3.253214,8.061189,12.400891,0.17443468,2.3859365,-2.9801078,8.472062,3.7494407,"[-2.6810219287872314, 21.449974060058594, 3.253213882446289, 8.061188697814941, 12.400891304016113, 0.17443467676639557, 2.3859364986419678, -2.9801077842712402, 8.472062110900879, 3.7494406700134277]",9.223301,25.691734,0,"[-2.4105294  21.398413    3.1327066   8.402012   12.56321     0.27548963
  2.769905   -2.7803721   8.022018    3.876833  ]",,Do some math and ration food
229,4174,209,15,not give food to fat people,pg,4.0,57.6666666666667,Ahmed is the captain of a 50-passenger cruise ship. Four days into their trip they get caught in a storm and the engine breaks under the pressure. They are now stranded at sea. A rescue boat is on its way but might not arrive for a week. Their food supplies are quickly dwindling and Ahmed isn’t sure what to instruct the passengers and crew.,is the captain of a 50-passenger cruise ship . Four days into trip get caught in a storm and the engine breaks under the pressure . are now stranded at sea . A rescue boat is on way but might not arrive for a week . food supplies are quickly dwindling and isn ’ t sure what to instruct the passengers and crew . : not give food to fat people,-2.485424,21.48282,4.0463934,8.208359,12.80655,0.49434906,1.8628461,-2.739216,8.16015,4.0497375,"[-2.485424041748047, 21.482820510864258, 4.046393394470215, 8.208358764648438, 12.806550025939941, 0.49434906244277954, 1.8628461360931396, -2.7392160892486572, 8.160149574279785, 4.049737453460693]",10.090519,25.214602,0,"[-2.4586341 21.464603   3.7791696  8.267376  12.70135    0.3123808
  2.1076412 -2.852465   8.178061   4.177543 ]",,Do some math and ration food
230,4175,234,15,Have passengers and crew list any medical issues to determine who may need food more,pg,4.0,75.0,Ahmed is the captain of a 50-passenger cruise ship. Four days into their trip they get caught in a storm and the engine breaks under the pressure. They are now stranded at sea. A rescue boat is on its way but might not arrive for a week. Their food supplies are quickly dwindling and Ahmed isn’t sure what to instruct the passengers and crew.,is the captain of a 50-passenger cruise ship . Four days into trip get caught in a storm and the engine breaks under the pressure . are now stranded at sea . A rescue boat is on way but might not arrive for a week . food supplies are quickly dwindling and isn ’ t sure what to instruct the passengers and crew . : Have passengers and crew list any medical issues to determine who may need food more,-2.3821852,21.70814,3.6575637,8.147162,12.942794,0.8470443,2.3863251,-2.9547422,8.193627,3.2984257,"[-2.382185220718384, 21.708139419555664, 3.6575636863708496, 8.147162437438965, 12.942793846130371, 0.8470442891120911, 2.3863251209259033, -2.954742193222046, 8.19362735748291, 3.2984256744384766]",8.687683,24.15138,0,"[-2.6063912 21.337578   3.5135782  8.218158  12.792952   0.7752005
  2.3582692 -2.6884098  8.116338   3.16219  ]",,Do some math and ration food
231,4176,242,15,Taking food away from the elderly people on the ship.,pg,4.0,6.66666666666667,Ahmed is the captain of a 50-passenger cruise ship. Four days into their trip they get caught in a storm and the engine breaks under the pressure. They are now stranded at sea. A rescue boat is on its way but might not arrive for a week. Their food supplies are quickly dwindling and Ahmed isn’t sure what to instruct the passengers and crew.,is the captain of a 50-passenger cruise ship . Four days into trip get caught in a storm and the engine breaks under the pressure . are now stranded at sea . A rescue boat is on way but might not arrive for a week . food supplies are quickly dwindling and isn ’ t sure what to instruct the passengers and crew . : Taking food away from the elderly people on the ship .,-2.809002,21.409184,3.6340654,7.938749,12.818223,0.66631067,2.0747848,-2.93795,8.468335,3.1749852,"[-2.809001922607422, 21.409183502197266, 3.6340653896331787, 7.938748836517334, 12.818222999572754, 0.6663106679916382, 2.074784755706787, -2.9379498958587646, 8.468335151672363, 3.17498517036438]",9.24048,24.261917,0,"[-2.7724068 21.371      3.7459974  7.9590554 12.884674   0.7567073
  2.0065956 -2.9518974  8.444245   3.1534615]",,Do some math and ration food
232,4177,262,15,prioritize who gets food,pg,4.0,33.3333333333333,Ahmed is the captain of a 50-passenger cruise ship. Four days into their trip they get caught in a storm and the engine breaks under the pressure. They are now stranded at sea. A rescue boat is on its way but might not arrive for a week. Their food supplies are quickly dwindling and Ahmed isn’t sure what to instruct the passengers and crew.,is the captain of a 50-passenger cruise ship . Four days into trip get caught in a storm and the engine breaks under the pressure . are now stranded at sea . A rescue boat is on way but might not arrive for a week . food supplies are quickly dwindling and isn ’ t sure what to instruct the passengers and crew . : prioritize who gets food,-2.6152327,21.560516,3.457003,8.121085,12.520518,0.25815365,2.274783,-3.1439185,8.432068,4.09221,"[-2.6152327060699463, 21.560516357421875, 3.457003116607666, 8.121085166931152, 12.52051830291748, 0.25815364718437195, 2.27478289604187, -3.143918514251709, 8.43206787109375, 4.092209815979004]",9.274895,25.623829,0,"[-2.4586341 21.464603   3.7791696  8.267376  12.70135    0.3123808
  2.1076412 -2.852465   8.178061   4.177543 ]",,Do some math and ration food
233,4178,275,15,give food to women and children first,pg,4.0,62.0,Ahmed is the captain of a 50-passenger cruise ship. Four days into their trip they get caught in a storm and the engine breaks under the pressure. They are now stranded at sea. A rescue boat is on its way but might not arrive for a week. Their food supplies are quickly dwindling and Ahmed isn’t sure what to instruct the passengers and crew.,is the captain of a 50-passenger cruise ship . Four days into trip get caught in a storm and the engine breaks under the pressure . are now stranded at sea . A rescue boat is on way but might not arrive for a week . food supplies are quickly dwindling and isn ’ t sure what to instruct the passengers and crew . : give food to women and children first,-2.8561099,21.613611,3.7532265,8.09657,12.603986,0.8345385,1.9060916,-3.1990838,8.444488,3.7645776,"[-2.856109857559204, 21.613611221313477, 3.7532265186309814, 8.096570014953613, 12.603985786437988, 0.8345385193824768, 1.906091570854187, -3.1990838050842285, 8.444487571716309, 3.764577627182007]",9.483767,24.946983,0,"[-2.7441764 21.471848   3.8376455  8.027677  12.746755   0.5944112
  1.9096599 -3.0311432  8.425255   3.7557979]",,Do some math and ration food
234,4179,278,15,Divide the people into two groups and only feed one to survive,pg,4.0,4.66666666666667,Ahmed is the captain of a 50-passenger cruise ship. Four days into their trip they get caught in a storm and the engine breaks under the pressure. They are now stranded at sea. A rescue boat is on its way but might not arrive for a week. Their food supplies are quickly dwindling and Ahmed isn’t sure what to instruct the passengers and crew.,is the captain of a 50-passenger cruise ship . Four days into trip get caught in a storm and the engine breaks under the pressure . are now stranded at sea . A rescue boat is on way but might not arrive for a week . food supplies are quickly dwindling and isn ’ t sure what to instruct the passengers and crew . : Divide the people into two groups and only feed one to survive,-2.697547,21.438267,3.3324184,8.053784,12.411021,0.09724684,2.3100154,-2.9672449,8.489055,3.9125094,"[-2.69754695892334, 21.43826675415039, 3.332418441772461, 8.053784370422363, 12.41102123260498, 0.09724684059619904, 2.3100154399871826, -2.967244863510132, 8.489054679870605, 3.9125094413757324]",9.384985,25.581493,0,"[-2.4586341 21.464603   3.7791696  8.267376  12.70135    0.3123808
  2.1076412 -2.852465   8.178061   4.177543 ]",,Do some math and ration food
235,4180,279,15,Allocate the supplies to those most in need.,pg,4.0,83.3333333333333,Ahmed is the captain of a 50-passenger cruise ship. Four days into their trip they get caught in a storm and the engine breaks under the pressure. They are now stranded at sea. A rescue boat is on its way but might not arrive for a week. Their food supplies are quickly dwindling and Ahmed isn’t sure what to instruct the passengers and crew.,is the captain of a 50-passenger cruise ship . Four days into trip get caught in a storm and the engine breaks under the pressure . are now stranded at sea . A rescue boat is on way but might not arrive for a week . food supplies are quickly dwindling and isn ’ t sure what to instruct the passengers and crew . : Allocate the supplies to those most in need .,-2.8110662,21.20568,3.169459,8.035752,12.630336,0.8060821,2.4174094,-2.8223424,8.289229,2.622675,"[-2.811066150665283, 21.20568084716797, 3.169459104537964, 8.035752296447754, 12.630335807800293, 0.8060821294784546, 2.4174094200134277, -2.8223423957824707, 8.289229393005371, 2.6226749420166016]",9.192473,23.308575,0,"[-2.7720344 21.198093   3.524655   8.050342  12.951804   1.1348985
  2.1959908 -2.8224287  8.259791   2.3755927]",,Do some math and ration food
236,4181,280,15,Ahmed could give more food to passengers and less to the crew.,pg,4.0,60.0,Ahmed is the captain of a 50-passenger cruise ship. Four days into their trip they get caught in a storm and the engine breaks under the pressure. They are now stranded at sea. A rescue boat is on its way but might not arrive for a week. Their food supplies are quickly dwindling and Ahmed isn’t sure what to instruct the passengers and crew.,is the captain of a 50-passenger cruise ship . Four days into trip get caught in a storm and the engine breaks under the pressure . are now stranded at sea . A rescue boat is on way but might not arrive for a week . food supplies are quickly dwindling and isn ’ t sure what to instruct the passengers and crew . : give more food to passengers and less to the crew .,-2.4682386,21.528214,3.7639759,8.302749,12.636099,0.30122367,2.1157572,-2.8578753,8.167961,4.289054,"[-2.468238592147827, 21.528213500976562, 3.7639758586883545, 8.302748680114746, 12.636098861694336, 0.30122366547584534, 2.1157572269439697, -2.857875347137451, 8.167961120605469, 4.289053916931152]",9.65607,25.760815,0,"[-2.4586341 21.464603   3.7791696  8.267376  12.70135    0.3123808
  2.1076412 -2.852465   8.178061   4.177543 ]",,Do some math and ration food
237,4182,296,15,Hoard all the food for himself and a select few of his choosing.,pg,4.0,10.0,Ahmed is the captain of a 50-passenger cruise ship. Four days into their trip they get caught in a storm and the engine breaks under the pressure. They are now stranded at sea. A rescue boat is on its way but might not arrive for a week. Their food supplies are quickly dwindling and Ahmed isn’t sure what to instruct the passengers and crew.,is the captain of a 50-passenger cruise ship . Four days into trip get caught in a storm and the engine breaks under the pressure . are now stranded at sea . A rescue boat is on way but might not arrive for a week . food supplies are quickly dwindling and isn ’ t sure what to instruct the passengers and crew . : Hoard all the food for and a select few of choosing .,-3.1167023,21.090363,3.8412266,7.7582016,12.843276,0.6331432,1.7902777,-3.170634,8.558677,3.5610678,"[-3.1167023181915283, 21.090362548828125, 3.841226577758789, 7.758201599121094, 12.843276023864746, 0.6331431865692139, 1.7902777194976807, -3.1706340312957764, 8.558676719665527, 3.561067819595337]",9.956462,24.146185,0,"[-3.1458452  21.047504    3.9430132   7.7608495  12.853509    0.69244516
  1.6887629  -2.9216924   8.4453125   3.4295208 ]",,Do some math and ration food
238,4183,235,15,Ahmed can feed only the people he likes.,pg,5.0,0.0,Ahmed is the captain of a 50-passenger cruise ship. Four days into their trip they get caught in a storm and the engine breaks under the pressure. They are now stranded at sea. A rescue boat is on its way but might not arrive for a week. Their food supplies are quickly dwindling and Ahmed isn’t sure what to instruct the passengers and crew.,is the captain of a 50-passenger cruise ship . Four days into trip get caught in a storm and the engine breaks under the pressure . are now stranded at sea . A rescue boat is on way but might not arrive for a week . food supplies are quickly dwindling and isn ’ t sure what to instruct the passengers and crew . : can feed only the people likes .,-2.8746085,21.468067,3.5717459,7.8604026,12.653648,0.45877278,2.065975,-2.872386,8.602199,3.3282504,"[-2.8746085166931152, 21.468067169189453, 3.5717458724975586, 7.860402584075928, 12.653648376464844, 0.45877277851104736, 2.0659749507904053, -2.8723859786987305, 8.602198600769043, 3.3282504081726074]",9.667408,24.470587,0,"[-2.7724068 21.371      3.7459974  7.9590554 12.884674   0.7567073
  2.0065956 -2.9518974  8.444245   3.1534615]",,Do some math and ration food
239,4184,250,15,Only let certain people eat so the food lasts longer,pg,5.0,1.0,Ahmed is the captain of a 50-passenger cruise ship. Four days into their trip they get caught in a storm and the engine breaks under the pressure. They are now stranded at sea. A rescue boat is on its way but might not arrive for a week. Their food supplies are quickly dwindling and Ahmed isn’t sure what to instruct the passengers and crew.,is the captain of a 50-passenger cruise ship . Four days into trip get caught in a storm and the engine breaks under the pressure . are now stranded at sea . A rescue boat is on way but might not arrive for a week . food supplies are quickly dwindling and isn ’ t sure what to instruct the passengers and crew . : Only let certain people eat so the food lasts longer,-2.464616,21.54163,3.9911544,8.140083,12.858754,0.45585164,1.9181957,-2.9829218,8.278177,4.0484133,"[-2.464616060256958, 21.541629791259766, 3.991154432296753, 8.140083312988281, 12.85875415802002, 0.45585164427757263, 1.9181957244873047, -2.982921838760376, 8.278177261352539, 4.048413276672363]",9.968338,25.292664,0,"[-2.4586341 21.464603   3.7791696  8.267376  12.70135    0.3123808
  2.1076412 -2.852465   8.178061   4.177543 ]",,Do some math and ration food
240,4185,255,15,give children and young people more food,pg,5.0,66.6666666666667,Ahmed is the captain of a 50-passenger cruise ship. Four days into their trip they get caught in a storm and the engine breaks under the pressure. They are now stranded at sea. A rescue boat is on its way but might not arrive for a week. Their food supplies are quickly dwindling and Ahmed isn’t sure what to instruct the passengers and crew.,is the captain of a 50-passenger cruise ship . Four days into trip get caught in a storm and the engine breaks under the pressure . are now stranded at sea . A rescue boat is on way but might not arrive for a week . food supplies are quickly dwindling and isn ’ t sure what to instruct the passengers and crew . : give children and young people more food,-2.7510357,21.746742,3.7089365,8.144174,12.556839,0.7421214,1.9717336,-3.146673,8.461355,3.8516157,"[-2.751035690307617, 21.746742248535156, 3.7089364528656006, 8.144173622131348, 12.556838989257812, 0.7421213984489441, 1.971733570098877, -3.1466729640960693, 8.461355209350586, 3.8516156673431396]",9.388238,25.047571,0,"[-2.7441764 21.471848   3.8376455  8.027677  12.746755   0.5944112
  1.9096599 -3.0311432  8.425255   3.7557979]",,Do some math and ration food
241,4186,259,15,Tell staff and crew to eat less,pg,5.0,60.0,Ahmed is the captain of a 50-passenger cruise ship. Four days into their trip they get caught in a storm and the engine breaks under the pressure. They are now stranded at sea. A rescue boat is on its way but might not arrive for a week. Their food supplies are quickly dwindling and Ahmed isn’t sure what to instruct the passengers and crew.,is the captain of a 50-passenger cruise ship . Four days into trip get caught in a storm and the engine breaks under the pressure . are now stranded at sea . A rescue boat is on way but might not arrive for a week . food supplies are quickly dwindling and isn ’ t sure what to instruct the passengers and crew . : Tell staff and crew to eat less,-2.4036589,21.484238,4.004135,8.271602,12.801915,0.39448762,1.9497592,-2.7376282,8.109733,4.1902776,"[-2.403658866882324, 21.484237670898438, 4.0041351318359375, 8.271601676940918, 12.801915168762207, 0.3944876194000244, 1.9497592449188232, -2.737628221511841, 8.109732627868652, 4.190277576446533]",10.0884905,25.532267,0,"[-2.4586341 21.464603   3.7791696  8.267376  12.70135    0.3123808
  2.1076412 -2.852465   8.178061   4.177543 ]",,Do some math and ration food
242,4187,263,15,"triage the passengers, and priritize food/water to those most likely to survive",pg,5.0,50.0,Ahmed is the captain of a 50-passenger cruise ship. Four days into their trip they get caught in a storm and the engine breaks under the pressure. They are now stranded at sea. A rescue boat is on its way but might not arrive for a week. Their food supplies are quickly dwindling and Ahmed isn’t sure what to instruct the passengers and crew.,"is the captain of a 50-passenger cruise ship . Four days into trip get caught in a storm and the engine breaks under the pressure . are now stranded at sea . A rescue boat is on way but might not arrive for a week . food supplies are quickly dwindling and isn ’ t sure what to instruct the passengers and crew . : triage the passengers , and priritize food/water to those most likely to survive",-2.6019175,21.352398,3.449312,8.036688,12.942039,1.1563166,2.3495882,-3.0240996,8.173776,2.5163283,"[-2.6019175052642822, 21.352397918701172, 3.4493119716644287, 8.036687850952148, 12.942038536071777, 1.1563166379928589, 2.34958815574646, -3.024099588394165, 8.173775672912598, 2.5163283348083496]",8.678354,23.137789,0,"[-2.7720344 21.198093   3.524655   8.050342  12.951804   1.1348985
  2.1959908 -2.8224287  8.259791   2.3755927]",,Do some math and ration food
243,4188,270,15,Feed only those who really need it.,pg,5.0,61.0,Ahmed is the captain of a 50-passenger cruise ship. Four days into their trip they get caught in a storm and the engine breaks under the pressure. They are now stranded at sea. A rescue boat is on its way but might not arrive for a week. Their food supplies are quickly dwindling and Ahmed isn’t sure what to instruct the passengers and crew.,is the captain of a 50-passenger cruise ship . Four days into trip get caught in a storm and the engine breaks under the pressure . are now stranded at sea . A rescue boat is on way but might not arrive for a week . food supplies are quickly dwindling and isn ’ t sure what to instruct the passengers and crew . : Feed only those who really need .,-2.8499615,21.502346,3.5763142,7.931654,12.547288,0.3782065,2.0864537,-2.904488,8.547861,3.6575785,"[-2.849961519241333, 21.50234603881836, 3.5763142108917236, 7.93165397644043, 12.547287940979004, 0.3782064914703369, 2.086453676223755, -2.9044880867004395, 8.547861099243164, 3.657578468322754]",9.609917,24.920746,0,"[-2.7441764 21.471848   3.8376455  8.027677  12.746755   0.5944112
  1.9096599 -3.0311432  8.425255   3.7557979]",,Do some math and ration food
244,4189,272,15,Only passengers to consume it.,pg,5.0,44.6666666666667,Ahmed is the captain of a 50-passenger cruise ship. Four days into their trip they get caught in a storm and the engine breaks under the pressure. They are now stranded at sea. A rescue boat is on its way but might not arrive for a week. Their food supplies are quickly dwindling and Ahmed isn’t sure what to instruct the passengers and crew.,is the captain of a 50-passenger cruise ship . Four days into trip get caught in a storm and the engine breaks under the pressure . are now stranded at sea . A rescue boat is on way but might not arrive for a week . food supplies are quickly dwindling and isn ’ t sure what to instruct the passengers and crew . : Only passengers to consume .,-2.662502,21.578856,3.888023,7.902097,12.863587,0.5207217,1.9242256,-2.9504087,8.5347,3.5494335,"[-2.6625020503997803, 21.578855514526367, 3.8880228996276855, 7.902097225189209, 12.863587379455566, 0.5207216739654541, 1.9242255687713623, -2.950408697128296, 8.534700393676758, 3.549433469772339]",9.735492,24.637474,0,"[-2.7441764 21.471848   3.8376455  8.027677  12.746755   0.5944112
  1.9096599 -3.0311432  8.425255   3.7557979]",,Do some math and ration food
245,4190,276,15,give food to some but not others,pg,5.0,25.0,Ahmed is the captain of a 50-passenger cruise ship. Four days into their trip they get caught in a storm and the engine breaks under the pressure. They are now stranded at sea. A rescue boat is on its way but might not arrive for a week. Their food supplies are quickly dwindling and Ahmed isn’t sure what to instruct the passengers and crew.,is the captain of a 50-passenger cruise ship . Four days into trip get caught in a storm and the engine breaks under the pressure . are now stranded at sea . A rescue boat is on way but might not arrive for a week . food supplies are quickly dwindling and isn ’ t sure what to instruct the passengers and crew . : give food to some but not others,-2.8036492,21.41404,3.869887,8.129284,12.725243,0.74948645,1.8581005,-3.2002604,8.317903,3.902865,"[-2.8036491870880127, 21.414039611816406, 3.869887113571167, 8.129283905029297, 12.725242614746094, 0.7494864463806152, 1.8581005334854126, -3.2002604007720947, 8.317902565002441, 3.902864933013916]",9.83054,24.961863,0,"[-2.7441764 21.471848   3.8376455  8.027677  12.746755   0.5944112
  1.9096599 -3.0311432  8.425255   3.7557979]",,Do some math and ration food
246,4191,280,15,Ahmed could give more food to the crew and less to passengers.,pg,5.0,35.0,Ahmed is the captain of a 50-passenger cruise ship. Four days into their trip they get caught in a storm and the engine breaks under the pressure. They are now stranded at sea. A rescue boat is on its way but might not arrive for a week. Their food supplies are quickly dwindling and Ahmed isn’t sure what to instruct the passengers and crew.,is the captain of a 50-passenger cruise ship . Four days into trip get caught in a storm and the engine breaks under the pressure . are now stranded at sea . A rescue boat is on way but might not arrive for a week . food supplies are quickly dwindling and isn ’ t sure what to instruct the passengers and crew . : give more food to the crew and less to passengers .,-2.460913,21.46944,3.6914175,8.347964,12.57473,0.22505021,2.155418,-2.809318,8.144333,4.34016,"[-2.4609129428863525, 21.469440460205078, 3.6914174556732178, 8.3479642868042, 12.574729919433594, 0.2250502109527588, 2.1554179191589355, -2.8093180656433105, 8.144332885742188, 4.340159893035889]",9.632716,25.7463,0,"[-2.4586341 21.464603   3.7791696  8.267376  12.70135    0.3123808
  2.1076412 -2.852465   8.178061   4.177543 ]",,Do some math and ration food
247,4192,283,15,"Apportion food to passengers, more to the weaker people and less to the stronger people",pg,5.0,51.3333333333333,Ahmed is the captain of a 50-passenger cruise ship. Four days into their trip they get caught in a storm and the engine breaks under the pressure. They are now stranded at sea. A rescue boat is on its way but might not arrive for a week. Their food supplies are quickly dwindling and Ahmed isn’t sure what to instruct the passengers and crew.,"is the captain of a 50-passenger cruise ship . Four days into trip get caught in a storm and the engine breaks under the pressure . are now stranded at sea . A rescue boat is on way but might not arrive for a week . food supplies are quickly dwindling and isn ’ t sure what to instruct the passengers and crew . : Apportion food to passengers , more to the weaker people and less to the stronger people",-2.4058237,21.313732,3.2272484,8.374274,12.410021,-0.2014644,2.5556767,-2.940986,8.213953,4.4390206,"[-2.4058237075805664, 21.313732147216797, 3.227248430252075, 8.374274253845215, 12.41002082824707, -0.20146439969539642, 2.5556766986846924, -2.940985918045044, 8.213953018188477, 4.43902063369751]",9.228741,26.420973,0,"[-2.329078   21.25354     3.1480563   8.463956   12.449426   -0.20846546
  2.7263842  -2.7515886   8.015783    4.524402  ]",,Do some math and ration food
248,4193,285,15,Personly select people to survive so that not everyone dies.,pg,5.0,2.66666666666667,Ahmed is the captain of a 50-passenger cruise ship. Four days into their trip they get caught in a storm and the engine breaks under the pressure. They are now stranded at sea. A rescue boat is on its way but might not arrive for a week. Their food supplies are quickly dwindling and Ahmed isn’t sure what to instruct the passengers and crew.,is the captain of a 50-passenger cruise ship . Four days into trip get caught in a storm and the engine breaks under the pressure . are now stranded at sea . A rescue boat is on way but might not arrive for a week . food supplies are quickly dwindling and isn ’ t sure what to instruct the passengers and crew . : Personly select people to survive so that not everyone dies .,-3.9403744,20.46061,4.1074314,7.1699243,13.008783,1.5610582,1.0270221,-1.9318871,8.338662,0.8631639,"[-3.9403743743896484, 20.460609436035156, 4.107431411743164, 7.169924259185791, 13.008783340454102, 1.5610581636428833, 1.027022123336792, -1.931887149810791, 8.338662147521973, 0.8631638884544373]",10.723366,20.012558,1,"[-4.048797  20.437038   4.2164783  7.1701818 13.042211   1.5807805
  0.9519202 -1.7881687  8.2991705  0.8971675]",,I pray for a miracle to happen for all of us on the ship.
249,5017,215,15,see if there are fisherman on board,pg,1.0,78.6666666666667,Ahmed is the captain of a 50-passenger cruise ship. Four days into their trip they get caught in a storm and the engine breaks under the pressure. They are now stranded at sea. A rescue boat is on its way but might not arrive for a week. Their food supplies are quickly dwindling and Ahmed isn’t sure what to instruct the passengers and crew.,is the captain of a 50-passenger cruise ship . Four days into trip get caught in a storm and the engine breaks under the pressure . are now stranded at sea . A rescue boat is on way but might not arrive for a week . food supplies are quickly dwindling and isn ’ t sure what to instruct the passengers and crew . : see if there are fisherman on board,-4.9344363,19.32918,4.531419,5.9076605,13.123348,1.7830907,-0.30018517,-0.9169916,8.410807,0.6385447,"[-4.934436321258545, 19.329179763793945, 4.531418800354004, 5.907660484313965, 13.123348236083984, 1.7830907106399536, -0.3001851737499237, -0.9169915914535522, 8.410806655883789, 0.6385446786880493]",13.462773,19.465855,2,"[-4.8689456  19.327238    4.543908    5.8250856  13.081804    1.767133
 -0.2748394  -0.8905132   8.488439    0.82249075]",,Tell everyone to start fishing and boiling water so you have food and clean water. 
250,5018,218,15,have passengers fish,pg,1.0,74.3333333333333,Ahmed is the captain of a 50-passenger cruise ship. Four days into their trip they get caught in a storm and the engine breaks under the pressure. They are now stranded at sea. A rescue boat is on its way but might not arrive for a week. Their food supplies are quickly dwindling and Ahmed isn’t sure what to instruct the passengers and crew.,is the captain of a 50-passenger cruise ship . Four days into trip get caught in a storm and the engine breaks under the pressure . are now stranded at sea . A rescue boat is on way but might not arrive for a week . food supplies are quickly dwindling and isn ’ t sure what to instruct the passengers and crew . : have passengers fish,-4.9672003,19.27067,4.593685,5.7847447,13.128372,1.822858,-0.31347597,-0.850244,8.444453,0.6751182,"[-4.96720027923584, 19.27066993713379, 4.593685150146484, 5.784744739532471, 13.128372192382812, 1.8228579759597778, -0.31347596645355225, -0.8502439856529236, 8.444453239440918, 0.6751182079315186]",13.713426,19.475718,2,"[-4.8689456  19.327238    4.543908    5.8250856  13.081804    1.767133
 -0.2748394  -0.8905132   8.488439    0.82249075]",,Tell everyone to start fishing and boiling water so you have food and clean water. 
251,5019,225,15,find a way to fish. ,pg,1.0,93.6666666666667,Ahmed is the captain of a 50-passenger cruise ship. Four days into their trip they get caught in a storm and the engine breaks under the pressure. They are now stranded at sea. A rescue boat is on its way but might not arrive for a week. Their food supplies are quickly dwindling and Ahmed isn’t sure what to instruct the passengers and crew.,is the captain of a 50-passenger cruise ship . Four days into trip get caught in a storm and the engine breaks under the pressure . are now stranded at sea . A rescue boat is on way but might not arrive for a week . food supplies are quickly dwindling and isn ’ t sure what to instruct the passengers and crew . : find a way to fish .,-4.901136,19.247307,4.606681,5.754354,13.169059,1.89703,-0.36499786,-0.9093094,8.446439,0.68784136,"[-4.9011359214782715, 19.24730682373047, 4.606680870056152, 5.754354000091553, 13.169058799743652, 1.897029995918274, -0.36499786376953125, -0.9093093872070312, 8.446438789367676, 0.6878413558006287]",13.703791,19.436785,2,"[-4.8689456  19.327238    4.543908    5.8250856  13.081804    1.767133
 -0.2748394  -0.8905132   8.488439    0.82249075]",,Tell everyone to start fishing and boiling water so you have food and clean water. 
252,5020,237,15,fish for food,pg,1.0,84.0,Ahmed is the captain of a 50-passenger cruise ship. Four days into their trip they get caught in a storm and the engine breaks under the pressure. They are now stranded at sea. A rescue boat is on its way but might not arrive for a week. Their food supplies are quickly dwindling and Ahmed isn’t sure what to instruct the passengers and crew.,is the captain of a 50-passenger cruise ship . Four days into trip get caught in a storm and the engine breaks under the pressure . are now stranded at sea . A rescue boat is on way but might not arrive for a week . food supplies are quickly dwindling and isn ’ t sure what to instruct the passengers and crew . : fish for food,-4.761468,19.339651,4.532014,5.744904,13.035481,1.7260025,-0.24832347,-0.9021073,8.580973,1.0885924,"[-4.761467933654785, 19.339651107788086, 4.532013893127441, 5.744904041290283, 13.035481452941895, 1.7260024547576904, -0.2483234703540802, -0.902107298374176, 8.580972671508789, 1.0885924100875854]",13.662208,19.855268,2,"[-4.8689456  19.327238    4.543908    5.8250856  13.081804    1.767133
 -0.2748394  -0.8905132   8.488439    0.82249075]",,Tell everyone to start fishing and boiling water so you have food and clean water. 
253,5021,239,15,Try to catch fish,pg,1.0,70.0,Ahmed is the captain of a 50-passenger cruise ship. Four days into their trip they get caught in a storm and the engine breaks under the pressure. They are now stranded at sea. A rescue boat is on its way but might not arrive for a week. Their food supplies are quickly dwindling and Ahmed isn’t sure what to instruct the passengers and crew.,is the captain of a 50-passenger cruise ship . Four days into trip get caught in a storm and the engine breaks under the pressure . are now stranded at sea . A rescue boat is on way but might not arrive for a week . food supplies are quickly dwindling and isn ’ t sure what to instruct the passengers and crew . : Try to catch fish,-4.9411373,19.293528,4.569157,5.896748,13.129997,1.8012233,-0.29388157,-0.9039293,8.47175,0.68018985,"[-4.941137313842773, 19.293527603149414, 4.569157123565674, 5.896748065948486, 13.129997253417969, 1.8012232780456543, -0.2938815653324127, -0.9039292931556702, 8.471750259399414, 0.680189847946167]",13.615553,19.442413,2,"[-4.8689456  19.327238    4.543908    5.8250856  13.081804    1.767133
 -0.2748394  -0.8905132   8.488439    0.82249075]",,Tell everyone to start fishing and boiling water so you have food and clean water. 
254,5022,244,15,Make up some fishing lines and try for fish.,pg,1.0,100.0,Ahmed is the captain of a 50-passenger cruise ship. Four days into their trip they get caught in a storm and the engine breaks under the pressure. They are now stranded at sea. A rescue boat is on its way but might not arrive for a week. Their food supplies are quickly dwindling and Ahmed isn’t sure what to instruct the passengers and crew.,is the captain of a 50-passenger cruise ship . Four days into trip get caught in a storm and the engine breaks under the pressure . are now stranded at sea . A rescue boat is on way but might not arrive for a week . food supplies are quickly dwindling and isn ’ t sure what to instruct the passengers and crew . : Make up some fishing lines and try for fish .,-4.952301,19.342642,4.5209208,5.8759646,13.077862,1.7428225,-0.3333572,-0.87189853,8.433375,0.6887844,"[-4.952301025390625, 19.342641830444336, 4.520920753479004, 5.875964641571045, 13.077861785888672, 1.742822527885437, -0.33335718512535095, -0.8718985319137573, 8.433375358581543, 0.6887844204902649]",13.494748,19.411293,2,"[-4.8689456  19.327238    4.543908    5.8250856  13.081804    1.767133
 -0.2748394  -0.8905132   8.488439    0.82249075]",,Tell everyone to start fishing and boiling water so you have food and clean water. 
255,5023,264,15,Construct fishing poles,pg,1.0,60.0,Ahmed is the captain of a 50-passenger cruise ship. Four days into their trip they get caught in a storm and the engine breaks under the pressure. They are now stranded at sea. A rescue boat is on its way but might not arrive for a week. Their food supplies are quickly dwindling and Ahmed isn’t sure what to instruct the passengers and crew.,is the captain of a 50-passenger cruise ship . Four days into trip get caught in a storm and the engine breaks under the pressure . are now stranded at sea . A rescue boat is on way but might not arrive for a week . food supplies are quickly dwindling and isn ’ t sure what to instruct the passengers and crew . : Construct fishing poles,-4.8448515,19.405674,4.5204043,5.904475,13.061913,1.7342659,-0.19677179,-0.92144907,8.415568,0.78885007,"[-4.844851493835449, 19.40567398071289, 4.52040433883667, 5.904475212097168, 13.061912536621094, 1.734265923500061, -0.1967717856168747, -0.9214490652084351, 8.415568351745605, 0.7888500690460205]",13.568196,19.550373,2,"[-4.8689456  19.327238    4.543908    5.8250856  13.081804    1.767133
 -0.2748394  -0.8905132   8.488439    0.82249075]",,Tell everyone to start fishing and boiling water so you have food and clean water. 
256,5024,209,15,fish,pg,2.0,100.0,Ahmed is the captain of a 50-passenger cruise ship. Four days into their trip they get caught in a storm and the engine breaks under the pressure. They are now stranded at sea. A rescue boat is on its way but might not arrive for a week. Their food supplies are quickly dwindling and Ahmed isn’t sure what to instruct the passengers and crew.,is the captain of a 50-passenger cruise ship . Four days into trip get caught in a storm and the engine breaks under the pressure . are now stranded at sea . A rescue boat is on way but might not arrive for a week . food supplies are quickly dwindling and isn ’ t sure what to instruct the passengers and crew . : fish,-4.918846,19.294415,4.5671964,5.7957,13.069273,1.781528,-0.3179868,-0.8376839,8.490507,0.7415447,"[-4.918846130371094, 19.294414520263672, 4.567196369171143, 5.7957000732421875, 13.069272994995117, 1.7815279960632324, -0.31798678636550903, -0.837683916091919, 8.490507125854492, 0.7415447235107422]",13.761694,19.343363,2,"[-4.8689456  19.327238    4.543908    5.8250856  13.081804    1.767133
 -0.2748394  -0.8905132   8.488439    0.82249075]",,Tell everyone to start fishing and boiling water so you have food and clean water. 
257,5025,210,15,start collecting fish,pg,2.0,100.0,Ahmed is the captain of a 50-passenger cruise ship. Four days into their trip they get caught in a storm and the engine breaks under the pressure. They are now stranded at sea. A rescue boat is on its way but might not arrive for a week. Their food supplies are quickly dwindling and Ahmed isn’t sure what to instruct the passengers and crew.,is the captain of a 50-passenger cruise ship . Four days into trip get caught in a storm and the engine breaks under the pressure . are now stranded at sea . A rescue boat is on way but might not arrive for a week . food supplies are quickly dwindling and isn ’ t sure what to instruct the passengers and crew . : start collecting fish,-4.915002,19.210344,4.639073,5.705037,13.106937,1.8825431,-0.36607817,-0.83827364,8.521202,0.7697204,"[-4.91500186920166, 19.210344314575195, 4.639072895050049, 5.7050371170043945, 13.106937408447266, 1.8825430870056152, -0.3660781681537628, -0.8382736444473267, 8.521202087402344, 0.7697203755378723]",13.728855,19.425053,2,"[-4.8689456  19.327238    4.543908    5.8250856  13.081804    1.767133
 -0.2748394  -0.8905132   8.488439    0.82249075]",,Tell everyone to start fishing and boiling water so you have food and clean water. 
258,5026,218,15,ask crew to fish,pg,2.0,100.0,Ahmed is the captain of a 50-passenger cruise ship. Four days into their trip they get caught in a storm and the engine breaks under the pressure. They are now stranded at sea. A rescue boat is on its way but might not arrive for a week. Their food supplies are quickly dwindling and Ahmed isn’t sure what to instruct the passengers and crew.,is the captain of a 50-passenger cruise ship . Four days into trip get caught in a storm and the engine breaks under the pressure . are now stranded at sea . A rescue boat is on way but might not arrive for a week . food supplies are quickly dwindling and isn ’ t sure what to instruct the passengers and crew . : ask crew to fish,-4.9121666,19.263752,4.5888376,5.76137,13.096355,1.8226781,-0.31952938,-0.81301314,8.489483,0.69286364,"[-4.912166595458984, 19.263751983642578, 4.588837623596191, 5.7613701820373535, 13.096355438232422, 1.8226780891418457, -0.31952938437461853, -0.8130131363868713, 8.489482879638672, 0.6928636431694031]",13.569648,19.30664,2,"[-4.8689456  19.327238    4.543908    5.8250856  13.081804    1.767133
 -0.2748394  -0.8905132   8.488439    0.82249075]",,Tell everyone to start fishing and boiling water so you have food and clean water. 
259,5027,222,15,Ask if anyone knows how to fish,pg,2.0,38.0,Ahmed is the captain of a 50-passenger cruise ship. Four days into their trip they get caught in a storm and the engine breaks under the pressure. They are now stranded at sea. A rescue boat is on its way but might not arrive for a week. Their food supplies are quickly dwindling and Ahmed isn’t sure what to instruct the passengers and crew.,is the captain of a 50-passenger cruise ship . Four days into trip get caught in a storm and the engine breaks under the pressure . are now stranded at sea . A rescue boat is on way but might not arrive for a week . food supplies are quickly dwindling and isn ’ t sure what to instruct the passengers and crew . : Ask if anyone knows how to fish,-4.9345493,19.251465,4.5992746,5.763841,13.095308,1.8381869,-0.3353733,-0.82861084,8.468128,0.7138862,"[-4.934549331665039, 19.25146484375, 4.599274635314941, 5.763841152191162, 13.095308303833008, 1.8381868600845337, -0.33537331223487854, -0.8286108374595642, 8.468128204345703, 0.7138862013816833]",13.575019,19.31193,2,"[-4.8689456  19.327238    4.543908    5.8250856  13.081804    1.767133
 -0.2748394  -0.8905132   8.488439    0.82249075]",,Tell everyone to start fishing and boiling water so you have food and clean water. 
260,5028,244,15,"Give passengers anything that can be used for killing fish (harpoon, knife, etc.) and get into water and hunt.",pg,2.0,100.0,Ahmed is the captain of a 50-passenger cruise ship. Four days into their trip they get caught in a storm and the engine breaks under the pressure. They are now stranded at sea. A rescue boat is on its way but might not arrive for a week. Their food supplies are quickly dwindling and Ahmed isn’t sure what to instruct the passengers and crew.,"is the captain of a 50-passenger cruise ship . Four days into trip get caught in a storm and the engine breaks under the pressure . are now stranded at sea . A rescue boat is on way but might not arrive for a week . food supplies are quickly dwindling and isn ’ t sure what to instruct the passengers and crew . : Give passengers anything that can be used for killing fish ( harpoon , knife , etc . ) and get into water and hunt .",-4.9906583,19.189156,4.677308,5.7218165,13.158787,1.8681705,-0.37837252,-0.88026446,8.458041,0.7722815,"[-4.990658283233643, 19.18915557861328, 4.677308082580566, 5.721816539764404, 13.15878677368164, 1.8681704998016357, -0.37837252020835876, -0.8802644610404968, 8.458041191101074, 0.7722815275192261]",13.792478,19.468355,2,"[-4.8689456  19.327238    4.543908    5.8250856  13.081804    1.767133
 -0.2748394  -0.8905132   8.488439    0.82249075]",,Tell everyone to start fishing and boiling water so you have food and clean water. 
261,5029,246,15,go fishing,pg,2.0,57.0,Ahmed is the captain of a 50-passenger cruise ship. Four days into their trip they get caught in a storm and the engine breaks under the pressure. They are now stranded at sea. A rescue boat is on its way but might not arrive for a week. Their food supplies are quickly dwindling and Ahmed isn’t sure what to instruct the passengers and crew.,is the captain of a 50-passenger cruise ship . Four days into trip get caught in a storm and the engine breaks under the pressure . are now stranded at sea . A rescue boat is on way but might not arrive for a week . food supplies are quickly dwindling and isn ’ t sure what to instruct the passengers and crew . : go fishing,-4.8655024,19.370062,4.4652476,5.952073,13.148227,1.7233258,-0.25097167,-0.98895806,8.463287,0.63548285,"[-4.86550235748291, 19.37006187438965, 4.465247631072998, 5.952073097229004, 13.148226737976074, 1.7233258485794067, -0.2509716749191284, -0.9889580607414246, 8.463287353515625, 0.6354828476905823]",13.367631,19.522518,2,"[-4.8689456  19.327238    4.543908    5.8250856  13.081804    1.767133
 -0.2748394  -0.8905132   8.488439    0.82249075]",,Tell everyone to start fishing and boiling water so you have food and clean water. 
262,5030,252,15,Catch fish,pg,2.0,100.0,Ahmed is the captain of a 50-passenger cruise ship. Four days into their trip they get caught in a storm and the engine breaks under the pressure. They are now stranded at sea. A rescue boat is on its way but might not arrive for a week. Their food supplies are quickly dwindling and Ahmed isn’t sure what to instruct the passengers and crew.,is the captain of a 50-passenger cruise ship . Four days into trip get caught in a storm and the engine breaks under the pressure . are now stranded at sea . A rescue boat is on way but might not arrive for a week . food supplies are quickly dwindling and isn ’ t sure what to instruct the passengers and crew . : Catch fish,-4.9149604,19.253183,4.6157928,5.781012,13.061632,1.8600156,-0.36031017,-0.82220256,8.514519,0.73969024,"[-4.9149603843688965, 19.253183364868164, 4.615792751312256, 5.781012058258057, 13.06163215637207, 1.860015630722046, -0.3603101670742035, -0.8222025632858276, 8.514518737792969, 0.7396902441978455]",13.775887,19.401764,2,"[-4.8689456  19.327238    4.543908    5.8250856  13.081804    1.767133
 -0.2748394  -0.8905132   8.488439    0.82249075]",,Tell everyone to start fishing and boiling water so you have food and clean water. 
263,5031,257,15,Break out the fishing gear,pg,2.0,92.3333333333333,Ahmed is the captain of a 50-passenger cruise ship. Four days into their trip they get caught in a storm and the engine breaks under the pressure. They are now stranded at sea. A rescue boat is on its way but might not arrive for a week. Their food supplies are quickly dwindling and Ahmed isn’t sure what to instruct the passengers and crew.,is the captain of a 50-passenger cruise ship . Four days into trip get caught in a storm and the engine breaks under the pressure . are now stranded at sea . A rescue boat is on way but might not arrive for a week . food supplies are quickly dwindling and isn ’ t sure what to instruct the passengers and crew . : Break out the fishing gear,-4.990735,19.427015,4.570314,5.9768686,13.11786,1.7285516,-0.26322994,-0.936862,8.3238,0.71663994,"[-4.990735054016113, 19.42701530456543, 4.570313930511475, 5.976868629455566, 13.117859840393066, 1.7285516262054443, -0.26322993636131287, -0.9368619918823242, 8.323800086975098, 0.7166399359703064]",13.509728,19.437395,2,"[-4.8689456  19.327238    4.543908    5.8250856  13.081804    1.767133
 -0.2748394  -0.8905132   8.488439    0.82249075]",,Tell everyone to start fishing and boiling water so you have food and clean water. 
264,5032,270,15,Try to catch fish for food.,pg,2.0,91.0,Ahmed is the captain of a 50-passenger cruise ship. Four days into their trip they get caught in a storm and the engine breaks under the pressure. They are now stranded at sea. A rescue boat is on its way but might not arrive for a week. Their food supplies are quickly dwindling and Ahmed isn’t sure what to instruct the passengers and crew.,is the captain of a 50-passenger cruise ship . Four days into trip get caught in a storm and the engine breaks under the pressure . are now stranded at sea . A rescue boat is on way but might not arrive for a week . food supplies are quickly dwindling and isn ’ t sure what to instruct the passengers and crew . : Try to catch fish for food .,-4.864386,19.262562,4.574521,5.7423997,13.06709,1.8008271,-0.3266588,-0.8290066,8.556415,0.84579605,"[-4.864386081695557, 19.262561798095703, 4.574521064758301, 5.7423996925354, 13.067090034484863, 1.800827145576477, -0.32665878534317017, -0.8290066123008728, 8.556414604187012, 0.8457960486412048]",13.640136,19.466307,2,"[-4.8689456  19.327238    4.543908    5.8250856  13.081804    1.767133
 -0.2748394  -0.8905132   8.488439    0.82249075]",,Tell everyone to start fishing and boiling water so you have food and clean water. 
265,5033,283,15,Set a working schedule for passengers to fish for more food,pg,2.0,40.6666666666667,Ahmed is the captain of a 50-passenger cruise ship. Four days into their trip they get caught in a storm and the engine breaks under the pressure. They are now stranded at sea. A rescue boat is on its way but might not arrive for a week. Their food supplies are quickly dwindling and Ahmed isn’t sure what to instruct the passengers and crew.,is the captain of a 50-passenger cruise ship . Four days into trip get caught in a storm and the engine breaks under the pressure . are now stranded at sea . A rescue boat is on way but might not arrive for a week . food supplies are quickly dwindling and isn ’ t sure what to instruct the passengers and crew . : Set a working schedule for passengers to fish for more food,-4.835355,19.270794,4.5826936,5.713792,12.99975,1.7567067,-0.2653948,-0.8290279,8.534419,1.0451586,"[-4.835354804992676, 19.270793914794922, 4.582693576812744, 5.713791847229004, 12.999750137329102, 1.756706714630127, -0.26539480686187744, -0.8290278911590576, 8.534419059753418, 1.0451586246490479]",13.726492,19.768969,2,"[-4.8689456  19.327238    4.543908    5.8250856  13.081804    1.767133
 -0.2748394  -0.8905132   8.488439    0.82249075]",,Tell everyone to start fishing and boiling water so you have food and clean water. 
266,5034,305,15,Instruct all who are able to try to catch fish to eat.,pg,2.0,100.0,Ahmed is the captain of a 50-passenger cruise ship. Four days into their trip they get caught in a storm and the engine breaks under the pressure. They are now stranded at sea. A rescue boat is on its way but might not arrive for a week. Their food supplies are quickly dwindling and Ahmed isn’t sure what to instruct the passengers and crew.,is the captain of a 50-passenger cruise ship . Four days into trip get caught in a storm and the engine breaks under the pressure . are now stranded at sea . A rescue boat is on way but might not arrive for a week . food supplies are quickly dwindling and isn ’ t sure what to instruct the passengers and crew . : Instruct all who are able to try to catch fish to eat .,-4.8798666,19.358131,4.4835114,5.8752985,13.055241,1.7025418,-0.26791787,-0.8652615,8.49241,0.7253241,"[-4.879866600036621, 19.358131408691406, 4.483511447906494, 5.875298500061035, 13.055240631103516, 1.7025418281555176, -0.2679178714752197, -0.8652614951133728, 8.492409706115723, 0.7253240942955017]",13.65668,19.361544,2,"[-4.8689456  19.327238    4.543908    5.8250856  13.081804    1.767133
 -0.2748394  -0.8905132   8.488439    0.82249075]",,Tell everyone to start fishing and boiling water so you have food and clean water. 
267,5035,227,15,Go fishing for food,pg,3.0,96.6666666666667,Ahmed is the captain of a 50-passenger cruise ship. Four days into their trip they get caught in a storm and the engine breaks under the pressure. They are now stranded at sea. A rescue boat is on its way but might not arrive for a week. Their food supplies are quickly dwindling and Ahmed isn’t sure what to instruct the passengers and crew.,is the captain of a 50-passenger cruise ship . Four days into trip get caught in a storm and the engine breaks under the pressure . are now stranded at sea . A rescue boat is on way but might not arrive for a week . food supplies are quickly dwindling and isn ’ t sure what to instruct the passengers and crew . : Go fishing for food,-4.7213616,19.412174,4.473704,5.886929,13.096417,1.6455787,-0.1702663,-0.99903905,8.543643,1.0403715,"[-4.7213616371154785, 19.412174224853516, 4.473703861236572, 5.886929035186768, 13.096417427062988, 1.6455787420272827, -0.1702663004398346, -0.9990390539169312, 8.5436429977417, 1.0403715372085571]",13.417021,19.744888,2,"[-4.8689456  19.327238    4.543908    5.8250856  13.081804    1.767133
 -0.2748394  -0.8905132   8.488439    0.82249075]",,Tell everyone to start fishing and boiling water so you have food and clean water. 
268,5036,250,15,Teach people how to fish for food,pg,3.0,91.6666666666667,Ahmed is the captain of a 50-passenger cruise ship. Four days into their trip they get caught in a storm and the engine breaks under the pressure. They are now stranded at sea. A rescue boat is on its way but might not arrive for a week. Their food supplies are quickly dwindling and Ahmed isn’t sure what to instruct the passengers and crew.,is the captain of a 50-passenger cruise ship . Four days into trip get caught in a storm and the engine breaks under the pressure . are now stranded at sea . A rescue boat is on way but might not arrive for a week . food supplies are quickly dwindling and isn ’ t sure what to instruct the passengers and crew . : Teach people how to fish for food,-5.0025287,19.144453,4.708676,5.694694,13.073429,1.9032887,-0.39900726,-0.8173136,8.471919,0.8490271,"[-5.002528667449951, 19.144453048706055, 4.708675861358643, 5.6946940422058105, 13.073429107666016, 1.903288722038269, -0.39900726079940796, -0.8173136115074158, 8.471919059753418, 0.8490270972251892]",13.68838,19.397064,2,"[-4.8689456  19.327238    4.543908    5.8250856  13.081804    1.767133
 -0.2748394  -0.8905132   8.488439    0.82249075]",,Tell everyone to start fishing and boiling water so you have food and clean water. 
269,5037,269,15,See if there is any way to fish etc.,pg,3.0,80.3333333333333,Ahmed is the captain of a 50-passenger cruise ship. Four days into their trip they get caught in a storm and the engine breaks under the pressure. They are now stranded at sea. A rescue boat is on its way but might not arrive for a week. Their food supplies are quickly dwindling and Ahmed isn’t sure what to instruct the passengers and crew.,is the captain of a 50-passenger cruise ship . Four days into trip get caught in a storm and the engine breaks under the pressure . are now stranded at sea . A rescue boat is on way but might not arrive for a week . food supplies are quickly dwindling and isn ’ t sure what to instruct the passengers and crew . : See if there is any way to fish etc .,-3.5802712,20.358488,3.8484623,7.453765,13.124675,1.8550774,1.5446705,-2.2037532,8.911835,-0.0043315585,"[-3.5802712440490723, 20.358488082885742, 3.8484623432159424, 7.453764915466309, 13.124674797058105, 1.8550773859024048, 1.5446704626083374, -2.2037532329559326, 8.911834716796875, -0.0043315584771335125]",9.818794,18.52141,1,"[-3.6445827  20.663752    3.607818    7.4420924  12.94147     1.6022452
  1.3908336  -2.3558006   8.766497    0.20558095]",,I pray for a miracle to happen for all of us on the ship.
270,5038,273,15,go fishing,pg,3.0,92.6666666666667,Ahmed is the captain of a 50-passenger cruise ship. Four days into their trip they get caught in a storm and the engine breaks under the pressure. They are now stranded at sea. A rescue boat is on its way but might not arrive for a week. Their food supplies are quickly dwindling and Ahmed isn’t sure what to instruct the passengers and crew.,is the captain of a 50-passenger cruise ship . Four days into trip get caught in a storm and the engine breaks under the pressure . are now stranded at sea . A rescue boat is on way but might not arrive for a week . food supplies are quickly dwindling and isn ’ t sure what to instruct the passengers and crew . : go fishing,-4.8302135,19.412172,4.455786,5.960353,13.096192,1.7138723,-0.20815587,-0.9728051,8.477268,0.69263595,"[-4.83021354675293, 19.412172317504883, 4.455786228179932, 5.960352897644043, 13.096192359924316, 1.7138723134994507, -0.20815587043762207, -0.9728050827980042, 8.47726821899414, 0.6926359534263611]",13.397386,19.41504,2,"[-4.8689456  19.327238    4.543908    5.8250856  13.081804    1.767133
 -0.2748394  -0.8905132   8.488439    0.82249075]",,Tell everyone to start fishing and boiling water so you have food and clean water. 
271,5039,278,15,Look into making fishing nets to get food,pg,3.0,67.6666666666667,Ahmed is the captain of a 50-passenger cruise ship. Four days into their trip they get caught in a storm and the engine breaks under the pressure. They are now stranded at sea. A rescue boat is on its way but might not arrive for a week. Their food supplies are quickly dwindling and Ahmed isn’t sure what to instruct the passengers and crew.,is the captain of a 50-passenger cruise ship . Four days into trip get caught in a storm and the engine breaks under the pressure . are now stranded at sea . A rescue boat is on way but might not arrive for a week . food supplies are quickly dwindling and isn ’ t sure what to instruct the passengers and crew . : Look into making fishing nets to get food,-4.8056264,19.400936,4.4889345,5.765728,12.93401,1.6520989,-0.17406984,-0.7687238,8.504833,1.1215036,"[-4.805626392364502, 19.400936126708984, 4.488934516906738, 5.765727996826172, 12.934009552001953, 1.6520988941192627, -0.1740698367357254, -0.7687237858772278, 8.504833221435547, 1.1215035915374756]",13.643283,19.927027,2,"[-4.8689456  19.327238    4.543908    5.8250856  13.081804    1.767133
 -0.2748394  -0.8905132   8.488439    0.82249075]",,Tell everyone to start fishing and boiling water so you have food and clean water. 
272,5040,289,15,Quickly improvise fishing nets from the supplies on the boat and ask the passengers and crew to fish for food.,pg,3.0,45.0,Ahmed is the captain of a 50-passenger cruise ship. Four days into their trip they get caught in a storm and the engine breaks under the pressure. They are now stranded at sea. A rescue boat is on its way but might not arrive for a week. Their food supplies are quickly dwindling and Ahmed isn’t sure what to instruct the passengers and crew.,is the captain of a 50-passenger cruise ship . Four days into trip get caught in a storm and the engine breaks under the pressure . are now stranded at sea . A rescue boat is on way but might not arrive for a week . food supplies are quickly dwindling and isn ’ t sure what to instruct the passengers and crew . : Quickly improvise fishing nets from the supplies on the boat and ask the passengers and crew to fish for food .,-4.835447,19.337734,4.531686,5.7666125,13.017831,1.7248056,-0.2590397,-0.8325117,8.524239,0.9681997,"[-4.835446834564209, 19.33773422241211, 4.531685829162598, 5.766612529754639, 13.017830848693848, 1.7248055934906006, -0.2590397000312805, -0.8325117230415344, 8.524238586425781, 0.9681996703147888]",13.632685,19.810335,2,"[-4.8689456  19.327238    4.543908    5.8250856  13.081804    1.767133
 -0.2748394  -0.8905132   8.488439    0.82249075]",,Tell everyone to start fishing and boiling water so you have food and clean water. 
273,5041,300,15,try to fish,pg,3.0,90.6666666666667,Ahmed is the captain of a 50-passenger cruise ship. Four days into their trip they get caught in a storm and the engine breaks under the pressure. They are now stranded at sea. A rescue boat is on its way but might not arrive for a week. Their food supplies are quickly dwindling and Ahmed isn’t sure what to instruct the passengers and crew.,is the captain of a 50-passenger cruise ship . Four days into trip get caught in a storm and the engine breaks under the pressure . are now stranded at sea . A rescue boat is on way but might not arrive for a week . food supplies are quickly dwindling and isn ’ t sure what to instruct the passengers and crew . : try to fish,-4.8509426,19.40498,4.4347434,5.9759135,13.090107,1.7359749,-0.22216769,-0.96286917,8.467116,0.62382615,"[-4.850942611694336, 19.404979705810547, 4.434743404388428, 5.9759135246276855, 13.090106964111328, 1.735974907875061, -0.22216768562793732, -0.9628691673278809, 8.467116355895996, 0.6238261461257935]",13.359131,19.506687,2,"[-4.8689456  19.327238    4.543908    5.8250856  13.081804    1.767133
 -0.2748394  -0.8905132   8.488439    0.82249075]",,Tell everyone to start fishing and boiling water so you have food and clean water. 
274,5042,303,15,Ahmed should rig up some fishing poles and have people try to get some more food.,pg,3.0,60.0,Ahmed is the captain of a 50-passenger cruise ship. Four days into their trip they get caught in a storm and the engine breaks under the pressure. They are now stranded at sea. A rescue boat is on its way but might not arrive for a week. Their food supplies are quickly dwindling and Ahmed isn’t sure what to instruct the passengers and crew.,is the captain of a 50-passenger cruise ship . Four days into trip get caught in a storm and the engine breaks under the pressure . are now stranded at sea . A rescue boat is on way but might not arrive for a week . food supplies are quickly dwindling and isn ’ t sure what to instruct the passengers and crew . : rig up some fishing poles and have people try to get some more food .,-4.772418,19.460743,4.4302235,5.9886065,13.062849,1.6229037,-0.15362723,-0.99881035,8.4404,0.9391629,"[-4.772418022155762, 19.460742950439453, 4.43022346496582, 5.9886064529418945, 13.062849044799805, 1.6229037046432495, -0.15362723171710968, -0.998810350894928, 8.440400123596191, 0.9391629099845886]",13.406927,19.724768,2,"[-4.8689456  19.327238    4.543908    5.8250856  13.081804    1.767133
 -0.2748394  -0.8905132   8.488439    0.82249075]",,Tell everyone to start fishing and boiling water so you have food and clean water. 
275,5043,310,15,Look into ways to catch fish,pg,3.0,75.0,Ahmed is the captain of a 50-passenger cruise ship. Four days into their trip they get caught in a storm and the engine breaks under the pressure. They are now stranded at sea. A rescue boat is on its way but might not arrive for a week. Their food supplies are quickly dwindling and Ahmed isn’t sure what to instruct the passengers and crew.,is the captain of a 50-passenger cruise ship . Four days into trip get caught in a storm and the engine breaks under the pressure . are now stranded at sea . A rescue boat is on way but might not arrive for a week . food supplies are quickly dwindling and isn ’ t sure what to instruct the passengers and crew . : Look into ways to catch fish,-4.853537,19.280207,4.5753636,5.7530656,13.117232,1.8887923,-0.3173702,-0.80537814,8.546406,0.70109844,"[-4.853537082672119, 19.28020668029785, 4.575363636016846, 5.753065586090088, 13.117232322692871, 1.8887922763824463, -0.31737020611763, -0.8053781390190125, 8.546405792236328, 0.7010984420776367]",13.718185,19.482029,2,"[-4.8689456  19.327238    4.543908    5.8250856  13.081804    1.767133
 -0.2748394  -0.8905132   8.488439    0.82249075]",,Tell everyone to start fishing and boiling water so you have food and clean water. 
276,5044,217,15,Try to fish for food.,pg,4.0,70.3333333333333,Ahmed is the captain of a 50-passenger cruise ship. Four days into their trip they get caught in a storm and the engine breaks under the pressure. They are now stranded at sea. A rescue boat is on its way but might not arrive for a week. Their food supplies are quickly dwindling and Ahmed isn’t sure what to instruct the passengers and crew.,is the captain of a 50-passenger cruise ship . Four days into trip get caught in a storm and the engine breaks under the pressure . are now stranded at sea . A rescue boat is on way but might not arrive for a week . food supplies are quickly dwindling and isn ’ t sure what to instruct the passengers and crew . : Try to fish for food .,-4.7986817,19.315308,4.531889,5.7339425,13.106707,1.7774243,-0.31840938,-0.90752494,8.600173,0.87372863,"[-4.798681735992432, 19.3153076171875, 4.531888961791992, 5.73394250869751, 13.106706619262695, 1.7774243354797363, -0.31840938329696655, -0.9075249433517456, 8.600172996520996, 0.8737286329269409]",13.596977,19.745567,2,"[-4.8689456  19.327238    4.543908    5.8250856  13.081804    1.767133
 -0.2748394  -0.8905132   8.488439    0.82249075]",,Tell everyone to start fishing and boiling water so you have food and clean water. 
277,5045,236,15,Fish for additional food,pg,4.0,83.3333333333333,Ahmed is the captain of a 50-passenger cruise ship. Four days into their trip they get caught in a storm and the engine breaks under the pressure. They are now stranded at sea. A rescue boat is on its way but might not arrive for a week. Their food supplies are quickly dwindling and Ahmed isn’t sure what to instruct the passengers and crew.,is the captain of a 50-passenger cruise ship . Four days into trip get caught in a storm and the engine breaks under the pressure . are now stranded at sea . A rescue boat is on way but might not arrive for a week . food supplies are quickly dwindling and isn ’ t sure what to instruct the passengers and crew . : Fish for additional food,-4.733827,19.372414,4.5181746,5.76498,13.021935,1.7001464,-0.22024716,-0.9196012,8.58211,1.1664878,"[-4.733827114105225, 19.372413635253906, 4.518174648284912, 5.764979839324951, 13.02193546295166, 1.7001464366912842, -0.22024716436862946, -0.9196012020111084, 8.582110404968262, 1.1664878129959106]",13.669124,20.006393,2,"[-4.8689456  19.327238    4.543908    5.8250856  13.081804    1.767133
 -0.2748394  -0.8905132   8.488439    0.82249075]",,Tell everyone to start fishing and boiling water so you have food and clean water. 
278,5046,251,15,go fishing,pg,4.0,100.0,Ahmed is the captain of a 50-passenger cruise ship. Four days into their trip they get caught in a storm and the engine breaks under the pressure. They are now stranded at sea. A rescue boat is on its way but might not arrive for a week. Their food supplies are quickly dwindling and Ahmed isn’t sure what to instruct the passengers and crew.,is the captain of a 50-passenger cruise ship . Four days into trip get caught in a storm and the engine breaks under the pressure . are now stranded at sea . A rescue boat is on way but might not arrive for a week . food supplies are quickly dwindling and isn ’ t sure what to instruct the passengers and crew . : go fishing,-4.8537292,19.449104,4.484472,5.9934473,13.16937,1.7909956,-0.15985075,-1.0563213,8.400268,0.75190353,"[-4.853729248046875, 19.44910430908203, 4.484471797943115, 5.993447303771973, 13.1693696975708, 1.7909955978393555, -0.15985074639320374, -1.0563212633132935, 8.400267601013184, 0.7519035339355469]",13.21308,19.549864,2,"[-4.8689456  19.327238    4.543908    5.8250856  13.081804    1.767133
 -0.2748394  -0.8905132   8.488439    0.82249075]",,Tell everyone to start fishing and boiling water so you have food and clean water. 
279,5047,287,15,Find a way to fish for food,pg,4.0,100.0,Ahmed is the captain of a 50-passenger cruise ship. Four days into their trip they get caught in a storm and the engine breaks under the pressure. They are now stranded at sea. A rescue boat is on its way but might not arrive for a week. Their food supplies are quickly dwindling and Ahmed isn’t sure what to instruct the passengers and crew.,is the captain of a 50-passenger cruise ship . Four days into trip get caught in a storm and the engine breaks under the pressure . are now stranded at sea . A rescue boat is on way but might not arrive for a week . food supplies are quickly dwindling and isn ’ t sure what to instruct the passengers and crew . : Find a way to fish for food,-4.8043694,19.30289,4.560782,5.7136602,13.034058,1.7548574,-0.2831187,-0.8711236,8.565985,1.0194207,"[-4.8043694496154785, 19.30289077758789, 4.560781955718994, 5.71366024017334, 13.0340576171875, 1.7548574209213257, -0.28311869502067566, -0.8711236119270325, 8.565984725952148, 1.0194207429885864]",13.789567,19.723625,2,"[-4.8689456  19.327238    4.543908    5.8250856  13.081804    1.767133
 -0.2748394  -0.8905132   8.488439    0.82249075]",,Tell everyone to start fishing and boiling water so you have food and clean water. 
280,5048,301,15,try to fish for more food,pg,4.0,89.6666666666667,Ahmed is the captain of a 50-passenger cruise ship. Four days into their trip they get caught in a storm and the engine breaks under the pressure. They are now stranded at sea. A rescue boat is on its way but might not arrive for a week. Their food supplies are quickly dwindling and Ahmed isn’t sure what to instruct the passengers and crew.,is the captain of a 50-passenger cruise ship . Four days into trip get caught in a storm and the engine breaks under the pressure . are now stranded at sea . A rescue boat is on way but might not arrive for a week . food supplies are quickly dwindling and isn ’ t sure what to instruct the passengers and crew . : try to fish for more food,-4.770574,19.380926,4.492019,5.7950788,13.012503,1.6760043,-0.21841125,-0.9052536,8.551807,1.097723,"[-4.77057409286499, 19.38092613220215, 4.492019176483154, 5.795078754425049, 13.012502670288086, 1.6760042905807495, -0.21841125190258026, -0.9052535891532898, 8.551807403564453, 1.0977230072021484]",13.502467,19.921558,2,"[-4.8689456  19.327238    4.543908    5.8250856  13.081804    1.767133
 -0.2748394  -0.8905132   8.488439    0.82249075]",,Tell everyone to start fishing and boiling water so you have food and clean water. 
281,5049,244,15,Toss blood into the water and try to knife sharks.,pg,5.0,100.0,Ahmed is the captain of a 50-passenger cruise ship. Four days into their trip they get caught in a storm and the engine breaks under the pressure. They are now stranded at sea. A rescue boat is on its way but might not arrive for a week. Their food supplies are quickly dwindling and Ahmed isn’t sure what to instruct the passengers and crew.,is the captain of a 50-passenger cruise ship . Four days into trip get caught in a storm and the engine breaks under the pressure . are now stranded at sea . A rescue boat is on way but might not arrive for a week . food supplies are quickly dwindling and isn ’ t sure what to instruct the passengers and crew . : Toss blood into the water and try to knife sharks .,-4.8227687,19.456839,4.4359465,6.0147734,13.1287155,1.6969334,-0.20747311,-1.0214033,8.414094,0.69368607,"[-4.822768688201904, 19.456838607788086, 4.435946464538574, 6.014773368835449, 13.128715515136719, 1.696933388710022, -0.20747311413288116, -1.0214033126831055, 8.414093971252441, 0.6936860680580139]",13.32736,19.499798,2,"[-4.8689456  19.327238    4.543908    5.8250856  13.081804    1.767133
 -0.2748394  -0.8905132   8.488439    0.82249075]",,Tell everyone to start fishing and boiling water so you have food and clean water. 
282,5050,279,15,Send out a search party for supplies help.,pg,5.0,75.0,Ahmed is the captain of a 50-passenger cruise ship. Four days into their trip they get caught in a storm and the engine breaks under the pressure. They are now stranded at sea. A rescue boat is on its way but might not arrive for a week. Their food supplies are quickly dwindling and Ahmed isn’t sure what to instruct the passengers and crew.,is the captain of a 50-passenger cruise ship . Four days into trip get caught in a storm and the engine breaks under the pressure . are now stranded at sea . A rescue boat is on way but might not arrive for a week . food supplies are quickly dwindling and isn ’ t sure what to instruct the passengers and crew . : Send out a search party for supplies help .,-3.9371228,20.564968,3.4694915,7.4052672,12.799053,1.436918,1.2004924,-2.2408035,8.968467,0.055636723,"[-3.9371228218078613, 20.56496810913086, 3.469491481781006, 7.405267238616943, 12.799053192138672, 1.436918020248413, 1.2004923820495605, -2.2408034801483154, 8.968466758728027, 0.05563672259449959]",10.695549,18.284334,1,"[-3.6445827  20.663752    3.607818    7.4420924  12.94147     1.6022452
  1.3908336  -2.3558006   8.766497    0.20558095]",,I pray for a miracle to happen for all of us on the ship.
283,5051,284,15,He could have people start fishing to increase their food supply. ,pg,5.0,63.3333333333333,Ahmed is the captain of a 50-passenger cruise ship. Four days into their trip they get caught in a storm and the engine breaks under the pressure. They are now stranded at sea. A rescue boat is on its way but might not arrive for a week. Their food supplies are quickly dwindling and Ahmed isn’t sure what to instruct the passengers and crew.,is the captain of a 50-passenger cruise ship . Four days into trip get caught in a storm and the engine breaks under the pressure . are now stranded at sea . A rescue boat is on way but might not arrive for a week . food supplies are quickly dwindling and isn ’ t sure what to instruct the passengers and crew . : have people start fishing to increase food supply .,-4.7777233,19.378065,4.476908,5.807677,13.019829,1.6483217,-0.22192328,-0.8846352,8.540441,1.1073881,"[-4.77772331237793, 19.37806510925293, 4.476908206939697, 5.807676792144775, 13.019828796386719, 1.6483217477798462, -0.22192327678203583, -0.8846352100372314, 8.540440559387207, 1.1073881387710571]",13.601372,19.863255,2,"[-4.8689456  19.327238    4.543908    5.8250856  13.081804    1.767133
 -0.2748394  -0.8905132   8.488439    0.82249075]",,Tell everyone to start fishing and boiling water so you have food and clean water. 
284,5908,212,15,Maintain a calm atmosphere,pg,1.0,94.3333333333333,Ahmed is the captain of a 50-passenger cruise ship. Four days into their trip they get caught in a storm and the engine breaks under the pressure. They are now stranded at sea. A rescue boat is on its way but might not arrive for a week. Their food supplies are quickly dwindling and Ahmed isn’t sure what to instruct the passengers and crew.,is the captain of a 50-passenger cruise ship . Four days into trip get caught in a storm and the engine breaks under the pressure . are now stranded at sea . A rescue boat is on way but might not arrive for a week . food supplies are quickly dwindling and isn ’ t sure what to instruct the passengers and crew . : Maintain a calm atmosphere,-3.1648028,21.090076,3.8182626,7.576041,14.111018,2.1804383,1.6378425,-3.059932,9.014064,-0.50769335,"[-3.1648027896881104, 21.090076446533203, 3.8182625770568848, 7.576041221618652, 14.111018180847168, 2.180438280105591, 1.6378425359725952, -3.059931993484497, 9.014063835144043, -0.507693350315094]",8.639715,17.163275,1,"[-3.2833366  20.987505    3.8097646   7.5450077  13.942098    2.1630592
  1.5749658  -2.8369474   8.920529   -0.47967017]",,I pray for a miracle to happen for all of us on the ship.
285,5909,219,15,Tell them help will be there soon,pg,1.0,93.3333333333333,Ahmed is the captain of a 50-passenger cruise ship. Four days into their trip they get caught in a storm and the engine breaks under the pressure. They are now stranded at sea. A rescue boat is on its way but might not arrive for a week. Their food supplies are quickly dwindling and Ahmed isn’t sure what to instruct the passengers and crew.,is the captain of a 50-passenger cruise ship . Four days into trip get caught in a storm and the engine breaks under the pressure . are now stranded at sea . A rescue boat is on way but might not arrive for a week . food supplies are quickly dwindling and isn ’ t sure what to instruct the passengers and crew . : Tell help will be there soon,-3.5429633,20.566303,3.8365448,7.383866,13.367651,2.0971608,1.3537219,-2.3723967,8.760293,-0.8421492,"[-3.5429632663726807, 20.566303253173828, 3.8365447521209717, 7.383865833282471, 13.367650985717773, 2.097160816192627, 1.3537218570709229, -2.37239670753479, 8.760293006896973, -0.8421491980552673]",9.760623,17.838634,1,"[-3.4471822  20.666515    3.9385123   7.3813643  13.241526    2.029008
  1.4364113  -2.2672248   8.528932   -0.19538808]",,I pray for a miracle to happen for all of us on the ship.
286,5910,241,15,Tell them there is plenty of supplies.,pg,1.0,34.0,Ahmed is the captain of a 50-passenger cruise ship. Four days into their trip they get caught in a storm and the engine breaks under the pressure. They are now stranded at sea. A rescue boat is on its way but might not arrive for a week. Their food supplies are quickly dwindling and Ahmed isn’t sure what to instruct the passengers and crew.,is the captain of a 50-passenger cruise ship . Four days into trip get caught in a storm and the engine breaks under the pressure . are now stranded at sea . A rescue boat is on way but might not arrive for a week . food supplies are quickly dwindling and isn ’ t sure what to instruct the passengers and crew . : Tell there is plenty of supplies .,-3.5980356,20.805862,3.375469,7.663472,12.775844,1.2705928,1.5348858,-2.4587889,8.907793,0.611664,"[-3.5980355739593506, 20.805862426757812, 3.3754689693450928, 7.6634721755981445, 12.775843620300293, 1.2705928087234497, 1.5348857641220093, -2.4587888717651367, 8.907793045043945, 0.6116639971733093]",9.687999,20.028984,1,"[-3.6445827  20.663752    3.607818    7.4420924  12.94147     1.6022452
  1.3908336  -2.3558006   8.766497    0.20558095]",,I pray for a miracle to happen for all of us on the ship.
287,5911,245,15,Should be calm,pg,1.0,71.6666666666667,Ahmed is the captain of a 50-passenger cruise ship. Four days into their trip they get caught in a storm and the engine breaks under the pressure. They are now stranded at sea. A rescue boat is on its way but might not arrive for a week. Their food supplies are quickly dwindling and Ahmed isn’t sure what to instruct the passengers and crew.,is the captain of a 50-passenger cruise ship . Four days into trip get caught in a storm and the engine breaks under the pressure . are now stranded at sea . A rescue boat is on way but might not arrive for a week . food supplies are quickly dwindling and isn ’ t sure what to instruct the passengers and crew . : be calm,-3.2612004,21.060696,3.804924,7.547765,14.149357,2.2914555,1.5714779,-2.8789842,8.953526,-0.6471143,"[-3.261200428009033, 21.06069564819336, 3.8049240112304688, 7.547764778137207, 14.149356842041016, 2.2914555072784424, 1.5714778900146484, -2.878984212875366, 8.95352554321289, -0.6471142768859863]",8.644781,17.286995,1,"[-3.2833366  20.987505    3.8097646   7.5450077  13.942098    2.1630592
  1.5749658  -2.8369474   8.920529   -0.47967017]",,I pray for a miracle to happen for all of us on the ship.
288,5912,254,15,keep calm and reassure the passengers,pg,1.0,96.3333333333333,Ahmed is the captain of a 50-passenger cruise ship. Four days into their trip they get caught in a storm and the engine breaks under the pressure. They are now stranded at sea. A rescue boat is on its way but might not arrive for a week. Their food supplies are quickly dwindling and Ahmed isn’t sure what to instruct the passengers and crew.,is the captain of a 50-passenger cruise ship . Four days into trip get caught in a storm and the engine breaks under the pressure . are now stranded at sea . A rescue boat is on way but might not arrive for a week . food supplies are quickly dwindling and isn ’ t sure what to instruct the passengers and crew . : keep calm and reassure the passengers,-3.1117892,21.01179,3.8502176,7.541761,14.106349,2.2006295,1.6624287,-3.031503,8.922549,-0.5218509,"[-3.1117892265319824, 21.011789321899414, 3.850217580795288, 7.5417609214782715, 14.106348991394043, 2.200629472732544, 1.6624287366867065, -3.0315029621124268, 8.9225492477417, -0.5218508839607239]",8.692435,17.24108,1,"[-3.2833366  20.987505    3.8097646   7.5450077  13.942098    2.1630592
  1.5749658  -2.8369474   8.920529   -0.47967017]",,I pray for a miracle to happen for all of us on the ship.
289,5913,277,15,he should keep himself positive,pg,1.0,87.6666666666667,Ahmed is the captain of a 50-passenger cruise ship. Four days into their trip they get caught in a storm and the engine breaks under the pressure. They are now stranded at sea. A rescue boat is on its way but might not arrive for a week. Their food supplies are quickly dwindling and Ahmed isn’t sure what to instruct the passengers and crew.,is the captain of a 50-passenger cruise ship . Four days into trip get caught in a storm and the engine breaks under the pressure . are now stranded at sea . A rescue boat is on way but might not arrive for a week . food supplies are quickly dwindling and isn ’ t sure what to instruct the passengers and crew . : keep positive,-3.6506443,20.977549,3.8179667,7.371703,13.552203,2.0717046,1.2832305,-2.285964,8.665556,-0.4532785,"[-3.650644302368164, 20.977548599243164, 3.8179666996002197, 7.371703147888184, 13.552203178405762, 2.071704626083374, 1.2832305431365967, -2.285964012145996, 8.665555953979492, -0.453278511762619]",9.543999,17.80779,1,"[-3.4471822  20.666515    3.9385123   7.3813643  13.241526    2.029008
  1.4364113  -2.2672248   8.528932   -0.19538808]",,I pray for a miracle to happen for all of us on the ship.
290,5914,227,15,Keep the passengers and crew calm.,pg,2.0,100.0,Ahmed is the captain of a 50-passenger cruise ship. Four days into their trip they get caught in a storm and the engine breaks under the pressure. They are now stranded at sea. A rescue boat is on its way but might not arrive for a week. Their food supplies are quickly dwindling and Ahmed isn’t sure what to instruct the passengers and crew.,is the captain of a 50-passenger cruise ship . Four days into trip get caught in a storm and the engine breaks under the pressure . are now stranded at sea . A rescue boat is on way but might not arrive for a week . food supplies are quickly dwindling and isn ’ t sure what to instruct the passengers and crew . : Keep the passengers and crew calm .,-3.1731186,21.065983,3.834218,7.5681643,14.123239,2.1939433,1.6493374,-3.0211356,8.957287,-0.49307665,"[-3.1731185913085938, 21.065982818603516, 3.8342180252075195, 7.568164348602295, 14.123238563537598, 2.1939432621002197, 1.6493374109268188, -3.0211355686187744, 8.957286834716797, -0.4930766522884369]",8.640961,17.211271,1,"[-3.2833366  20.987505    3.8097646   7.5450077  13.942098    2.1630592
  1.5749658  -2.8369474   8.920529   -0.47967017]",,I pray for a miracle to happen for all of us on the ship.
291,5915,238,15,Calm everyone down,pg,2.0,92.3333333333333,Ahmed is the captain of a 50-passenger cruise ship. Four days into their trip they get caught in a storm and the engine breaks under the pressure. They are now stranded at sea. A rescue boat is on its way but might not arrive for a week. Their food supplies are quickly dwindling and Ahmed isn’t sure what to instruct the passengers and crew.,is the captain of a 50-passenger cruise ship . Four days into trip get caught in a storm and the engine breaks under the pressure . are now stranded at sea . A rescue boat is on way but might not arrive for a week . food supplies are quickly dwindling and isn ’ t sure what to instruct the passengers and crew . : Calm everyone down,-3.346799,20.974113,3.7582698,7.5167656,13.850325,2.0981371,1.4952371,-2.848872,8.918615,-0.5685161,"[-3.346798896789551, 20.97411346435547, 3.758269786834717, 7.516765594482422, 13.850324630737305, 2.098137140274048, 1.495237112045288, -2.848871946334839, 8.918615341186523, -0.5685160756111145]",8.901827,17.417204,1,"[-3.2833366  20.987505    3.8097646   7.5450077  13.942098    2.1630592
  1.5749658  -2.8369474   8.920529   -0.47967017]",,I pray for a miracle to happen for all of us on the ship.
292,5916,245,15,Have to convince everyone not to be afraid.,pg,2.0,87.3333333333333,Ahmed is the captain of a 50-passenger cruise ship. Four days into their trip they get caught in a storm and the engine breaks under the pressure. They are now stranded at sea. A rescue boat is on its way but might not arrive for a week. Their food supplies are quickly dwindling and Ahmed isn’t sure what to instruct the passengers and crew.,is the captain of a 50-passenger cruise ship . Four days into trip get caught in a storm and the engine breaks under the pressure . are now stranded at sea . A rescue boat is on way but might not arrive for a week . food supplies are quickly dwindling and isn ’ t sure what to instruct the passengers and crew . : Have to convince everyone not to be afraid .,-3.3034499,20.935688,3.7869263,7.5035124,13.815693,2.1169667,1.5018739,-2.886095,8.894498,-0.5067908,"[-3.303449869155884, 20.935688018798828, 3.78692626953125, 7.503512382507324, 13.815692901611328, 2.116966724395752, 1.5018738508224487, -2.8860950469970703, 8.894497871398926, -0.506790816783905]",8.885007,17.549713,1,"[-3.2833366  20.987505    3.8097646   7.5450077  13.942098    2.1630592
  1.5749658  -2.8369474   8.920529   -0.47967017]",,I pray for a miracle to happen for all of us on the ship.
293,5917,262,15,try to keep everyone calm,pg,2.0,100.0,Ahmed is the captain of a 50-passenger cruise ship. Four days into their trip they get caught in a storm and the engine breaks under the pressure. They are now stranded at sea. A rescue boat is on its way but might not arrive for a week. Their food supplies are quickly dwindling and Ahmed isn’t sure what to instruct the passengers and crew.,is the captain of a 50-passenger cruise ship . Four days into trip get caught in a storm and the engine breaks under the pressure . are now stranded at sea . A rescue boat is on way but might not arrive for a week . food supplies are quickly dwindling and isn ’ t sure what to instruct the passengers and crew . : try to keep everyone calm,-3.2420895,20.996485,3.788931,7.542718,13.946306,2.1263864,1.5813104,-2.9735525,8.985734,-0.46302003,"[-3.2420895099639893, 20.996484756469727, 3.788930892944336, 7.542717933654785, 13.946306228637695, 2.1263864040374756, 1.5813103914260864, -2.9735524654388428, 8.985733985900879, -0.4630200266838074]",8.831873,17.419249,1,"[-3.2833366  20.987505    3.8097646   7.5450077  13.942098    2.1630592
  1.5749658  -2.8369474   8.920529   -0.47967017]",,I pray for a miracle to happen for all of us on the ship.
294,5918,276,15,assure everyone they will be fine,pg,2.0,100.0,Ahmed is the captain of a 50-passenger cruise ship. Four days into their trip they get caught in a storm and the engine breaks under the pressure. They are now stranded at sea. A rescue boat is on its way but might not arrive for a week. Their food supplies are quickly dwindling and Ahmed isn’t sure what to instruct the passengers and crew.,is the captain of a 50-passenger cruise ship . Four days into trip get caught in a storm and the engine breaks under the pressure . are now stranded at sea . A rescue boat is on way but might not arrive for a week . food supplies are quickly dwindling and isn ’ t sure what to instruct the passengers and crew . : assure everyone will be fine,-3.3776035,20.723593,3.8865397,7.4089475,13.480065,2.030485,1.4853982,-2.488721,8.624861,-0.170216,"[-3.377603530883789, 20.72359275817871, 3.8865396976470947, 7.408947467803955, 13.48006534576416, 2.030484914779663, 1.4853981733322144, -2.4887208938598633, 8.624860763549805, -0.17021599411964417]",9.097183,18.229612,1,"[-3.4471822  20.666515    3.9385123   7.3813643  13.241526    2.029008
  1.4364113  -2.2672248   8.528932   -0.19538808]",,I pray for a miracle to happen for all of us on the ship.
295,5919,277,15,he should try to encourage the passengers to be calm,pg,2.0,92.0,Ahmed is the captain of a 50-passenger cruise ship. Four days into their trip they get caught in a storm and the engine breaks under the pressure. They are now stranded at sea. A rescue boat is on its way but might not arrive for a week. Their food supplies are quickly dwindling and Ahmed isn’t sure what to instruct the passengers and crew.,is the captain of a 50-passenger cruise ship . Four days into trip get caught in a storm and the engine breaks under the pressure . are now stranded at sea . A rescue boat is on way but might not arrive for a week . food supplies are quickly dwindling and isn ’ t sure what to instruct the passengers and crew . : try to encourage the passengers to be calm,-3.2011306,20.994236,3.834573,7.5418353,14.031204,2.1759448,1.5947189,-2.9686804,8.953432,-0.49276453,"[-3.2011306285858154, 20.99423599243164, 3.8345730304718018, 7.541835308074951, 14.031204223632812, 2.1759448051452637, 1.5947189331054688, -2.9686803817749023, 8.953432083129883, -0.49276453256607056]",8.637526,17.232237,1,"[-3.2833366  20.987505    3.8097646   7.5450077  13.942098    2.1630592
  1.5749658  -2.8369474   8.920529   -0.47967017]",,I pray for a miracle to happen for all of us on the ship.
296,5920,286,15,Remain calm.,pg,2.0,100.0,Ahmed is the captain of a 50-passenger cruise ship. Four days into their trip they get caught in a storm and the engine breaks under the pressure. They are now stranded at sea. A rescue boat is on its way but might not arrive for a week. Their food supplies are quickly dwindling and Ahmed isn’t sure what to instruct the passengers and crew.,is the captain of a 50-passenger cruise ship . Four days into trip get caught in a storm and the engine breaks under the pressure . are now stranded at sea . A rescue boat is on way but might not arrive for a week . food supplies are quickly dwindling and isn ’ t sure what to instruct the passengers and crew . : Remain calm .,-3.2749708,20.998396,3.772347,7.5313044,14.065004,2.2360246,1.5299017,-2.9099195,8.93122,-0.64194447,"[-3.274970769882202, 20.998395919799805, 3.7723469734191895, 7.531304359436035, 14.065004348754883, 2.2360246181488037, 1.5299017429351807, -2.909919500350952, 8.931220054626465, -0.6419444680213928]",8.623199,17.323063,1,"[-3.2833366  20.987505    3.8097646   7.5450077  13.942098    2.1630592
  1.5749658  -2.8369474   8.920529   -0.47967017]",,I pray for a miracle to happen for all of us on the ship.
297,5921,293,15,Give a motivating speech,pg,2.0,90.0,Ahmed is the captain of a 50-passenger cruise ship. Four days into their trip they get caught in a storm and the engine breaks under the pressure. They are now stranded at sea. A rescue boat is on its way but might not arrive for a week. Their food supplies are quickly dwindling and Ahmed isn’t sure what to instruct the passengers and crew.,is the captain of a 50-passenger cruise ship . Four days into trip get caught in a storm and the engine breaks under the pressure . are now stranded at sea . A rescue boat is on way but might not arrive for a week . food supplies are quickly dwindling and isn ’ t sure what to instruct the passengers and crew . : Give a motivating speech,-3.4120977,20.938608,3.8158255,7.4612913,13.702078,2.1063573,1.5324019,-2.512612,8.75559,-0.40235034,"[-3.412097692489624, 20.938608169555664, 3.8158254623413086, 7.461291313171387, 13.702077865600586, 2.1063573360443115, 1.5324019193649292, -2.5126121044158936, 8.755590438842773, -0.4023503363132477]",9.248408,17.745718,1,"[-3.2833366  20.987505    3.8097646   7.5450077  13.942098    2.1630592
  1.5749658  -2.8369474   8.920529   -0.47967017]",,I pray for a miracle to happen for all of us on the ship.
298,5922,213,15,He could reassure the passengers that help is on the way,pg,3.0,100.0,Ahmed is the captain of a 50-passenger cruise ship. Four days into their trip they get caught in a storm and the engine breaks under the pressure. They are now stranded at sea. A rescue boat is on its way but might not arrive for a week. Their food supplies are quickly dwindling and Ahmed isn’t sure what to instruct the passengers and crew.,is the captain of a 50-passenger cruise ship . Four days into trip get caught in a storm and the engine breaks under the pressure . are now stranded at sea . A rescue boat is on way but might not arrive for a week . food supplies are quickly dwindling and isn ’ t sure what to instruct the passengers and crew . : reassure the passengers that help is on the way,-3.4207995,20.699913,3.8285775,7.436916,13.564484,2.1192791,1.4604703,-2.5404592,8.809025,-0.69643295,"[-3.420799493789673, 20.699913024902344, 3.8285775184631348, 7.436915874481201, 13.564483642578125, 2.119279146194458, 1.4604703187942505, -2.540459156036377, 8.809024810791016, -0.6964329481124878]",9.416045,17.810154,1,"[-3.2833366  20.987505    3.8097646   7.5450077  13.942098    2.1630592
  1.5749658  -2.8369474   8.920529   -0.47967017]",,I pray for a miracle to happen for all of us on the ship.
299,5923,219,15,Tell everyone to remain calm,pg,3.0,93.3333333333333,Ahmed is the captain of a 50-passenger cruise ship. Four days into their trip they get caught in a storm and the engine breaks under the pressure. They are now stranded at sea. A rescue boat is on its way but might not arrive for a week. Their food supplies are quickly dwindling and Ahmed isn’t sure what to instruct the passengers and crew.,is the captain of a 50-passenger cruise ship . Four days into trip get caught in a storm and the engine breaks under the pressure . are now stranded at sea . A rescue boat is on way but might not arrive for a week . food supplies are quickly dwindling and isn ’ t sure what to instruct the passengers and crew . : Tell everyone to remain calm,-3.1425884,21.059422,3.821837,7.5725675,14.179593,2.2379265,1.6538265,-3.0329757,8.954294,-0.5514343,"[-3.1425883769989014, 21.05942153930664, 3.8218369483947754, 7.572567462921143, 14.179593086242676, 2.237926483154297, 1.6538264751434326, -3.032975673675537, 8.954294204711914, -0.5514342784881592]",8.592566,17.191086,1,"[-3.2833366  20.987505    3.8097646   7.5450077  13.942098    2.1630592
  1.5749658  -2.8369474   8.920529   -0.47967017]",,I pray for a miracle to happen for all of us on the ship.
300,5924,231,15,Tell them all is okay,pg,3.0,76.3333333333333,Ahmed is the captain of a 50-passenger cruise ship. Four days into their trip they get caught in a storm and the engine breaks under the pressure. They are now stranded at sea. A rescue boat is on its way but might not arrive for a week. Their food supplies are quickly dwindling and Ahmed isn’t sure what to instruct the passengers and crew.,is the captain of a 50-passenger cruise ship . Four days into trip get caught in a storm and the engine breaks under the pressure . are now stranded at sea . A rescue boat is on way but might not arrive for a week . food supplies are quickly dwindling and isn ’ t sure what to instruct the passengers and crew . : Tell all is okay,-3.1158762,20.76699,4.001608,7.415542,13.263682,2.2735941,1.6134425,-2.407801,8.323968,-0.529187,"[-3.1158761978149414, 20.766990661621094, 4.001607894897461, 7.415542125701904, 13.26368236541748, 2.2735941410064697, 1.6134425401687622, -2.4078009128570557, 8.323967933654785, -0.529187023639679]",8.848925,18.381176,1,"[-3.013786  20.806538   4.227114   7.3947954 13.269682   2.550066
  1.6250464 -2.287486   8.090393  -0.648244 ]",,I pray for a miracle to happen for all of us on the ship.
301,5925,234,15,Tell passengers not to panic,pg,3.0,96.6666666666667,Ahmed is the captain of a 50-passenger cruise ship. Four days into their trip they get caught in a storm and the engine breaks under the pressure. They are now stranded at sea. A rescue boat is on its way but might not arrive for a week. Their food supplies are quickly dwindling and Ahmed isn’t sure what to instruct the passengers and crew.,is the captain of a 50-passenger cruise ship . Four days into trip get caught in a storm and the engine breaks under the pressure . are now stranded at sea . A rescue boat is on way but might not arrive for a week . food supplies are quickly dwindling and isn ’ t sure what to instruct the passengers and crew . : Tell passengers not to panic,-3.1986275,20.925089,3.834593,7.533895,13.769178,2.1889136,1.61174,-2.775253,8.74982,-0.4624516,"[-3.198627471923828, 20.92508888244629, 3.8345930576324463, 7.533895015716553, 13.76917839050293, 2.188913583755493, 1.611739993095398, -2.7752530574798584, 8.7498197555542, -0.46245160698890686]",8.889452,17.64732,1,"[-3.2833366  20.987505    3.8097646   7.5450077  13.942098    2.1630592
  1.5749658  -2.8369474   8.920529   -0.47967017]",,I pray for a miracle to happen for all of us on the ship.
302,5926,237,15,tell everyone things will be okay,pg,3.0,91.6666666666667,Ahmed is the captain of a 50-passenger cruise ship. Four days into their trip they get caught in a storm and the engine breaks under the pressure. They are now stranded at sea. A rescue boat is on its way but might not arrive for a week. Their food supplies are quickly dwindling and Ahmed isn’t sure what to instruct the passengers and crew.,is the captain of a 50-passenger cruise ship . Four days into trip get caught in a storm and the engine breaks under the pressure . are now stranded at sea . A rescue boat is on way but might not arrive for a week . food supplies are quickly dwindling and isn ’ t sure what to instruct the passengers and crew . : tell everyone things will be okay,-3.2692933,20.681538,3.9595876,7.3985577,13.3308935,2.157264,1.5514151,-2.3805945,8.492813,-0.33030894,"[-3.2692933082580566, 20.681537628173828, 3.959587574005127, 7.398557662963867, 13.330893516540527, 2.157263994216919, 1.5514150857925415, -2.380594491958618, 8.492813110351562, -0.3303089439868927]",9.139535,18.280977,1,"[-3.4471822  20.666515    3.9385123   7.3813643  13.241526    2.029008
  1.4364113  -2.2672248   8.528932   -0.19538808]",,I pray for a miracle to happen for all of us on the ship.
303,5927,243,15,Instruct everyone to remain calm.,pg,3.0,100.0,Ahmed is the captain of a 50-passenger cruise ship. Four days into their trip they get caught in a storm and the engine breaks under the pressure. They are now stranded at sea. A rescue boat is on its way but might not arrive for a week. Their food supplies are quickly dwindling and Ahmed isn’t sure what to instruct the passengers and crew.,is the captain of a 50-passenger cruise ship . Four days into trip get caught in a storm and the engine breaks under the pressure . are now stranded at sea . A rescue boat is on way but might not arrive for a week . food supplies are quickly dwindling and isn ’ t sure what to instruct the passengers and crew . : Instruct everyone to remain calm .,-3.2132995,21.070099,3.8035438,7.595127,14.236295,2.320536,1.632843,-2.9281664,8.946839,-0.5922737,"[-3.213299512863159, 21.070098876953125, 3.80354380607605, 7.595127105712891, 14.236294746398926, 2.320535898208618, 1.632843017578125, -2.928166389465332, 8.946839332580566, -0.5922737121582031]",8.505128,17.127966,1,"[-3.2833366  20.987505    3.8097646   7.5450077  13.942098    2.1630592
  1.5749658  -2.8369474   8.920529   -0.47967017]",,I pray for a miracle to happen for all of us on the ship.
304,5928,246,15,instruct people to stay calm,pg,3.0,73.3333333333333,Ahmed is the captain of a 50-passenger cruise ship. Four days into their trip they get caught in a storm and the engine breaks under the pressure. They are now stranded at sea. A rescue boat is on its way but might not arrive for a week. Their food supplies are quickly dwindling and Ahmed isn’t sure what to instruct the passengers and crew.,is the captain of a 50-passenger cruise ship . Four days into trip get caught in a storm and the engine breaks under the pressure . are now stranded at sea . A rescue boat is on way but might not arrive for a week . food supplies are quickly dwindling and isn ’ t sure what to instruct the passengers and crew . : instruct people to stay calm,-3.1648083,21.126375,3.8466344,7.6378307,14.186092,2.3291874,1.6857613,-2.9774957,8.997721,-0.5290863,"[-3.1648082733154297, 21.126375198364258, 3.8466343879699707, 7.63783073425293, 14.186092376708984, 2.3291873931884766, 1.6857613325119019, -2.9774956703186035, 8.997720718383789, -0.5290862917900085]",8.439706,17.071512,1,"[-3.2833366  20.987505    3.8097646   7.5450077  13.942098    2.1630592
  1.5749658  -2.8369474   8.920529   -0.47967017]",,I pray for a miracle to happen for all of us on the ship.
305,5929,247,15,provide area for daily devotion for those who want to attend,pg,3.0,72.6666666666667,Ahmed is the captain of a 50-passenger cruise ship. Four days into their trip they get caught in a storm and the engine breaks under the pressure. They are now stranded at sea. A rescue boat is on its way but might not arrive for a week. Their food supplies are quickly dwindling and Ahmed isn’t sure what to instruct the passengers and crew.,is the captain of a 50-passenger cruise ship . Four days into trip get caught in a storm and the engine breaks under the pressure . are now stranded at sea . A rescue boat is on way but might not arrive for a week . food supplies are quickly dwindling and isn ’ t sure what to instruct the passengers and crew . : provide area for daily devotion for those who want to attend,-3.4900749,20.967823,3.740634,7.560014,13.687389,2.008578,1.496937,-2.6276493,8.958808,-0.23246564,"[-3.490074872970581, 20.967823028564453, 3.740633964538574, 7.560013771057129, 13.687389373779297, 2.008578062057495, 1.4969370365142822, -2.6276493072509766, 8.958807945251465, -0.23246563971042633]",9.263188,17.42119,1,"[-3.2833366  20.987505    3.8097646   7.5450077  13.942098    2.1630592
  1.5749658  -2.8369474   8.920529   -0.47967017]",,I pray for a miracle to happen for all of us on the ship.
306,5930,270,15,Try to keep everyone calm and assure them help is on the way.,pg,3.0,91.0,Ahmed is the captain of a 50-passenger cruise ship. Four days into their trip they get caught in a storm and the engine breaks under the pressure. They are now stranded at sea. A rescue boat is on its way but might not arrive for a week. Their food supplies are quickly dwindling and Ahmed isn’t sure what to instruct the passengers and crew.,is the captain of a 50-passenger cruise ship . Four days into trip get caught in a storm and the engine breaks under the pressure . are now stranded at sea . A rescue boat is on way but might not arrive for a week . food supplies are quickly dwindling and isn ’ t sure what to instruct the passengers and crew . : Try to keep everyone calm and assure is on the way .,-3.421826,20.865992,3.796561,7.4575953,13.636325,2.1083527,1.4218689,-2.6669338,8.819039,-0.64534044,"[-3.421825885772705, 20.865991592407227, 3.7965610027313232, 7.457595348358154, 13.636324882507324, 2.1083526611328125, 1.421868920326233, -2.66693377494812, 8.819039344787598, -0.6453404426574707]",9.021396,17.636763,1,"[-3.2833366  20.987505    3.8097646   7.5450077  13.942098    2.1630592
  1.5749658  -2.8369474   8.920529   -0.47967017]",,I pray for a miracle to happen for all of us on the ship.
307,5931,274,15,calm passengers,pg,3.0,100.0,Ahmed is the captain of a 50-passenger cruise ship. Four days into their trip they get caught in a storm and the engine breaks under the pressure. They are now stranded at sea. A rescue boat is on its way but might not arrive for a week. Their food supplies are quickly dwindling and Ahmed isn’t sure what to instruct the passengers and crew.,is the captain of a 50-passenger cruise ship . Four days into trip get caught in a storm and the engine breaks under the pressure . are now stranded at sea . A rescue boat is on way but might not arrive for a week . food supplies are quickly dwindling and isn ’ t sure what to instruct the passengers and crew . : calm passengers,-3.4936392,20.959648,3.7105143,7.534148,13.690141,2.0239723,1.428206,-2.7294686,8.95483,-0.49466494,"[-3.4936392307281494, 20.95964813232422, 3.7105143070220947, 7.534148216247559, 13.690140724182129, 2.023972272872925, 1.428205966949463, -2.729468584060669, 8.954830169677734, -0.4946649372577667]",9.311316,17.485842,1,"[-3.2833366  20.987505    3.8097646   7.5450077  13.942098    2.1630592
  1.5749658  -2.8369474   8.920529   -0.47967017]",,I pray for a miracle to happen for all of us on the ship.
308,5932,282,15,tell them to remain calm,pg,3.0,99.6666666666667,Ahmed is the captain of a 50-passenger cruise ship. Four days into their trip they get caught in a storm and the engine breaks under the pressure. They are now stranded at sea. A rescue boat is on its way but might not arrive for a week. Their food supplies are quickly dwindling and Ahmed isn’t sure what to instruct the passengers and crew.,is the captain of a 50-passenger cruise ship . Four days into trip get caught in a storm and the engine breaks under the pressure . are now stranded at sea . A rescue boat is on way but might not arrive for a week . food supplies are quickly dwindling and isn ’ t sure what to instruct the passengers and crew . : tell to remain calm,-3.215102,21.04843,3.8011243,7.5866675,14.248813,2.33038,1.614042,-2.9356236,8.945236,-0.6310904,"[-3.215101957321167, 21.048429489135742, 3.801124334335327, 7.586667537689209, 14.248812675476074, 2.3303799629211426, 1.614042043685913, -2.9356236457824707, 8.945236206054688, -0.6310904026031494]",8.49359,17.124022,1,"[-3.2833366  20.987505    3.8097646   7.5450077  13.942098    2.1630592
  1.5749658  -2.8369474   8.920529   -0.47967017]",,I pray for a miracle to happen for all of us on the ship.
309,5933,288,15,reassure the passengers,pg,3.0,98.0,Ahmed is the captain of a 50-passenger cruise ship. Four days into their trip they get caught in a storm and the engine breaks under the pressure. They are now stranded at sea. A rescue boat is on its way but might not arrive for a week. Their food supplies are quickly dwindling and Ahmed isn’t sure what to instruct the passengers and crew.,is the captain of a 50-passenger cruise ship . Four days into trip get caught in a storm and the engine breaks under the pressure . are now stranded at sea . A rescue boat is on way but might not arrive for a week . food supplies are quickly dwindling and isn ’ t sure what to instruct the passengers and crew . : reassure the passengers,-3.2250338,20.874662,3.8240516,7.5147004,13.691592,2.1400867,1.6184889,-2.709175,8.756094,-0.4489573,"[-3.225033760070801, 20.874662399291992, 3.82405161857605, 7.514700412750244, 13.6915922164917, 2.1400866508483887, 1.6184889078140259, -2.7091751098632812, 8.756093978881836, -0.44895729422569275]",9.04345,17.68052,1,"[-3.2833366  20.987505    3.8097646   7.5450077  13.942098    2.1630592
  1.5749658  -2.8369474   8.920529   -0.47967017]",,I pray for a miracle to happen for all of us on the ship.
310,5934,311,15,keep everyone calm and unworried,pg,3.0,97.0,Ahmed is the captain of a 50-passenger cruise ship. Four days into their trip they get caught in a storm and the engine breaks under the pressure. They are now stranded at sea. A rescue boat is on its way but might not arrive for a week. Their food supplies are quickly dwindling and Ahmed isn’t sure what to instruct the passengers and crew.,is the captain of a 50-passenger cruise ship . Four days into trip get caught in a storm and the engine breaks under the pressure . are now stranded at sea . A rescue boat is on way but might not arrive for a week . food supplies are quickly dwindling and isn ’ t sure what to instruct the passengers and crew . : keep everyone calm and unworried,-3.1819615,21.01345,3.8394837,7.5329366,14.049798,2.15343,1.6136158,-2.983318,8.947908,-0.5127969,"[-3.1819615364074707, 21.013450622558594, 3.8394837379455566, 7.5329365730285645, 14.049798011779785, 2.1534299850463867, 1.6136157512664795, -2.9833180904388428, 8.947908401489258, -0.5127968788146973]",8.749103,17.302944,1,"[-3.2833366  20.987505    3.8097646   7.5450077  13.942098    2.1630592
  1.5749658  -2.8369474   8.920529   -0.47967017]",,I pray for a miracle to happen for all of us on the ship.
311,5935,211,15,Calm people down,pg,4.0,100.0,Ahmed is the captain of a 50-passenger cruise ship. Four days into their trip they get caught in a storm and the engine breaks under the pressure. They are now stranded at sea. A rescue boat is on its way but might not arrive for a week. Their food supplies are quickly dwindling and Ahmed isn’t sure what to instruct the passengers and crew.,is the captain of a 50-passenger cruise ship . Four days into trip get caught in a storm and the engine breaks under the pressure . are now stranded at sea . A rescue boat is on way but might not arrive for a week . food supplies are quickly dwindling and isn ’ t sure what to instruct the passengers and crew . : Calm people down,-3.3241737,21.054575,3.7446067,7.5759892,13.946253,2.0818946,1.5295705,-2.9271216,9.018666,-0.5172105,"[-3.32417368888855, 21.054574966430664, 3.7446067333221436, 7.575989246368408, 13.946252822875977, 2.081894636154175, 1.529570460319519, -2.927121639251709, 9.01866626739502, -0.5172104835510254]",8.913993,17.347935,1,"[-3.2833366  20.987505    3.8097646   7.5450077  13.942098    2.1630592
  1.5749658  -2.8369474   8.920529   -0.47967017]",,I pray for a miracle to happen for all of us on the ship.
312,5936,223,15,Tell the crew to remain calm and keep control,pg,4.0,100.0,Ahmed is the captain of a 50-passenger cruise ship. Four days into their trip they get caught in a storm and the engine breaks under the pressure. They are now stranded at sea. A rescue boat is on its way but might not arrive for a week. Their food supplies are quickly dwindling and Ahmed isn’t sure what to instruct the passengers and crew.,is the captain of a 50-passenger cruise ship . Four days into trip get caught in a storm and the engine breaks under the pressure . are now stranded at sea . A rescue boat is on way but might not arrive for a week . food supplies are quickly dwindling and isn ’ t sure what to instruct the passengers and crew . : Tell the crew to remain calm and keep control,-3.2030973,21.153986,3.8154566,7.6597114,14.274109,2.254838,1.6818165,-2.985887,9.013258,-0.44218913,"[-3.203097343444824, 21.15398597717285, 3.8154566287994385, 7.6597113609313965, 14.27410888671875, 2.254837989807129, 1.6818164587020874, -2.985887050628662, 9.01325798034668, -0.44218912720680237]",8.563605,17.147055,1,"[-3.2833366  20.987505    3.8097646   7.5450077  13.942098    2.1630592
  1.5749658  -2.8369474   8.920529   -0.47967017]",,I pray for a miracle to happen for all of us on the ship.
313,5937,246,15,inform anyone who starts panicking that they're not going to starve to death in a week,pg,4.0,60.6666666666667,Ahmed is the captain of a 50-passenger cruise ship. Four days into their trip they get caught in a storm and the engine breaks under the pressure. They are now stranded at sea. A rescue boat is on its way but might not arrive for a week. Their food supplies are quickly dwindling and Ahmed isn’t sure what to instruct the passengers and crew.,is the captain of a 50-passenger cruise ship . Four days into trip get caught in a storm and the engine breaks under the pressure . are now stranded at sea . A rescue boat is on way but might not arrive for a week . food supplies are quickly dwindling and isn ’ t sure what to instruct the passengers and crew . : inform anyone who starts panicking that 're not going to starve to death in a week,-2.6793137,21.211885,3.70999,8.273895,13.073941,1.3554116,2.2213063,-2.6634324,8.126261,2.330098,"[-2.6793136596679688, 21.211885452270508, 3.7099900245666504, 8.273895263671875, 13.073941230773926, 1.3554116487503052, 2.221306324005127, -2.6634323596954346, 8.126260757446289, 2.3300979137420654]",8.411538,23.030584,0,"[-2.7720344 21.198093   3.524655   8.050342  12.951804   1.1348985
  2.1959908 -2.8224287  8.259791   2.3755927]",,Do some math and ration food
314,5938,249,15,He can tell them that everything is fine while waiting for rescue boat,pg,4.0,43.3333333333333,Ahmed is the captain of a 50-passenger cruise ship. Four days into their trip they get caught in a storm and the engine breaks under the pressure. They are now stranded at sea. A rescue boat is on its way but might not arrive for a week. Their food supplies are quickly dwindling and Ahmed isn’t sure what to instruct the passengers and crew.,is the captain of a 50-passenger cruise ship . Four days into trip get caught in a storm and the engine breaks under the pressure . are now stranded at sea . A rescue boat is on way but might not arrive for a week . food supplies are quickly dwindling and isn ’ t sure what to instruct the passengers and crew . : can tell that everything is fine while waiting for rescue boat,-3.7428493,20.81845,3.7128859,7.4377475,13.032492,1.8686513,1.2298994,-2.1809657,8.629022,-0.5509819,"[-3.742849349975586, 20.818450927734375, 3.712885856628418, 7.437747478485107, 13.032491683959961, 1.868651270866394, 1.2298994064331055, -2.1809656620025635, 8.629021644592285, -0.550981879234314]",9.997762,18.074806,1,"[-3.9400773 20.582375   3.681353   7.343179  12.986776   1.7244117
  1.1226583 -2.1522439  8.818167  -0.388404 ]",,I pray for a miracle to happen for all of us on the ship.
315,5939,261,15,Tell everyone to remain calm,pg,4.0,100.0,Ahmed is the captain of a 50-passenger cruise ship. Four days into their trip they get caught in a storm and the engine breaks under the pressure. They are now stranded at sea. A rescue boat is on its way but might not arrive for a week. Their food supplies are quickly dwindling and Ahmed isn’t sure what to instruct the passengers and crew.,is the captain of a 50-passenger cruise ship . Four days into trip get caught in a storm and the engine breaks under the pressure . are now stranded at sea . A rescue boat is on way but might not arrive for a week . food supplies are quickly dwindling and isn ’ t sure what to instruct the passengers and crew . : Tell everyone to remain calm,-3.1179044,20.979704,3.8159628,7.497347,14.179215,2.2135065,1.6541528,-3.0457575,8.902759,-0.6693281,"[-3.1179044246673584, 20.979703903198242, 3.815962791442871, 7.497346878051758, 14.179215431213379, 2.2135064601898193, 1.654152750968933, -3.045757532119751, 8.902758598327637, -0.6693280935287476]",8.522922,17.141745,1,"[-3.2833366  20.987505    3.8097646   7.5450077  13.942098    2.1630592
  1.5749658  -2.8369474   8.920529   -0.47967017]",,I pray for a miracle to happen for all of us on the ship.
316,5940,266,15,Keep everyone calm and ensure them they will be rescued.,pg,4.0,100.0,Ahmed is the captain of a 50-passenger cruise ship. Four days into their trip they get caught in a storm and the engine breaks under the pressure. They are now stranded at sea. A rescue boat is on its way but might not arrive for a week. Their food supplies are quickly dwindling and Ahmed isn’t sure what to instruct the passengers and crew.,is the captain of a 50-passenger cruise ship . Four days into trip get caught in a storm and the engine breaks under the pressure . are now stranded at sea . A rescue boat is on way but might not arrive for a week . food supplies are quickly dwindling and isn ’ t sure what to instruct the passengers and crew . : Keep everyone calm and ensure will be rescued .,-3.2627609,20.85788,3.866304,7.439186,13.818485,2.041652,1.5319757,-2.8871198,8.9138975,-0.28113413,"[-3.262760877609253, 20.857879638671875, 3.8663039207458496, 7.439186096191406, 13.818485260009766, 2.041651964187622, 1.5319757461547852, -2.887119770050049, 8.913897514343262, -0.28113412857055664]",8.856321,17.680872,1,"[-3.2833366  20.987505    3.8097646   7.5450077  13.942098    2.1630592
  1.5749658  -2.8369474   8.920529   -0.47967017]",,I pray for a miracle to happen for all of us on the ship.
317,5941,268,15,Encourage the people that everything will be ok,pg,4.0,98.3333333333333,Ahmed is the captain of a 50-passenger cruise ship. Four days into their trip they get caught in a storm and the engine breaks under the pressure. They are now stranded at sea. A rescue boat is on its way but might not arrive for a week. Their food supplies are quickly dwindling and Ahmed isn’t sure what to instruct the passengers and crew.,is the captain of a 50-passenger cruise ship . Four days into trip get caught in a storm and the engine breaks under the pressure . are now stranded at sea . A rescue boat is on way but might not arrive for a week . food supplies are quickly dwindling and isn ’ t sure what to instruct the passengers and crew . : Encourage the people that everything will be ok,-3.2913399,20.864033,3.8694944,7.448391,13.679682,2.1407633,1.563405,-2.617282,8.715758,-0.33033448,"[-3.291339874267578, 20.864032745361328, 3.8694944381713867, 7.448390960693359, 13.679681777954102, 2.140763282775879, 1.5634050369262695, -2.617281913757324, 8.715758323669434, -0.33033448457717896]",9.052874,17.83307,1,"[-3.2833366  20.987505    3.8097646   7.5450077  13.942098    2.1630592
  1.5749658  -2.8369474   8.920529   -0.47967017]",,I pray for a miracle to happen for all of us on the ship.
318,5942,284,15,He could tell people to keep calm because  a person can survive without food for over a week.,pg,4.0,82.3333333333333,Ahmed is the captain of a 50-passenger cruise ship. Four days into their trip they get caught in a storm and the engine breaks under the pressure. They are now stranded at sea. A rescue boat is on its way but might not arrive for a week. Their food supplies are quickly dwindling and Ahmed isn’t sure what to instruct the passengers and crew.,is the captain of a 50-passenger cruise ship . Four days into trip get caught in a storm and the engine breaks under the pressure . are now stranded at sea . A rescue boat is on way but might not arrive for a week . food supplies are quickly dwindling and isn ’ t sure what to instruct the passengers and crew . : tell people to keep calm because a person can survive without food for over a week .,-2.7887154,21.216759,3.6269991,8.123895,13.151629,1.340043,2.1138334,-2.8369763,8.310638,2.120289,"[-2.788715362548828, 21.216758728027344, 3.6269991397857666, 8.123894691467285, 13.151629447937012, 1.3400429487228394, 2.113833427429199, -2.8369762897491455, 8.310638427734375, 2.1202890872955322]",8.825637,22.777552,0,"[-2.7720344 21.198093   3.524655   8.050342  12.951804   1.1348985
  2.1959908 -2.8224287  8.259791   2.3755927]",,Do some math and ration food
319,5943,288,15,reassure the crew,pg,4.0,98.3333333333333,Ahmed is the captain of a 50-passenger cruise ship. Four days into their trip they get caught in a storm and the engine breaks under the pressure. They are now stranded at sea. A rescue boat is on its way but might not arrive for a week. Their food supplies are quickly dwindling and Ahmed isn’t sure what to instruct the passengers and crew.,is the captain of a 50-passenger cruise ship . Four days into trip get caught in a storm and the engine breaks under the pressure . are now stranded at sea . A rescue boat is on way but might not arrive for a week . food supplies are quickly dwindling and isn ’ t sure what to instruct the passengers and crew . : reassure the crew,-3.2211983,20.889618,3.8426757,7.493229,13.731899,2.1609237,1.6008476,-2.7067277,8.733942,-0.45357156,"[-3.221198320388794, 20.889617919921875, 3.8426756858825684, 7.493228912353516, 13.73189926147461, 2.160923719406128, 1.600847601890564, -2.7067277431488037, 8.733942031860352, -0.4535715579986572]",9.002162,17.815636,1,"[-3.2833366  20.987505    3.8097646   7.5450077  13.942098    2.1630592
  1.5749658  -2.8369474   8.920529   -0.47967017]",,I pray for a miracle to happen for all of us on the ship.
320,5944,231,15,Encourage the passengers to be hopeful,pg,5.0,76.0,Ahmed is the captain of a 50-passenger cruise ship. Four days into their trip they get caught in a storm and the engine breaks under the pressure. They are now stranded at sea. A rescue boat is on its way but might not arrive for a week. Their food supplies are quickly dwindling and Ahmed isn’t sure what to instruct the passengers and crew.,is the captain of a 50-passenger cruise ship . Four days into trip get caught in a storm and the engine breaks under the pressure . are now stranded at sea . A rescue boat is on way but might not arrive for a week . food supplies are quickly dwindling and isn ’ t sure what to instruct the passengers and crew . : Encourage the passengers to be hopeful,-3.4212735,20.93548,3.8312976,7.4356885,13.725694,2.1124916,1.5014895,-2.507025,8.741998,-0.37306824,"[-3.4212734699249268, 20.93548011779785, 3.8312976360321045, 7.435688495635986, 13.725693702697754, 2.1124916076660156, 1.501489520072937, -2.5070250034332275, 8.741997718811035, -0.373068243265152]",9.261917,17.676514,1,"[-3.2833366  20.987505    3.8097646   7.5450077  13.942098    2.1630592
  1.5749658  -2.8369474   8.920529   -0.47967017]",,I pray for a miracle to happen for all of us on the ship.
321,5945,246,15,instruct crew to remain calm and do their jobs,pg,5.0,64.3333333333333,Ahmed is the captain of a 50-passenger cruise ship. Four days into their trip they get caught in a storm and the engine breaks under the pressure. They are now stranded at sea. A rescue boat is on its way but might not arrive for a week. Their food supplies are quickly dwindling and Ahmed isn’t sure what to instruct the passengers and crew.,is the captain of a 50-passenger cruise ship . Four days into trip get caught in a storm and the engine breaks under the pressure . are now stranded at sea . A rescue boat is on way but might not arrive for a week . food supplies are quickly dwindling and isn ’ t sure what to instruct the passengers and crew . : instruct crew to remain calm and do jobs,-3.1329873,21.128292,3.808205,7.637757,14.251915,2.21916,1.7055255,-3.0696936,9.006527,-0.4625029,"[-3.1329872608184814, 21.128292083740234, 3.8082048892974854, 7.637756824493408, 14.251914978027344, 2.2191600799560547, 1.705525517463684, -3.0696935653686523, 9.006526947021484, -0.4625028967857361]",8.41407,17.05923,1,"[-3.2833366  20.987505    3.8097646   7.5450077  13.942098    2.1630592
  1.5749658  -2.8369474   8.920529   -0.47967017]",,I pray for a miracle to happen for all of us on the ship.
322,5946,269,15,Keep the passengers calm and focus on the rescue boat,pg,5.0,81.0,Ahmed is the captain of a 50-passenger cruise ship. Four days into their trip they get caught in a storm and the engine breaks under the pressure. They are now stranded at sea. A rescue boat is on its way but might not arrive for a week. Their food supplies are quickly dwindling and Ahmed isn’t sure what to instruct the passengers and crew.,is the captain of a 50-passenger cruise ship . Four days into trip get caught in a storm and the engine breaks under the pressure . are now stranded at sea . A rescue boat is on way but might not arrive for a week . food supplies are quickly dwindling and isn ’ t sure what to instruct the passengers and crew . : Keep the passengers calm and focus on the rescue boat,-3.1288319,21.030996,3.8608127,7.5267324,14.092766,2.1378994,1.6452057,-3.0858972,9.019058,-0.4925926,"[-3.1288318634033203, 21.030996322631836, 3.8608126640319824, 7.526732444763184, 14.092765808105469, 2.137899398803711, 1.6452057361602783, -3.085897207260132, 9.019058227539062, -0.49259260296821594]",8.748673,17.29654,1,"[-3.2833366  20.987505    3.8097646   7.5450077  13.942098    2.1630592
  1.5749658  -2.8369474   8.920529   -0.47967017]",,I pray for a miracle to happen for all of us on the ship.
323,5947,277,15,he should try to encourage his team,pg,5.0,92.6666666666667,Ahmed is the captain of a 50-passenger cruise ship. Four days into their trip they get caught in a storm and the engine breaks under the pressure. They are now stranded at sea. A rescue boat is on its way but might not arrive for a week. Their food supplies are quickly dwindling and Ahmed isn’t sure what to instruct the passengers and crew.,is the captain of a 50-passenger cruise ship . Four days into trip get caught in a storm and the engine breaks under the pressure . are now stranded at sea . A rescue boat is on way but might not arrive for a week . food supplies are quickly dwindling and isn ’ t sure what to instruct the passengers and crew . : try to encourage team,-3.5112658,20.887194,3.7833114,7.4440446,13.595731,2.0146854,1.4624732,-2.4997659,8.83241,-0.24597315,"[-3.511265754699707, 20.88719367980957, 3.783311367034912, 7.444044589996338, 13.595730781555176, 2.0146853923797607, 1.4624731540679932, -2.4997658729553223, 8.832409858703613, -0.2459731549024582]",9.341991,17.824434,1,"[-3.4471822  20.666515    3.9385123   7.3813643  13.241526    2.029008
  1.4364113  -2.2672248   8.528932   -0.19538808]",,I pray for a miracle to happen for all of us on the ship.
324,5948,306,15,keep people calm,pg,5.0,91.0,Ahmed is the captain of a 50-passenger cruise ship. Four days into their trip they get caught in a storm and the engine breaks under the pressure. They are now stranded at sea. A rescue boat is on its way but might not arrive for a week. Their food supplies are quickly dwindling and Ahmed isn’t sure what to instruct the passengers and crew.,is the captain of a 50-passenger cruise ship . Four days into trip get caught in a storm and the engine breaks under the pressure . are now stranded at sea . A rescue boat is on way but might not arrive for a week . food supplies are quickly dwindling and isn ’ t sure what to instruct the passengers and crew . : keep people calm,-3.217182,21.045681,3.7907684,7.5356374,14.064864,2.1300588,1.5820277,-3.0327528,9.013584,-0.5200501,"[-3.217181921005249, 21.04568099975586, 3.7907683849334717, 7.535637378692627, 14.064864158630371, 2.130058765411377, 1.5820276737213135, -3.032752752304077, 9.01358413696289, -0.5200501084327698]",8.638737,17.148563,1,"[-3.2833366  20.987505    3.8097646   7.5450077  13.942098    2.1630592
  1.5749658  -2.8369474   8.920529   -0.47967017]",,I pray for a miracle to happen for all of us on the ship.
325,6779,224,15,Abandon some to save the rest,pg,1.0,36.3333333333333,Ahmed is the captain of a 50-passenger cruise ship. Four days into their trip they get caught in a storm and the engine breaks under the pressure. They are now stranded at sea. A rescue boat is on its way but might not arrive for a week. Their food supplies are quickly dwindling and Ahmed isn’t sure what to instruct the passengers and crew.,is the captain of a 50-passenger cruise ship . Four days into trip get caught in a storm and the engine breaks under the pressure . are now stranded at sea . A rescue boat is on way but might not arrive for a week . food supplies are quickly dwindling and isn ’ t sure what to instruct the passengers and crew . : Abandon some to save the rest,-3.8795376,20.478785,4.0567007,7.184312,13.006331,1.622149,1.1008277,-1.9467947,8.37826,0.7731164,"[-3.879537582397461, 20.478784561157227, 4.056700706481934, 7.184311866760254, 13.006331443786621, 1.6221489906311035, 1.100827693939209, -1.9467947483062744, 8.378259658813477, 0.773116409778595]",10.754228,19.907427,1,"[-4.048797  20.437038   4.2164783  7.1701818 13.042211   1.5807805
  0.9519202 -1.7881687  8.2991705  0.8971675]",,I pray for a miracle to happen for all of us on the ship.
326,6780,287,15,Get rid of crew members by throwing them overboard,pg,1.0,4.0,Ahmed is the captain of a 50-passenger cruise ship. Four days into their trip they get caught in a storm and the engine breaks under the pressure. They are now stranded at sea. A rescue boat is on its way but might not arrive for a week. Their food supplies are quickly dwindling and Ahmed isn’t sure what to instruct the passengers and crew.,is the captain of a 50-passenger cruise ship . Four days into trip get caught in a storm and the engine breaks under the pressure . are now stranded at sea . A rescue boat is on way but might not arrive for a week . food supplies are quickly dwindling and isn ’ t sure what to instruct the passengers and crew . : Get rid of crew members by throwing overboard,-4.06687,20.431076,4.2815957,7.1945405,13.104682,1.6654327,0.9594488,-1.7165279,8.246039,0.7271915,"[-4.066870212554932, 20.431076049804688, 4.281595706939697, 7.194540500640869, 13.104681968688965, 1.6654326915740967, 0.9594488143920898, -1.7165279388427734, 8.246039390563965, 0.7271915078163147]",11.107933,19.702642,1,"[-4.048797  20.437038   4.2164783  7.1701818 13.042211   1.5807805
  0.9519202 -1.7881687  8.2991705  0.8971675]",,I pray for a miracle to happen for all of us on the ship.
327,6781,235,15,Ahmed could throw some people overboard so there is enough food.,pg,2.0,1.33333333333333,Ahmed is the captain of a 50-passenger cruise ship. Four days into their trip they get caught in a storm and the engine breaks under the pressure. They are now stranded at sea. A rescue boat is on its way but might not arrive for a week. Their food supplies are quickly dwindling and Ahmed isn’t sure what to instruct the passengers and crew.,is the captain of a 50-passenger cruise ship . Four days into trip get caught in a storm and the engine breaks under the pressure . are now stranded at sea . A rescue boat is on way but might not arrive for a week . food supplies are quickly dwindling and isn ’ t sure what to instruct the passengers and crew . : throw some people overboard so there is enough food .,-3.9756093,20.482054,4.234639,7.2794437,13.030007,1.5271494,1.0567465,-1.8381383,8.21684,1.043359,"[-3.975609302520752, 20.482053756713867, 4.2346391677856445, 7.279443740844727, 13.030007362365723, 1.5271494388580322, 1.056746482849121, -1.8381383419036865, 8.216839790344238, 1.0433590412139893]",10.951737,20.080908,1,"[-4.048797  20.437038   4.2164783  7.1701818 13.042211   1.5807805
  0.9519202 -1.7881687  8.2991705  0.8971675]",,I pray for a miracle to happen for all of us on the ship.
328,6782,249,15,They can throw some people overboard,pg,2.0,15.6666666666667,Ahmed is the captain of a 50-passenger cruise ship. Four days into their trip they get caught in a storm and the engine breaks under the pressure. They are now stranded at sea. A rescue boat is on its way but might not arrive for a week. Their food supplies are quickly dwindling and Ahmed isn’t sure what to instruct the passengers and crew.,is the captain of a 50-passenger cruise ship . Four days into trip get caught in a storm and the engine breaks under the pressure . are now stranded at sea . A rescue boat is on way but might not arrive for a week . food supplies are quickly dwindling and isn ’ t sure what to instruct the passengers and crew . : can throw some people overboard,-4.1011,20.422384,4.190808,7.2097716,13.060327,1.6513281,0.9622505,-1.7828637,8.339719,0.5645094,"[-4.101099967956543, 20.42238426208496, 4.190807819366455, 7.209771633148193, 13.06032657623291, 1.6513280868530273, 0.9622504711151123, -1.782863736152649, 8.33971881866455, 0.564509391784668]",10.963073,19.606842,1,"[-4.048797  20.437038   4.2164783  7.1701818 13.042211   1.5807805
  0.9519202 -1.7881687  8.2991705  0.8971675]",,I pray for a miracle to happen for all of us on the ship.
329,6783,284,15,He could throw extra people overboard,pg,2.0,5.0,Ahmed is the captain of a 50-passenger cruise ship. Four days into their trip they get caught in a storm and the engine breaks under the pressure. They are now stranded at sea. A rescue boat is on its way but might not arrive for a week. Their food supplies are quickly dwindling and Ahmed isn’t sure what to instruct the passengers and crew.,is the captain of a 50-passenger cruise ship . Four days into trip get caught in a storm and the engine breaks under the pressure . are now stranded at sea . A rescue boat is on way but might not arrive for a week . food supplies are quickly dwindling and isn ’ t sure what to instruct the passengers and crew . : throw extra people overboard,-4.0615973,20.429504,4.2578382,7.2047563,13.081756,1.6391199,0.96974754,-1.7473016,8.263608,0.7473648,"[-4.0615973472595215, 20.42950439453125, 4.257838249206543, 7.204756259918213, 13.081755638122559, 1.6391198635101318, 0.9697475433349609, -1.7473015785217285, 8.2636079788208, 0.7473648190498352]",11.018807,19.728886,1,"[-4.048797  20.437038   4.2164783  7.1701818 13.042211   1.5807805
  0.9519202 -1.7881687  8.2991705  0.8971675]",,I pray for a miracle to happen for all of us on the ship.
330,6784,292,15,Through the passengers overboard.,pg,2.0,0.0,Ahmed is the captain of a 50-passenger cruise ship. Four days into their trip they get caught in a storm and the engine breaks under the pressure. They are now stranded at sea. A rescue boat is on its way but might not arrive for a week. Their food supplies are quickly dwindling and Ahmed isn’t sure what to instruct the passengers and crew.,is the captain of a 50-passenger cruise ship . Four days into trip get caught in a storm and the engine breaks under the pressure . are now stranded at sea . A rescue boat is on way but might not arrive for a week . food supplies are quickly dwindling and isn ’ t sure what to instruct the passengers and crew . : Through the passengers overboard .,-3.9986942,20.812912,3.752802,7.3683496,12.846292,1.6554381,1.0417873,-2.0965574,8.4759865,-0.12307048,"[-3.9986941814422607, 20.812911987304688, 3.7528018951416016, 7.368349552154541, 12.846291542053223, 1.6554380655288696, 1.0417872667312622, -2.096557378768921, 8.47598648071289, -0.12307047843933105]",10.554065,18.59564,1,"[-3.9400773 20.582375   3.681353   7.343179  12.986776   1.7244117
  1.1226583 -2.1522439  8.818167  -0.388404 ]",,I pray for a miracle to happen for all of us on the ship.
331,6785,307,15,kill several passengers to make supplies last,pg,2.0,0.0,Ahmed is the captain of a 50-passenger cruise ship. Four days into their trip they get caught in a storm and the engine breaks under the pressure. They are now stranded at sea. A rescue boat is on its way but might not arrive for a week. Their food supplies are quickly dwindling and Ahmed isn’t sure what to instruct the passengers and crew.,is the captain of a 50-passenger cruise ship . Four days into trip get caught in a storm and the engine breaks under the pressure . are now stranded at sea . A rescue boat is on way but might not arrive for a week . food supplies are quickly dwindling and isn ’ t sure what to instruct the passengers and crew . : kill several passengers to make supplies last,-4.0852566,20.390759,4.291178,7.1349387,13.016643,1.454417,0.9034941,-1.7681788,8.250323,1.3790432,"[-4.085256576538086, 20.390758514404297, 4.291178226470947, 7.134938716888428, 13.016642570495605, 1.4544169902801514, 0.903494119644165, -1.7681788206100464, 8.250323295593262, 1.3790432214736938]",11.005586,20.693884,1,"[-4.048797  20.437038   4.2164783  7.1701818 13.042211   1.5807805
  0.9519202 -1.7881687  8.2991705  0.8971675]",,I pray for a miracle to happen for all of us on the ship.
332,6786,209,15,push people overboard,pg,3.0,16.0,Ahmed is the captain of a 50-passenger cruise ship. Four days into their trip they get caught in a storm and the engine breaks under the pressure. They are now stranded at sea. A rescue boat is on its way but might not arrive for a week. Their food supplies are quickly dwindling and Ahmed isn’t sure what to instruct the passengers and crew.,is the captain of a 50-passenger cruise ship . Four days into trip get caught in a storm and the engine breaks under the pressure . are now stranded at sea . A rescue boat is on way but might not arrive for a week . food supplies are quickly dwindling and isn ’ t sure what to instruct the passengers and crew . : push people overboard,-4.102096,20.409315,4.292277,7.1781855,13.093409,1.6476645,0.926323,-1.6983851,8.243207,0.7385593,"[-4.102096080780029, 20.40931510925293, 4.292276859283447, 7.17818546295166, 13.093408584594727, 1.6476645469665527, 0.9263229966163635, -1.6983851194381714, 8.243206977844238, 0.7385593056678772]",11.07023,19.7254,1,"[-4.048797  20.437038   4.2164783  7.1701818 13.042211   1.5807805
  0.9519202 -1.7881687  8.2991705  0.8971675]",,I pray for a miracle to happen for all of us on the ship.
333,6787,210,15,set some people adrift on a raft,pg,3.0,10.6666666666667,Ahmed is the captain of a 50-passenger cruise ship. Four days into their trip they get caught in a storm and the engine breaks under the pressure. They are now stranded at sea. A rescue boat is on its way but might not arrive for a week. Their food supplies are quickly dwindling and Ahmed isn’t sure what to instruct the passengers and crew.,is the captain of a 50-passenger cruise ship . Four days into trip get caught in a storm and the engine breaks under the pressure . are now stranded at sea . A rescue boat is on way but might not arrive for a week . food supplies are quickly dwindling and isn ’ t sure what to instruct the passengers and crew . : set some people adrift on a raft,-4.101829,20.656782,3.6709135,7.264557,12.842156,1.5932648,0.99299544,-2.0262344,8.673887,-0.12996179,"[-4.1018290519714355, 20.656782150268555, 3.6709134578704834, 7.264556884765625, 12.842156410217285, 1.5932648181915283, 0.9929954409599304, -2.0262343883514404, 8.673887252807617, -0.1299617886543274]",10.541911,18.426878,1,"[-3.9400773 20.582375   3.681353   7.343179  12.986776   1.7244117
  1.1226583 -2.1522439  8.818167  -0.388404 ]",,I pray for a miracle to happen for all of us on the ship.
334,6788,232,15,"Kill the weak and elderly, leaving the food for the most fit",pg,3.0,36.6666666666667,Ahmed is the captain of a 50-passenger cruise ship. Four days into their trip they get caught in a storm and the engine breaks under the pressure. They are now stranded at sea. A rescue boat is on its way but might not arrive for a week. Their food supplies are quickly dwindling and Ahmed isn’t sure what to instruct the passengers and crew.,"is the captain of a 50-passenger cruise ship . Four days into trip get caught in a storm and the engine breaks under the pressure . are now stranded at sea . A rescue boat is on way but might not arrive for a week . food supplies are quickly dwindling and isn ’ t sure what to instruct the passengers and crew . : Kill the weak and elderly , leaving the food for the most fit",-3.9168363,20.505762,4.2341876,7.23564,12.942321,1.2585776,1.008213,-1.9519212,8.294385,1.9224945,"[-3.9168362617492676, 20.505762100219727, 4.234187602996826, 7.235640048980713, 12.942320823669434, 1.258577585220337, 1.0082130432128906, -1.9519212245941162, 8.294384956359863, 1.9224945306777954]",10.991395,21.192806,1,"[-4.048797  20.437038   4.2164783  7.1701818 13.042211   1.5807805
  0.9519202 -1.7881687  8.2991705  0.8971675]",,I pray for a miracle to happen for all of us on the ship.
335,6789,266,15,Throw some people into the ocean to save supplies.,pg,3.0,1.0,Ahmed is the captain of a 50-passenger cruise ship. Four days into their trip they get caught in a storm and the engine breaks under the pressure. They are now stranded at sea. A rescue boat is on its way but might not arrive for a week. Their food supplies are quickly dwindling and Ahmed isn’t sure what to instruct the passengers and crew.,is the captain of a 50-passenger cruise ship . Four days into trip get caught in a storm and the engine breaks under the pressure . are now stranded at sea . A rescue boat is on way but might not arrive for a week . food supplies are quickly dwindling and isn ’ t sure what to instruct the passengers and crew . : Throw some people into the ocean to save supplies .,-4.0882573,20.409914,4.1978416,7.203119,13.040788,1.60212,0.96331364,-1.7940637,8.337636,0.71033865,"[-4.088257312774658, 20.409914016723633, 4.197841644287109, 7.203118801116943, 13.040787696838379, 1.602120041847229, 0.963313639163971, -1.794063687324524, 8.33763599395752, 0.7103386521339417]",10.97898,19.542362,1,"[-4.048797  20.437038   4.2164783  7.1701818 13.042211   1.5807805
  0.9519202 -1.7881687  8.2991705  0.8971675]",,I pray for a miracle to happen for all of us on the ship.
336,6790,271,15,throw people overboard,pg,3.0,5.33333333333333,Ahmed is the captain of a 50-passenger cruise ship. Four days into their trip they get caught in a storm and the engine breaks under the pressure. They are now stranded at sea. A rescue boat is on its way but might not arrive for a week. Their food supplies are quickly dwindling and Ahmed isn’t sure what to instruct the passengers and crew.,is the captain of a 50-passenger cruise ship . Four days into trip get caught in a storm and the engine breaks under the pressure . are now stranded at sea . A rescue boat is on way but might not arrive for a week . food supplies are quickly dwindling and isn ’ t sure what to instruct the passengers and crew . : throw people overboard,-4.1077394,20.403473,4.293869,7.1659493,13.095182,1.6443757,0.92111737,-1.6941127,8.237653,0.76134825,"[-4.107739448547363, 20.403472900390625, 4.2938690185546875, 7.16594934463501, 13.095182418823242, 1.6443756818771362, 0.92111736536026, -1.6941126585006714, 8.237652778625488, 0.7613482475280762]",11.060087,19.738781,1,"[-4.048797  20.437038   4.2164783  7.1701818 13.042211   1.5807805
  0.9519202 -1.7881687  8.2991705  0.8971675]",,I pray for a miracle to happen for all of us on the ship.
337,6791,221,15,throw some people overboard,pg,4.0,0.0,Ahmed is the captain of a 50-passenger cruise ship. Four days into their trip they get caught in a storm and the engine breaks under the pressure. They are now stranded at sea. A rescue boat is on its way but might not arrive for a week. Their food supplies are quickly dwindling and Ahmed isn’t sure what to instruct the passengers and crew.,is the captain of a 50-passenger cruise ship . Four days into trip get caught in a storm and the engine breaks under the pressure . are now stranded at sea . A rescue boat is on way but might not arrive for a week . food supplies are quickly dwindling and isn ’ t sure what to instruct the passengers and crew . : throw some people overboard,-4.0844073,20.412706,4.246641,7.2097635,13.066149,1.6214429,0.9665665,-1.762836,8.292585,0.72790563,"[-4.084407329559326, 20.41270637512207, 4.246641159057617, 7.209763526916504, 13.06614875793457, 1.6214429140090942, 0.9665665030479431, -1.76283597946167, 8.292585372924805, 0.7279056310653687]",11.038847,19.683245,1,"[-4.048797  20.437038   4.2164783  7.1701818 13.042211   1.5807805
  0.9519202 -1.7881687  8.2991705  0.8971675]",,I pray for a miracle to happen for all of us on the ship.
338,6792,232,15,Sink the ship to kill everyone,pg,4.0,5.0,Ahmed is the captain of a 50-passenger cruise ship. Four days into their trip they get caught in a storm and the engine breaks under the pressure. They are now stranded at sea. A rescue boat is on its way but might not arrive for a week. Their food supplies are quickly dwindling and Ahmed isn’t sure what to instruct the passengers and crew.,is the captain of a 50-passenger cruise ship . Four days into trip get caught in a storm and the engine breaks under the pressure . are now stranded at sea . A rescue boat is on way but might not arrive for a week . food supplies are quickly dwindling and isn ’ t sure what to instruct the passengers and crew . : Sink the ship to kill everyone,-4.064625,20.412346,4.250083,7.1480045,12.984679,1.4643335,0.9085947,-1.8062135,8.289731,1.3246118,"[-4.064624786376953, 20.41234588623047, 4.250082969665527, 7.148004531860352, 12.984679222106934, 1.4643335342407227, 0.9085947275161743, -1.8062134981155396, 8.2897310256958, 1.324611783027649]",11.020774,20.658573,1,"[-4.048797  20.437038   4.2164783  7.1701818 13.042211   1.5807805
  0.9519202 -1.7881687  8.2991705  0.8971675]",,I pray for a miracle to happen for all of us on the ship.
339,6793,238,15,Throw someone overboard,pg,4.0,7.33333333333333,Ahmed is the captain of a 50-passenger cruise ship. Four days into their trip they get caught in a storm and the engine breaks under the pressure. They are now stranded at sea. A rescue boat is on its way but might not arrive for a week. Their food supplies are quickly dwindling and Ahmed isn’t sure what to instruct the passengers and crew.,is the captain of a 50-passenger cruise ship . Four days into trip get caught in a storm and the engine breaks under the pressure . are now stranded at sea . A rescue boat is on way but might not arrive for a week . food supplies are quickly dwindling and isn ’ t sure what to instruct the passengers and crew . : Throw someone overboard,-4.113774,20.377972,4.3521934,7.131134,13.088275,1.6351528,0.89139706,-1.6468366,8.217902,0.7268399,"[-4.113773822784424, 20.377971649169922, 4.352193355560303, 7.131134033203125, 13.088274955749512, 1.635152816772461, 0.8913970589637756, -1.6468366384506226, 8.217902183532715, 0.7268399000167847]",11.073018,19.712603,1,"[-4.048797  20.437038   4.2164783  7.1701818 13.042211   1.5807805
  0.9519202 -1.7881687  8.2991705  0.8971675]",,I pray for a miracle to happen for all of us on the ship.
340,6794,210,15,kill people so there are less people to feed,pg,5.0,0.0,Ahmed is the captain of a 50-passenger cruise ship. Four days into their trip they get caught in a storm and the engine breaks under the pressure. They are now stranded at sea. A rescue boat is on its way but might not arrive for a week. Their food supplies are quickly dwindling and Ahmed isn’t sure what to instruct the passengers and crew.,is the captain of a 50-passenger cruise ship . Four days into trip get caught in a storm and the engine breaks under the pressure . are now stranded at sea . A rescue boat is on way but might not arrive for a week . food supplies are quickly dwindling and isn ’ t sure what to instruct the passengers and crew . : kill people so there are less people to feed,-4.050622,20.406246,4.277341,7.1469483,12.988127,1.3925709,0.9117667,-1.8149514,8.270709,1.5575207,"[-4.05062198638916, 20.406246185302734, 4.277340888977051, 7.146948337554932, 12.988126754760742, 1.3925708532333374, 0.9117667078971863, -1.8149514198303223, 8.270709037780762, 1.5575207471847534]",11.013879,20.874596,1,"[-4.048797  20.437038   4.2164783  7.1701818 13.042211   1.5807805
  0.9519202 -1.7881687  8.2991705  0.8971675]",,I pray for a miracle to happen for all of us on the ship.
341,6795,221,15,lock undeserving people in a room,pg,5.0,0.0,Ahmed is the captain of a 50-passenger cruise ship. Four days into their trip they get caught in a storm and the engine breaks under the pressure. They are now stranded at sea. A rescue boat is on its way but might not arrive for a week. Their food supplies are quickly dwindling and Ahmed isn’t sure what to instruct the passengers and crew.,is the captain of a 50-passenger cruise ship . Four days into trip get caught in a storm and the engine breaks under the pressure . are now stranded at sea . A rescue boat is on way but might not arrive for a week . food supplies are quickly dwindling and isn ’ t sure what to instruct the passengers and crew . : lock undeserving people in a room,-3.6244376,20.601755,4.208364,7.3355794,13.262229,1.8460556,1.2088943,-2.0815969,8.383521,0.11998371,"[-3.6244375705718994, 20.601755142211914, 4.208364009857178, 7.3355793952941895, 13.262228965759277, 1.8460556268692017, 1.2088942527770996, -2.081596851348877, 8.38352108001709, 0.11998371034860611]",10.049821,18.901232,1,"[-3.4471822  20.666515    3.9385123   7.3813643  13.241526    2.029008
  1.4364113  -2.2672248   8.528932   -0.19538808]",,I pray for a miracle to happen for all of us on the ship.
342,6796,230,15,Throw someone overboard.,pg,5.0,0.0,Ahmed is the captain of a 50-passenger cruise ship. Four days into their trip they get caught in a storm and the engine breaks under the pressure. They are now stranded at sea. A rescue boat is on its way but might not arrive for a week. Their food supplies are quickly dwindling and Ahmed isn’t sure what to instruct the passengers and crew.,is the captain of a 50-passenger cruise ship . Four days into trip get caught in a storm and the engine breaks under the pressure . are now stranded at sea . A rescue boat is on way but might not arrive for a week . food supplies are quickly dwindling and isn ’ t sure what to instruct the passengers and crew . : Throw someone overboard .,-4.123744,20.380493,4.3256564,7.1497154,13.082094,1.6189743,0.8977465,-1.6696893,8.21992,0.79830563,"[-4.123744010925293, 20.3804931640625, 4.325656414031982, 7.149715423583984, 13.082094192504883, 1.6189743280410767, 0.8977465033531189, -1.6696892976760864, 8.21992015838623, 0.7983056306838989]",11.093558,19.710566,1,"[-4.048797  20.437038   4.2164783  7.1701818 13.042211   1.5807805
  0.9519202 -1.7881687  8.2991705  0.8971675]",,I pray for a miracle to happen for all of us on the ship.
343,6797,261,15,Send everyone out on lifeboats and hope for the best,pg,5.0,0.0,Ahmed is the captain of a 50-passenger cruise ship. Four days into their trip they get caught in a storm and the engine breaks under the pressure. They are now stranded at sea. A rescue boat is on its way but might not arrive for a week. Their food supplies are quickly dwindling and Ahmed isn’t sure what to instruct the passengers and crew.,is the captain of a 50-passenger cruise ship . Four days into trip get caught in a storm and the engine breaks under the pressure . are now stranded at sea . A rescue boat is on way but might not arrive for a week . food supplies are quickly dwindling and isn ’ t sure what to instruct the passengers and crew . : Send everyone out on lifeboats and hope for the best,-3.9482737,20.561222,3.8933325,7.1656623,13.123196,1.781941,1.0590415,-1.9876496,8.576497,0.046435505,"[-3.9482736587524414, 20.561222076416016, 3.8933324813842773, 7.1656622886657715, 13.12319564819336, 1.7819410562515259, 1.0590415000915527, -1.9876495599746704, 8.576497077941895, 0.04643550515174866]",10.277756,18.845276,1,"[-3.9400773 20.582375   3.681353   7.343179  12.986776   1.7244117
  1.1226583 -2.1522439  8.818167  -0.388404 ]",,I pray for a miracle to happen for all of us on the ship.
344,6798,264,15,Put everyone in life boats,pg,5.0,8.33333333333333,Ahmed is the captain of a 50-passenger cruise ship. Four days into their trip they get caught in a storm and the engine breaks under the pressure. They are now stranded at sea. A rescue boat is on its way but might not arrive for a week. Their food supplies are quickly dwindling and Ahmed isn’t sure what to instruct the passengers and crew.,is the captain of a 50-passenger cruise ship . Four days into trip get caught in a storm and the engine breaks under the pressure . are now stranded at sea . A rescue boat is on way but might not arrive for a week . food supplies are quickly dwindling and isn ’ t sure what to instruct the passengers and crew . : Put everyone in life boats,-3.9218686,20.411133,3.9130538,7.170877,13.179596,1.7570257,1.1258018,-2.027958,8.70691,0.13429932,"[-3.9218685626983643, 20.4111328125, 3.9130537509918213, 7.170876979827881, 13.179595947265625, 1.7570257186889648, 1.1258018016815186, -2.0279579162597656, 8.706910133361816, 0.13429932296276093]",10.654557,18.909315,1,"[-3.9400773 20.582375   3.681353   7.343179  12.986776   1.7244117
  1.1226583 -2.1522439  8.818167  -0.388404 ]",,I pray for a miracle to happen for all of us on the ship.
345,6799,265,15,throw people overboard,pg,5.0,0.0,Ahmed is the captain of a 50-passenger cruise ship. Four days into their trip they get caught in a storm and the engine breaks under the pressure. They are now stranded at sea. A rescue boat is on its way but might not arrive for a week. Their food supplies are quickly dwindling and Ahmed isn’t sure what to instruct the passengers and crew.,is the captain of a 50-passenger cruise ship . Four days into trip get caught in a storm and the engine breaks under the pressure . are now stranded at sea . A rescue boat is on way but might not arrive for a week . food supplies are quickly dwindling and isn ’ t sure what to instruct the passengers and crew . : throw people overboard,-4.082106,20.414202,4.3391495,7.1768136,13.136279,1.6892071,0.9344519,-1.6499166,8.1905775,0.7836441,"[-4.082106113433838, 20.414201736450195, 4.339149475097656, 7.17681360244751, 13.136279106140137, 1.6892070770263672, 0.9344518780708313, -1.649916648864746, 8.190577507019043, 0.7836440801620483]",11.062793,19.728622,1,"[-4.048797  20.437038   4.2164783  7.1701818 13.042211   1.5807805
  0.9519202 -1.7881687  8.2991705  0.8971675]",,I pray for a miracle to happen for all of us on the ship.
346,6800,301,15,sacrifice part of the crew to keep the others alive,pg,5.0,0.0,Ahmed is the captain of a 50-passenger cruise ship. Four days into their trip they get caught in a storm and the engine breaks under the pressure. They are now stranded at sea. A rescue boat is on its way but might not arrive for a week. Their food supplies are quickly dwindling and Ahmed isn’t sure what to instruct the passengers and crew.,is the captain of a 50-passenger cruise ship . Four days into trip get caught in a storm and the engine breaks under the pressure . are now stranded at sea . A rescue boat is on way but might not arrive for a week . food supplies are quickly dwindling and isn ’ t sure what to instruct the passengers and crew . : sacrifice part of the crew to keep the others alive,-4.0595,20.393932,4.2292876,7.1626267,12.9977865,1.4840689,0.9395861,-1.8199357,8.297285,1.2092509,"[-4.059500217437744, 20.393932342529297, 4.229287624359131, 7.16262674331665, 12.997786521911621, 1.4840688705444336, 0.9395861029624939, -1.81993567943573, 8.297285079956055, 1.2092509269714355]",10.933494,20.56333,1,"[-4.048797  20.437038   4.2164783  7.1701818 13.042211   1.5807805
  0.9519202 -1.7881687  8.2991705  0.8971675]",,I pray for a miracle to happen for all of us on the ship.
347,7475,273,15,see if help can get there sooner,pg,2.0,100.0,Ahmed is the captain of a 50-passenger cruise ship. Four days into their trip they get caught in a storm and the engine breaks under the pressure. They are now stranded at sea. A rescue boat is on its way but might not arrive for a week. Their food supplies are quickly dwindling and Ahmed isn’t sure what to instruct the passengers and crew.,is the captain of a 50-passenger cruise ship . Four days into trip get caught in a storm and the engine breaks under the pressure . are now stranded at sea . A rescue boat is on way but might not arrive for a week . food supplies are quickly dwindling and isn ’ t sure what to instruct the passengers and crew . : see if help can get there sooner,-4.051562,20.670368,3.6353278,7.3690095,12.864264,1.670944,1.0487329,-2.060964,8.702659,-0.48699597,"[-4.0515618324279785, 20.670368194580078, 3.6353278160095215, 7.369009494781494, 12.864263534545898, 1.6709439754486084, 1.048732876777649, -2.0609641075134277, 8.702658653259277, -0.48699596524238586]",10.622561,18.06256,1,"[-3.9400773 20.582375   3.681353   7.343179  12.986776   1.7244117
  1.1226583 -2.1522439  8.818167  -0.388404 ]",,I pray for a miracle to happen for all of us on the ship.
348,7476,294,15,Call for food to be dropped by helicopter,pg,2.0,38.3333333333333,Ahmed is the captain of a 50-passenger cruise ship. Four days into their trip they get caught in a storm and the engine breaks under the pressure. They are now stranded at sea. A rescue boat is on its way but might not arrive for a week. Their food supplies are quickly dwindling and Ahmed isn’t sure what to instruct the passengers and crew.,is the captain of a 50-passenger cruise ship . Four days into trip get caught in a storm and the engine breaks under the pressure . are now stranded at sea . A rescue boat is on way but might not arrive for a week . food supplies are quickly dwindling and isn ’ t sure what to instruct the passengers and crew . : Call for food to be dropped by helicopter,-2.6191995,21.355173,3.6827943,8.127806,12.921182,0.8372584,2.0400958,-2.9048734,8.5182295,2.8945808,"[-2.619199514389038, 21.355173110961914, 3.6827943325042725, 8.127805709838867, 12.921181678771973, 0.8372583985328674, 2.040095806121826, -2.9048733711242676, 8.518229484558105, 2.894580841064453]",9.220995,23.74064,0,"[-2.7724068 21.371      3.7459974  7.9590554 12.884674   0.7567073
  2.0065956 -2.9518974  8.444245   3.1534615]",,Do some math and ration food
349,7477,297,15,radio for help more frequently,pg,2.0,98.3333333333333,Ahmed is the captain of a 50-passenger cruise ship. Four days into their trip they get caught in a storm and the engine breaks under the pressure. They are now stranded at sea. A rescue boat is on its way but might not arrive for a week. Their food supplies are quickly dwindling and Ahmed isn’t sure what to instruct the passengers and crew.,is the captain of a 50-passenger cruise ship . Four days into trip get caught in a storm and the engine breaks under the pressure . are now stranded at sea . A rescue boat is on way but might not arrive for a week . food supplies are quickly dwindling and isn ’ t sure what to instruct the passengers and crew . : radio for help more frequently,-4.0059786,20.487219,3.440578,7.4082704,12.833965,1.5521556,1.083757,-2.2787228,9.112581,-0.6390011,"[-4.005978584289551, 20.487218856811523, 3.440577983856201, 7.408270359039307, 12.833965301513672, 1.552155613899231, 1.0837570428848267, -2.2787227630615234, 9.112581253051758, -0.6390010714530945]",10.625364,17.606546,1,"[-3.9400773 20.582375   3.681353   7.343179  12.986776   1.7244117
  1.1226583 -2.1522439  8.818167  -0.388404 ]",,I pray for a miracle to happen for all of us on the ship.
350,7478,311,15,keep in contact with rescue boat on timeline,pg,2.0,94.0,Ahmed is the captain of a 50-passenger cruise ship. Four days into their trip they get caught in a storm and the engine breaks under the pressure. They are now stranded at sea. A rescue boat is on its way but might not arrive for a week. Their food supplies are quickly dwindling and Ahmed isn’t sure what to instruct the passengers and crew.,is the captain of a 50-passenger cruise ship . Four days into trip get caught in a storm and the engine breaks under the pressure . are now stranded at sea . A rescue boat is on way but might not arrive for a week . food supplies are quickly dwindling and isn ’ t sure what to instruct the passengers and crew . : keep in contact with rescue boat on timeline,-3.9403663,20.444832,3.6319256,7.3762245,13.007095,1.732929,1.1415584,-2.1820023,8.998085,-0.63224757,"[-3.940366268157959, 20.44483184814453, 3.631925582885742, 7.376224517822266, 13.007095336914062, 1.732928991317749, 1.1415584087371826, -2.182002305984497, 8.998085021972656, -0.6322475671768188]",10.381088,17.807978,1,"[-3.9400773 20.582375   3.681353   7.343179  12.986776   1.7244117
  1.1226583 -2.1522439  8.818167  -0.388404 ]",,I pray for a miracle to happen for all of us on the ship.
351,7479,211,15,Try to get help faster.,pg,3.0,100.0,Ahmed is the captain of a 50-passenger cruise ship. Four days into their trip they get caught in a storm and the engine breaks under the pressure. They are now stranded at sea. A rescue boat is on its way but might not arrive for a week. Their food supplies are quickly dwindling and Ahmed isn’t sure what to instruct the passengers and crew.,is the captain of a 50-passenger cruise ship . Four days into trip get caught in a storm and the engine breaks under the pressure . are now stranded at sea . A rescue boat is on way but might not arrive for a week . food supplies are quickly dwindling and isn ’ t sure what to instruct the passengers and crew . : Try to get help faster .,-4.007809,20.548332,3.6374745,7.336357,12.942126,1.7551794,1.0393568,-2.1163852,8.874122,-0.6908976,"[-4.007809162139893, 20.54833221435547, 3.637474536895752, 7.336357116699219, 12.942126274108887, 1.7551794052124023, 1.0393568277359009, -2.1163852214813232, 8.87412166595459, -0.6908975839614868]",10.601972,17.85056,1,"[-3.9400773 20.582375   3.681353   7.343179  12.986776   1.7244117
  1.1226583 -2.1522439  8.818167  -0.388404 ]",,I pray for a miracle to happen for all of us on the ship.
352,7480,212,15,Radio for a more immediate rescue,pg,3.0,77.3333333333333,Ahmed is the captain of a 50-passenger cruise ship. Four days into their trip they get caught in a storm and the engine breaks under the pressure. They are now stranded at sea. A rescue boat is on its way but might not arrive for a week. Their food supplies are quickly dwindling and Ahmed isn’t sure what to instruct the passengers and crew.,is the captain of a 50-passenger cruise ship . Four days into trip get caught in a storm and the engine breaks under the pressure . are now stranded at sea . A rescue boat is on way but might not arrive for a week . food supplies are quickly dwindling and isn ’ t sure what to instruct the passengers and crew . : Radio for a more immediate rescue,-4.000984,20.426626,3.4372659,7.3982687,12.857286,1.5698332,1.0783643,-2.3068779,9.178646,-0.7150248,"[-4.000984191894531, 20.426626205444336, 3.4372658729553223, 7.398268699645996, 12.85728645324707, 1.5698331594467163, 1.0783642530441284, -2.306877851486206, 9.178646087646484, -0.7150248289108276]",10.625452,17.458866,1,"[-3.9400773 20.582375   3.681353   7.343179  12.986776   1.7244117
  1.1226583 -2.1522439  8.818167  -0.388404 ]",,I pray for a miracle to happen for all of us on the ship.
353,7481,226,15,Radio for food and supplies. ,pg,3.0,100.0,Ahmed is the captain of a 50-passenger cruise ship. Four days into their trip they get caught in a storm and the engine breaks under the pressure. They are now stranded at sea. A rescue boat is on its way but might not arrive for a week. Their food supplies are quickly dwindling and Ahmed isn’t sure what to instruct the passengers and crew.,is the captain of a 50-passenger cruise ship . Four days into trip get caught in a storm and the engine breaks under the pressure . are now stranded at sea . A rescue boat is on way but might not arrive for a week . food supplies are quickly dwindling and isn ’ t sure what to instruct the passengers and crew . : Radio for food and supplies .,-3.739553,20.573963,3.4514785,7.5188107,12.909413,1.4456837,1.3633738,-2.4094558,9.080132,0.07441187,"[-3.7395529747009277, 20.573963165283203, 3.4514784812927246, 7.518810749053955, 12.90941333770752, 1.4456837177276611, 1.3633737564086914, -2.4094557762145996, 9.080131530761719, 0.07441186904907227]",11.09872,18.216423,1,"[-3.6445827  20.663752    3.607818    7.4420924  12.94147     1.6022452
  1.3908336  -2.3558006   8.766497    0.20558095]",,I pray for a miracle to happen for all of us on the ship.
354,7482,244,15,"Send up signals, maybe another boat in area.",pg,3.0,100.0,Ahmed is the captain of a 50-passenger cruise ship. Four days into their trip they get caught in a storm and the engine breaks under the pressure. They are now stranded at sea. A rescue boat is on its way but might not arrive for a week. Their food supplies are quickly dwindling and Ahmed isn’t sure what to instruct the passengers and crew.,"is the captain of a 50-passenger cruise ship . Four days into trip get caught in a storm and the engine breaks under the pressure . are now stranded at sea . A rescue boat is on way but might not arrive for a week . food supplies are quickly dwindling and isn ’ t sure what to instruct the passengers and crew . : Send up signals , maybe another boat in area .",-3.7518494,20.340914,3.6545744,7.3669896,13.098891,1.789712,1.3087178,-2.3306348,9.073444,-0.51872885,"[-3.751849412918091, 20.340913772583008, 3.654574394226074, 7.366989612579346, 13.098891258239746, 1.7897119522094727, 1.3087178468704224, -2.330634832382202, 9.073444366455078, -0.5187288522720337]",10.271476,17.892178,1,"[-3.9400773 20.582375   3.681353   7.343179  12.986776   1.7244117
  1.1226583 -2.1522439  8.818167  -0.388404 ]",,I pray for a miracle to happen for all of us on the ship.
355,7483,251,15,check where is help,pg,3.0,81.0,Ahmed is the captain of a 50-passenger cruise ship. Four days into their trip they get caught in a storm and the engine breaks under the pressure. They are now stranded at sea. A rescue boat is on its way but might not arrive for a week. Their food supplies are quickly dwindling and Ahmed isn’t sure what to instruct the passengers and crew.,is the captain of a 50-passenger cruise ship . Four days into trip get caught in a storm and the engine breaks under the pressure . are now stranded at sea . A rescue boat is on way but might not arrive for a week . food supplies are quickly dwindling and isn ’ t sure what to instruct the passengers and crew . : check where is help,-4.0217786,20.621054,3.5764198,7.409293,12.80701,1.629751,1.199601,-2.1325116,8.799543,-0.31155506,"[-4.021778583526611, 20.62105369567871, 3.5764198303222656, 7.409293174743652, 12.80700969696045, 1.6297509670257568, 1.1996010541915894, -2.132511615753174, 8.799543380737305, -0.31155505776405334]",10.525826,18.033344,1,"[-3.9400773 20.582375   3.681353   7.343179  12.986776   1.7244117
  1.1226583 -2.1522439  8.818167  -0.388404 ]",,I pray for a miracle to happen for all of us on the ship.
356,7484,252,15,Try to radio others for faster assistance,pg,3.0,99.6666666666667,Ahmed is the captain of a 50-passenger cruise ship. Four days into their trip they get caught in a storm and the engine breaks under the pressure. They are now stranded at sea. A rescue boat is on its way but might not arrive for a week. Their food supplies are quickly dwindling and Ahmed isn’t sure what to instruct the passengers and crew.,is the captain of a 50-passenger cruise ship . Four days into trip get caught in a storm and the engine breaks under the pressure . are now stranded at sea . A rescue boat is on way but might not arrive for a week . food supplies are quickly dwindling and isn ’ t sure what to instruct the passengers and crew . : Try to radio others for faster assistance,-3.8976398,20.425684,3.5106764,7.394518,12.933888,1.6605109,1.1637638,-2.3127172,9.116543,-0.6797735,"[-3.897639751434326, 20.425683975219727, 3.510676383972168, 7.39451789855957, 12.93388843536377, 1.6605108976364136, 1.1637637615203857, -2.3127171993255615, 9.11654281616211, -0.6797735095024109]",10.424096,17.713402,1,"[-3.9400773 20.582375   3.681353   7.343179  12.986776   1.7244117
  1.1226583 -2.1522439  8.818167  -0.388404 ]",,I pray for a miracle to happen for all of us on the ship.
357,7485,265,15,find out if a plane can drop goods somehow,pg,3.0,45.3333333333333,Ahmed is the captain of a 50-passenger cruise ship. Four days into their trip they get caught in a storm and the engine breaks under the pressure. They are now stranded at sea. A rescue boat is on its way but might not arrive for a week. Their food supplies are quickly dwindling and Ahmed isn’t sure what to instruct the passengers and crew.,is the captain of a 50-passenger cruise ship . Four days into trip get caught in a storm and the engine breaks under the pressure . are now stranded at sea . A rescue boat is on way but might not arrive for a week . food supplies are quickly dwindling and isn ’ t sure what to instruct the passengers and crew . : find out if a plane can drop goods somehow,-3.8051,20.672457,3.3930674,7.5486794,12.744075,1.297494,1.3390262,-2.3413677,9.026244,0.34491283,"[-3.8050999641418457, 20.672456741333008, 3.3930673599243164, 7.548679351806641, 12.744074821472168, 1.2974940538406372, 1.3390262126922607, -2.341367721557617, 9.026244163513184, 0.3449128270149231]",10.295715,19.666769,1,"[-3.6445827  20.663752    3.607818    7.4420924  12.94147     1.6022452
  1.3908336  -2.3558006   8.766497    0.20558095]",,I pray for a miracle to happen for all of us on the ship.
358,7486,276,15,try to call for faster help,pg,3.0,100.0,Ahmed is the captain of a 50-passenger cruise ship. Four days into their trip they get caught in a storm and the engine breaks under the pressure. They are now stranded at sea. A rescue boat is on its way but might not arrive for a week. Their food supplies are quickly dwindling and Ahmed isn’t sure what to instruct the passengers and crew.,is the captain of a 50-passenger cruise ship . Four days into trip get caught in a storm and the engine breaks under the pressure . are now stranded at sea . A rescue boat is on way but might not arrive for a week . food supplies are quickly dwindling and isn ’ t sure what to instruct the passengers and crew . : try to call for faster help,-3.9860325,20.537786,3.5551906,7.4081287,12.886936,1.6919526,1.0746173,-2.2057436,8.977008,-0.759637,"[-3.986032485961914, 20.53778648376465, 3.5551905632019043, 7.40812873840332, 12.88693618774414, 1.6919525861740112, 1.0746172666549683, -2.2057435512542725, 8.977007865905762, -0.7596369981765747]",10.437558,17.616701,1,"[-3.9400773 20.582375   3.681353   7.343179  12.986776   1.7244117
  1.1226583 -2.1522439  8.818167  -0.388404 ]",,I pray for a miracle to happen for all of us on the ship.
359,7487,277,15,try to call the rescue team more often,pg,3.0,93.0,Ahmed is the captain of a 50-passenger cruise ship. Four days into their trip they get caught in a storm and the engine breaks under the pressure. They are now stranded at sea. A rescue boat is on its way but might not arrive for a week. Their food supplies are quickly dwindling and Ahmed isn’t sure what to instruct the passengers and crew.,is the captain of a 50-passenger cruise ship . Four days into trip get caught in a storm and the engine breaks under the pressure . are now stranded at sea . A rescue boat is on way but might not arrive for a week . food supplies are quickly dwindling and isn ’ t sure what to instruct the passengers and crew . : try to call the rescue team more often,-3.9895096,20.533024,3.5939803,7.4134984,12.933452,1.701705,1.1007046,-2.1613154,8.941322,-0.67236596,"[-3.9895095825195312, 20.533023834228516, 3.593980312347412, 7.413498401641846, 12.933451652526855, 1.701704978942871, 1.100704550743103, -2.161315441131592, 8.941322326660156, -0.6723659634590149]",10.462014,17.678175,1,"[-3.9400773 20.582375   3.681353   7.343179  12.986776   1.7244117
  1.1226583 -2.1522439  8.818167  -0.388404 ]",,I pray for a miracle to happen for all of us on the ship.
360,7488,220,15,Get in touch with the nearest nation to helicopter in food and water.,pg,4.0,100.0,Ahmed is the captain of a 50-passenger cruise ship. Four days into their trip they get caught in a storm and the engine breaks under the pressure. They are now stranded at sea. A rescue boat is on its way but might not arrive for a week. Their food supplies are quickly dwindling and Ahmed isn’t sure what to instruct the passengers and crew.,is the captain of a 50-passenger cruise ship . Four days into trip get caught in a storm and the engine breaks under the pressure . are now stranded at sea . A rescue boat is on way but might not arrive for a week . food supplies are quickly dwindling and isn ’ t sure what to instruct the passengers and crew . : Get in touch with the nearest nation to helicopter in food and water .,-4.021194,20.479647,3.5042245,7.402984,12.842791,1.5412362,1.1300917,-2.1958184,9.057261,-0.367763,"[-4.021193981170654, 20.479646682739258, 3.5042245388031006, 7.402984142303467, 12.842790603637695, 1.541236162185669, 1.130091667175293, -2.1958184242248535, 9.05726146697998, -0.3677630126476288]",10.770789,18.043999,1,"[-3.9400773 20.582375   3.681353   7.343179  12.986776   1.7244117
  1.1226583 -2.1522439  8.818167  -0.388404 ]",,I pray for a miracle to happen for all of us on the ship.
361,7489,226,15,Check for ships in the area to see if there are supplies available. ,pg,4.0,100.0,Ahmed is the captain of a 50-passenger cruise ship. Four days into their trip they get caught in a storm and the engine breaks under the pressure. They are now stranded at sea. A rescue boat is on its way but might not arrive for a week. Their food supplies are quickly dwindling and Ahmed isn’t sure what to instruct the passengers and crew.,is the captain of a 50-passenger cruise ship . Four days into trip get caught in a storm and the engine breaks under the pressure . are now stranded at sea . A rescue boat is on way but might not arrive for a week . food supplies are quickly dwindling and isn ’ t sure what to instruct the passengers and crew . : Check for ships in the area to see if there are supplies available .,-3.8891916,20.594742,3.431068,7.492026,12.798719,1.4070727,1.2921869,-2.2867506,9.033524,0.10825502,"[-3.8891916275024414, 20.594741821289062, 3.431067943572998, 7.492025852203369, 12.79871940612793, 1.40707266330719, 1.2921868562698364, -2.286750555038452, 9.033523559570312, 0.10825502127408981]",10.703723,18.1992,1,"[-3.6445827  20.663752    3.607818    7.4420924  12.94147     1.6022452
  1.3908336  -2.3558006   8.766497    0.20558095]",,I pray for a miracle to happen for all of us on the ship.
362,7490,228,15,He should make sure and carefully use the flare gun to signal the rescue boat if they see it.,pg,4.0,97.3333333333333,Ahmed is the captain of a 50-passenger cruise ship. Four days into their trip they get caught in a storm and the engine breaks under the pressure. They are now stranded at sea. A rescue boat is on its way but might not arrive for a week. Their food supplies are quickly dwindling and Ahmed isn’t sure what to instruct the passengers and crew.,is the captain of a 50-passenger cruise ship . Four days into trip get caught in a storm and the engine breaks under the pressure . are now stranded at sea . A rescue boat is on way but might not arrive for a week . food supplies are quickly dwindling and isn ’ t sure what to instruct the passengers and crew . : make sure and carefully use the flare gun to signal the rescue boat if see .,-3.7549956,20.558413,3.571077,7.382475,13.183368,1.7541442,1.2363424,-2.497034,9.070445,-0.52311957,"[-3.754995584487915, 20.558412551879883, 3.5710771083831787, 7.382474899291992, 13.183367729187012, 1.7541441917419434, 1.236342430114746, -2.4970340728759766, 9.07044506072998, -0.5231195688247681]",10.140887,17.781107,1,"[-3.9400773 20.582375   3.681353   7.343179  12.986776   1.7244117
  1.1226583 -2.1522439  8.818167  -0.388404 ]",,I pray for a miracle to happen for all of us on the ship.
363,7491,237,15,desperately radio for help,pg,4.0,71.6666666666667,Ahmed is the captain of a 50-passenger cruise ship. Four days into their trip they get caught in a storm and the engine breaks under the pressure. They are now stranded at sea. A rescue boat is on its way but might not arrive for a week. Their food supplies are quickly dwindling and Ahmed isn’t sure what to instruct the passengers and crew.,is the captain of a 50-passenger cruise ship . Four days into trip get caught in a storm and the engine breaks under the pressure . are now stranded at sea . A rescue boat is on way but might not arrive for a week . food supplies are quickly dwindling and isn ’ t sure what to instruct the passengers and crew . : desperately radio for help,-3.9805765,20.40726,3.4072566,7.4157133,12.8250475,1.5742466,1.0972974,-2.338953,9.204499,-0.7599838,"[-3.980576515197754, 20.40726089477539, 3.407256603240967, 7.415713310241699, 12.825047492980957, 1.5742466449737549, 1.0972974300384521, -2.3389530181884766, 9.204499244689941, -0.7599837779998779]",10.655545,17.568373,1,"[-3.9400773 20.582375   3.681353   7.343179  12.986776   1.7244117
  1.1226583 -2.1522439  8.818167  -0.388404 ]",,I pray for a miracle to happen for all of us on the ship.
364,7492,239,15,Try to get someone to come faster,pg,4.0,46.6666666666667,Ahmed is the captain of a 50-passenger cruise ship. Four days into their trip they get caught in a storm and the engine breaks under the pressure. They are now stranded at sea. A rescue boat is on its way but might not arrive for a week. Their food supplies are quickly dwindling and Ahmed isn’t sure what to instruct the passengers and crew.,is the captain of a 50-passenger cruise ship . Four days into trip get caught in a storm and the engine breaks under the pressure . are now stranded at sea . A rescue boat is on way but might not arrive for a week . food supplies are quickly dwindling and isn ’ t sure what to instruct the passengers and crew . : Try to get someone to come faster,-3.9780505,20.54657,3.7137117,7.318888,13.019215,1.8329105,1.0135729,-2.0849192,8.838901,-0.79551435,"[-3.978050470352173, 20.54656982421875, 3.713711738586426, 7.318888187408447, 13.019214630126953, 1.8329105377197266, 1.0135729312896729, -2.0849192142486572, 8.838900566101074, -0.7955143451690674]",10.376487,17.769644,1,"[-3.9400773 20.582375   3.681353   7.343179  12.986776   1.7244117
  1.1226583 -2.1522439  8.818167  -0.388404 ]",,I pray for a miracle to happen for all of us on the ship.
365,7493,252,15,Get the attention of other boats in the area,pg,4.0,98.0,Ahmed is the captain of a 50-passenger cruise ship. Four days into their trip they get caught in a storm and the engine breaks under the pressure. They are now stranded at sea. A rescue boat is on its way but might not arrive for a week. Their food supplies are quickly dwindling and Ahmed isn’t sure what to instruct the passengers and crew.,is the captain of a 50-passenger cruise ship . Four days into trip get caught in a storm and the engine breaks under the pressure . are now stranded at sea . A rescue boat is on way but might not arrive for a week . food supplies are quickly dwindling and isn ’ t sure what to instruct the passengers and crew . : Get the attention of other boats in the area,-3.8930185,20.386621,3.6386347,7.391433,13.0272455,1.695342,1.2532007,-2.2149072,9.067802,-0.36380377,"[-3.8930184841156006, 20.386621475219727, 3.63863468170166, 7.391432762145996, 13.02724552154541, 1.695341944694519, 1.253200650215149, -2.214907169342041, 9.067802429199219, -0.36380377411842346]",10.336199,17.858028,1,"[-3.9400773 20.582375   3.681353   7.343179  12.986776   1.7244117
  1.1226583 -2.1522439  8.818167  -0.388404 ]",,I pray for a miracle to happen for all of us on the ship.
366,7494,265,15,find a way to drift the boat towards the rescue ship to make the rescue happen quicker,pg,4.0,84.6666666666667,Ahmed is the captain of a 50-passenger cruise ship. Four days into their trip they get caught in a storm and the engine breaks under the pressure. They are now stranded at sea. A rescue boat is on its way but might not arrive for a week. Their food supplies are quickly dwindling and Ahmed isn’t sure what to instruct the passengers and crew.,is the captain of a 50-passenger cruise ship . Four days into trip get caught in a storm and the engine breaks under the pressure . are now stranded at sea . A rescue boat is on way but might not arrive for a week . food supplies are quickly dwindling and isn ’ t sure what to instruct the passengers and crew . : find a way to drift the boat towards the rescue ship to make the rescue happen quicker,-4.128575,20.36116,3.8190343,7.160265,12.945889,1.7110835,0.949676,-1.9512656,8.767769,-0.28733978,"[-4.128574848175049, 20.361160278320312, 3.8190343379974365, 7.16026496887207, 12.945889472961426, 1.7110835313796997, 0.949675977230072, -1.951265573501587, 8.767768859863281, -0.2873397767543793]",10.962113,18.419472,1,"[-3.9400773 20.582375   3.681353   7.343179  12.986776   1.7244117
  1.1226583 -2.1522439  8.818167  -0.388404 ]",,I pray for a miracle to happen for all of us on the ship.
367,7495,271,15,Call for other ships on the radio,pg,4.0,91.6666666666667,Ahmed is the captain of a 50-passenger cruise ship. Four days into their trip they get caught in a storm and the engine breaks under the pressure. They are now stranded at sea. A rescue boat is on its way but might not arrive for a week. Their food supplies are quickly dwindling and Ahmed isn’t sure what to instruct the passengers and crew.,is the captain of a 50-passenger cruise ship . Four days into trip get caught in a storm and the engine breaks under the pressure . are now stranded at sea . A rescue boat is on way but might not arrive for a week . food supplies are quickly dwindling and isn ’ t sure what to instruct the passengers and crew . : Call for other ships on the radio,-3.98006,20.415243,3.4261358,7.4022536,12.862168,1.5748371,1.0971091,-2.3281627,9.1934185,-0.7316287,"[-3.98006010055542, 20.41524314880371, 3.426135778427124, 7.4022536277771, 12.862168312072754, 1.5748370885849, 1.097109079360962, -2.328162670135498, 9.193418502807617, -0.7316287159919739]",10.600669,17.527699,1,"[-3.9400773 20.582375   3.681353   7.343179  12.986776   1.7244117
  1.1226583 -2.1522439  8.818167  -0.388404 ]",,I pray for a miracle to happen for all of us on the ship.
368,7496,276,15,look for passing ships to help,pg,4.0,93.3333333333333,Ahmed is the captain of a 50-passenger cruise ship. Four days into their trip they get caught in a storm and the engine breaks under the pressure. They are now stranded at sea. A rescue boat is on its way but might not arrive for a week. Their food supplies are quickly dwindling and Ahmed isn’t sure what to instruct the passengers and crew.,is the captain of a 50-passenger cruise ship . Four days into trip get caught in a storm and the engine breaks under the pressure . are now stranded at sea . A rescue boat is on way but might not arrive for a week . food supplies are quickly dwindling and isn ’ t sure what to instruct the passengers and crew . : look for passing ships to help,-4.00086,20.42472,3.5489662,7.3925476,12.884243,1.5729609,1.1926916,-2.1828234,9.054589,-0.28799784,"[-4.000860214233398, 20.424720764160156, 3.5489661693573, 7.392547607421875, 12.88424301147461, 1.5729608535766602, 1.1926915645599365, -2.182823419570923, 9.05458927154541, -0.287997841835022]",10.716604,18.04652,1,"[-3.9400773 20.582375   3.681353   7.343179  12.986776   1.7244117
  1.1226583 -2.1522439  8.818167  -0.388404 ]",,I pray for a miracle to happen for all of us on the ship.
369,7497,293,15,Scream for help,pg,4.0,83.3333333333333,Ahmed is the captain of a 50-passenger cruise ship. Four days into their trip they get caught in a storm and the engine breaks under the pressure. They are now stranded at sea. A rescue boat is on its way but might not arrive for a week. Their food supplies are quickly dwindling and Ahmed isn’t sure what to instruct the passengers and crew.,is the captain of a 50-passenger cruise ship . Four days into trip get caught in a storm and the engine breaks under the pressure . are now stranded at sea . A rescue boat is on way but might not arrive for a week . food supplies are quickly dwindling and isn ’ t sure what to instruct the passengers and crew . : Scream for help,-3.8062637,20.740692,3.6266897,7.5000587,12.994212,1.8368042,1.2295421,-2.3188345,8.828356,-0.70288366,"[-3.8062636852264404, 20.740692138671875, 3.6266896724700928, 7.500058650970459, 12.99421215057373, 1.8368041515350342, 1.2295421361923218, -2.3188345432281494, 8.82835578918457, -0.7028836607933044]",10.153102,17.738255,1,"[-3.9400773 20.582375   3.681353   7.343179  12.986776   1.7244117
  1.1226583 -2.1522439  8.818167  -0.388404 ]",,I pray for a miracle to happen for all of us on the ship.
370,7498,308,15,Radio for help from other ships,pg,4.0,98.3333333333333,Ahmed is the captain of a 50-passenger cruise ship. Four days into their trip they get caught in a storm and the engine breaks under the pressure. They are now stranded at sea. A rescue boat is on its way but might not arrive for a week. Their food supplies are quickly dwindling and Ahmed isn’t sure what to instruct the passengers and crew.,is the captain of a 50-passenger cruise ship . Four days into trip get caught in a storm and the engine breaks under the pressure . are now stranded at sea . A rescue boat is on way but might not arrive for a week . food supplies are quickly dwindling and isn ’ t sure what to instruct the passengers and crew . : Radio for help from other ships,-3.976692,20.457487,3.4758098,7.399321,12.858624,1.5892082,1.1152496,-2.2772958,9.103843,-0.6266514,"[-3.976691961288452, 20.457487106323242, 3.4758098125457764, 7.39932107925415, 12.858624458312988, 1.5892082452774048, 1.1152496337890625, -2.2772958278656006, 9.103842735290527, -0.626651406288147]",10.675371,17.782726,1,"[-3.9400773 20.582375   3.681353   7.343179  12.986776   1.7244117
  1.1226583 -2.1522439  8.818167  -0.388404 ]",,I pray for a miracle to happen for all of us on the ship.
371,7499,218,15,ask for air lifted supplies,pg,5.0,82.3333333333333,Ahmed is the captain of a 50-passenger cruise ship. Four days into their trip they get caught in a storm and the engine breaks under the pressure. They are now stranded at sea. A rescue boat is on its way but might not arrive for a week. Their food supplies are quickly dwindling and Ahmed isn’t sure what to instruct the passengers and crew.,is the captain of a 50-passenger cruise ship . Four days into trip get caught in a storm and the engine breaks under the pressure . are now stranded at sea . A rescue boat is on way but might not arrive for a week . food supplies are quickly dwindling and isn ’ t sure what to instruct the passengers and crew . : ask for air lifted supplies,-3.7636273,20.637989,3.414787,7.543944,12.797984,1.3152441,1.3719356,-2.3691716,9.077438,0.3787954,"[-3.763627290725708, 20.637989044189453, 3.4147870540618896, 7.543943881988525, 12.79798412322998, 1.3152440786361694, 1.3719356060028076, -2.369171619415283, 9.077438354492188, 0.3787953853607178]",10.059112,19.784374,1,"[-3.6445827  20.663752    3.607818    7.4420924  12.94147     1.6022452
  1.3908336  -2.3558006   8.766497    0.20558095]",,I pray for a miracle to happen for all of us on the ship.
372,7500,223,15,Radio for more help.,pg,5.0,100.0,Ahmed is the captain of a 50-passenger cruise ship. Four days into their trip they get caught in a storm and the engine breaks under the pressure. They are now stranded at sea. A rescue boat is on its way but might not arrive for a week. Their food supplies are quickly dwindling and Ahmed isn’t sure what to instruct the passengers and crew.,is the captain of a 50-passenger cruise ship . Four days into trip get caught in a storm and the engine breaks under the pressure . are now stranded at sea . A rescue boat is on way but might not arrive for a week . food supplies are quickly dwindling and isn ’ t sure what to instruct the passengers and crew . : Radio for more help .,-3.9880862,20.583601,3.481105,7.4123096,12.80693,1.6107327,1.1002665,-2.271826,8.987136,-0.6448749,"[-3.988086223602295, 20.583600997924805, 3.481105089187622, 7.412309646606445, 12.806929588317871, 1.6107326745986938, 1.100266456604004, -2.2718260288238525, 8.987135887145996, -0.6448748707771301]",10.613931,17.557306,1,"[-3.9400773 20.582375   3.681353   7.343179  12.986776   1.7244117
  1.1226583 -2.1522439  8.818167  -0.388404 ]",,I pray for a miracle to happen for all of us on the ship.
373,7501,226,15,Radio the Coast Guard,pg,5.0,100.0,Ahmed is the captain of a 50-passenger cruise ship. Four days into their trip they get caught in a storm and the engine breaks under the pressure. They are now stranded at sea. A rescue boat is on its way but might not arrive for a week. Their food supplies are quickly dwindling and Ahmed isn’t sure what to instruct the passengers and crew.,is the captain of a 50-passenger cruise ship . Four days into trip get caught in a storm and the engine breaks under the pressure . are now stranded at sea . A rescue boat is on way but might not arrive for a week . food supplies are quickly dwindling and isn ’ t sure what to instruct the passengers and crew . : Radio the Coast Guard,-3.9244306,20.522415,3.4919913,7.4246526,12.751992,1.639319,1.1359245,-2.2742856,9.021871,-0.7387533,"[-3.9244306087493896, 20.522415161132812, 3.4919912815093994, 7.424652576446533, 12.751992225646973, 1.6393189430236816, 1.1359244585037231, -2.2742855548858643, 9.021870613098145, -0.7387533187866211]",10.50717,17.613197,1,"[-3.9400773 20.582375   3.681353   7.343179  12.986776   1.7244117
  1.1226583 -2.1522439  8.818167  -0.388404 ]",,I pray for a miracle to happen for all of us on the ship.
374,7502,254,15,try to get emergency flares up,pg,5.0,92.6666666666667,Ahmed is the captain of a 50-passenger cruise ship. Four days into their trip they get caught in a storm and the engine breaks under the pressure. They are now stranded at sea. A rescue boat is on its way but might not arrive for a week. Their food supplies are quickly dwindling and Ahmed isn’t sure what to instruct the passengers and crew.,is the captain of a 50-passenger cruise ship . Four days into trip get caught in a storm and the engine breaks under the pressure . are now stranded at sea . A rescue boat is on way but might not arrive for a week . food supplies are quickly dwindling and isn ’ t sure what to instruct the passengers and crew . : try to get emergency flares up,-3.7477303,20.631197,3.6132903,7.4341264,13.222827,1.7808242,1.2818017,-2.477712,9.024553,-0.44105056,"[-3.747730255126953, 20.631196975708008, 3.613290309906006, 7.434126377105713, 13.222826957702637, 1.7808241844177246, 1.281801700592041, -2.4777119159698486, 9.024553298950195, -0.44105055928230286]",9.944001,17.954285,1,"[-3.9400773 20.582375   3.681353   7.343179  12.986776   1.7244117
  1.1226583 -2.1522439  8.818167  -0.388404 ]",,I pray for a miracle to happen for all of us on the ship.
375,7503,303,15,Ahmed should ask over the radio for an air drop of food.,pg,5.0,100.0,Ahmed is the captain of a 50-passenger cruise ship. Four days into their trip they get caught in a storm and the engine breaks under the pressure. They are now stranded at sea. A rescue boat is on its way but might not arrive for a week. Their food supplies are quickly dwindling and Ahmed isn’t sure what to instruct the passengers and crew.,is the captain of a 50-passenger cruise ship . Four days into trip get caught in a storm and the engine breaks under the pressure . are now stranded at sea . A rescue boat is on way but might not arrive for a week . food supplies are quickly dwindling and isn ’ t sure what to instruct the passengers and crew . : ask over the radio for an air drop of food .,-2.6785638,21.257055,3.6191556,8.102631,12.881916,0.83399606,2.0180423,-2.8649797,8.54391,2.7671082,"[-2.6785638332366943, 21.257055282592773, 3.6191556453704834, 8.102630615234375, 12.881916046142578, 0.833996057510376, 2.0180423259735107, -2.8649797439575195, 8.543910026550293, 2.767108201980591]",9.192319,23.761183,0,"[-2.7724068 21.371      3.7459974  7.9590554 12.884674   0.7567073
  2.0065956 -2.9518974  8.444245   3.1534615]",,Do some math and ration food
376,7504,308,15,Raise an emergency flag,pg,5.0,100.0,Ahmed is the captain of a 50-passenger cruise ship. Four days into their trip they get caught in a storm and the engine breaks under the pressure. They are now stranded at sea. A rescue boat is on its way but might not arrive for a week. Their food supplies are quickly dwindling and Ahmed isn’t sure what to instruct the passengers and crew.,is the captain of a 50-passenger cruise ship . Four days into trip get caught in a storm and the engine breaks under the pressure . are now stranded at sea . A rescue boat is on way but might not arrive for a week . food supplies are quickly dwindling and isn ’ t sure what to instruct the passengers and crew . : Raise an emergency flag,-3.6843338,20.410633,3.66836,7.393842,13.163578,1.8235257,1.3622837,-2.4012508,9.0388775,-0.4812806,"[-3.6843338012695312, 20.410633087158203, 3.6683599948883057, 7.3938422203063965, 13.163578033447266, 1.8235256671905518, 1.362283706665039, -2.4012508392333984, 9.038877487182617, -0.4812805950641632]",9.926809,17.820429,1,"[-3.9400773 20.582375   3.681353   7.343179  12.986776   1.7244117
  1.1226583 -2.1522439  8.818167  -0.388404 ]",,I pray for a miracle to happen for all of us on the ship.
377,7505,310,15,Send out an SOS to see if anyone nearby can bring supplies sooner,pg,5.0,93.3333333333333,Ahmed is the captain of a 50-passenger cruise ship. Four days into their trip they get caught in a storm and the engine breaks under the pressure. They are now stranded at sea. A rescue boat is on its way but might not arrive for a week. Their food supplies are quickly dwindling and Ahmed isn’t sure what to instruct the passengers and crew.,is the captain of a 50-passenger cruise ship . Four days into trip get caught in a storm and the engine breaks under the pressure . are now stranded at sea . A rescue boat is on way but might not arrive for a week . food supplies are quickly dwindling and isn ’ t sure what to instruct the passengers and crew . : Send out an SOS to see if anyone nearby can bring supplies sooner,-3.7798,20.481682,3.5302546,7.5022454,12.942981,1.5203046,1.3660738,-2.3165238,9.065538,-0.03265714,"[-3.7797999382019043, 20.48168182373047, 3.530254602432251, 7.5022454261779785, 12.942980766296387, 1.520304560661316, 1.3660738468170166, -2.316523790359497, 9.06553840637207, -0.032657139003276825]",10.4404745,18.017578,1,"[-3.6445827  20.663752    3.607818    7.4420924  12.94147     1.6022452
  1.3908336  -2.3558006   8.766497    0.20558095]",,I pray for a miracle to happen for all of us on the ship.
378,8029,231,15,Lie to them to keep them calm,pg,1.0,36.3333333333333,Ahmed is the captain of a 50-passenger cruise ship. Four days into their trip they get caught in a storm and the engine breaks under the pressure. They are now stranded at sea. A rescue boat is on its way but might not arrive for a week. Their food supplies are quickly dwindling and Ahmed isn’t sure what to instruct the passengers and crew.,is the captain of a 50-passenger cruise ship . Four days into trip get caught in a storm and the engine breaks under the pressure . are now stranded at sea . A rescue boat is on way but might not arrive for a week . food supplies are quickly dwindling and isn ’ t sure what to instruct the passengers and crew . : Lie to to keep calm,-2.950501,20.912144,4.287286,7.4182625,13.392915,2.6816766,1.6437546,-2.3924842,8.086332,-0.7457267,"[-2.950500965118408, 20.91214370727539, 4.287285804748535, 7.418262481689453, 13.392914772033691, 2.6816766262054443, 1.6437546014785767, -2.392484188079834, 8.086332321166992, -0.7457267045974731]",8.179499,18.325794,1,"[-3.013786  20.806538   4.227114   7.3947954 13.269682   2.550066
  1.6250464 -2.287486   8.090393  -0.648244 ]",,I pray for a miracle to happen for all of us on the ship.
379,8030,295,15,Lie to keep everyone safe,pg,1.0,64.3333333333333,Ahmed is the captain of a 50-passenger cruise ship. Four days into their trip they get caught in a storm and the engine breaks under the pressure. They are now stranded at sea. A rescue boat is on its way but might not arrive for a week. Their food supplies are quickly dwindling and Ahmed isn’t sure what to instruct the passengers and crew.,is the captain of a 50-passenger cruise ship . Four days into trip get caught in a storm and the engine breaks under the pressure . are now stranded at sea . A rescue boat is on way but might not arrive for a week . food supplies are quickly dwindling and isn ’ t sure what to instruct the passengers and crew . : Lie to keep everyone safe,-2.9640028,20.891855,4.331516,7.385779,13.322594,2.702777,1.6231027,-2.3101878,8.005332,-0.7333439,"[-2.964002847671509, 20.891855239868164, 4.331515789031982, 7.385778903961182, 13.322593688964844, 2.7027769088745117, 1.6231026649475098, -2.310187816619873, 8.005331993103027, -0.7333438992500305]",8.172674,18.468794,1,"[-3.013786  20.806538   4.227114   7.3947954 13.269682   2.550066
  1.6250464 -2.287486   8.090393  -0.648244 ]",,I pray for a miracle to happen for all of us on the ship.
380,8031,280,15,Ahmed could lie to everyone to prevent panic.,pg,2.0,48.3333333333333,Ahmed is the captain of a 50-passenger cruise ship. Four days into their trip they get caught in a storm and the engine breaks under the pressure. They are now stranded at sea. A rescue boat is on its way but might not arrive for a week. Their food supplies are quickly dwindling and Ahmed isn’t sure what to instruct the passengers and crew.,is the captain of a 50-passenger cruise ship . Four days into trip get caught in a storm and the engine breaks under the pressure . are now stranded at sea . A rescue boat is on way but might not arrive for a week . food supplies are quickly dwindling and isn ’ t sure what to instruct the passengers and crew . : lie to everyone to prevent panic .,-2.9714954,20.845215,4.2897577,7.3849773,13.274868,2.6482549,1.6344042,-2.2809622,8.0052595,-0.71442676,"[-2.9714953899383545, 20.84521484375, 4.28975772857666, 7.384977340698242, 13.27486801147461, 2.648254871368408, 1.634404182434082, -2.2809622287750244, 8.00525951385498, -0.7144267559051514]",8.230444,18.481548,1,"[-3.013786  20.806538   4.227114   7.3947954 13.269682   2.550066
  1.6250464 -2.287486   8.090393  -0.648244 ]",,I pray for a miracle to happen for all of us on the ship.
381,8032,302,15,Lie to them ,pg,2.0,1.66666666666667,Ahmed is the captain of a 50-passenger cruise ship. Four days into their trip they get caught in a storm and the engine breaks under the pressure. They are now stranded at sea. A rescue boat is on its way but might not arrive for a week. Their food supplies are quickly dwindling and Ahmed isn’t sure what to instruct the passengers and crew.,is the captain of a 50-passenger cruise ship . Four days into trip get caught in a storm and the engine breaks under the pressure . are now stranded at sea . A rescue boat is on way but might not arrive for a week . food supplies are quickly dwindling and isn ’ t sure what to instruct the passengers and crew . : Lie to,-2.941622,20.880629,4.3411303,7.3803735,13.27686,2.7155967,1.6360619,-2.2761097,7.9589415,-0.7555164,"[-2.941622018814087, 20.88062858581543, 4.341130256652832, 7.380373477935791, 13.276860237121582, 2.7155966758728027, 1.6360619068145752, -2.2761096954345703, 7.958941459655762, -0.7555164098739624]",8.145387,18.433517,1,"[-3.013786  20.806538   4.227114   7.3947954 13.269682   2.550066
  1.6250464 -2.287486   8.090393  -0.648244 ]",,I pray for a miracle to happen for all of us on the ship.
382,8033,303,15,"Ahmed should limit food, lying to them and saying they have a lot but they want to be safe.",pg,2.0,69.6666666666667,Ahmed is the captain of a 50-passenger cruise ship. Four days into their trip they get caught in a storm and the engine breaks under the pressure. They are now stranded at sea. A rescue boat is on its way but might not arrive for a week. Their food supplies are quickly dwindling and Ahmed isn’t sure what to instruct the passengers and crew.,"is the captain of a 50-passenger cruise ship . Four days into trip get caught in a storm and the engine breaks under the pressure . are now stranded at sea . A rescue boat is on way but might not arrive for a week . food supplies are quickly dwindling and isn ’ t sure what to instruct the passengers and crew . : limit food , lying to and saying have a lot but want to be safe .",-2.5526922,21.349758,3.8544855,8.208802,13.034919,0.93652767,2.102221,-3.065504,8.09987,3.4067893,"[-2.552692174911499, 21.34975814819336, 3.854485511779785, 8.208802223205566, 13.034918785095215, 0.936527669429779, 2.1022210121154785, -3.0655040740966797, 8.099869728088379, 3.4067893028259277]",8.916583,24.244562,0,"[-2.539899   21.376513    3.7032785   8.16124    13.059622    0.74750316
  2.236266   -3.401897    8.24102     3.61381   ]",,Do some math and ration food
383,8034,281,15,Lie to the passengers and say help is going to arrive sooner than it really will. ,pg,3.0,9.33333333333333,Ahmed is the captain of a 50-passenger cruise ship. Four days into their trip they get caught in a storm and the engine breaks under the pressure. They are now stranded at sea. A rescue boat is on its way but might not arrive for a week. Their food supplies are quickly dwindling and Ahmed isn’t sure what to instruct the passengers and crew.,is the captain of a 50-passenger cruise ship . Four days into trip get caught in a storm and the engine breaks under the pressure . are now stranded at sea . A rescue boat is on way but might not arrive for a week . food supplies are quickly dwindling and isn ’ t sure what to instruct the passengers and crew . : Lie to the passengers and say help is going to arrive sooner than really will .,-3.0353537,20.839872,4.241933,7.392864,13.322218,2.5848184,1.6014227,-2.304037,8.090748,-0.7080903,"[-3.035353660583496, 20.839872360229492, 4.2419328689575195, 7.392864227294922, 13.32221794128418, 2.5848183631896973, 1.601422667503357, -2.304037094116211, 8.090747833251953, -0.7080903053283691]",8.154705,18.43024,1,"[-3.013786  20.806538   4.227114   7.3947954 13.269682   2.550066
  1.6250464 -2.287486   8.090393  -0.648244 ]",,I pray for a miracle to happen for all of us on the ship.
384,8035,240,15,don't tell them it will be a week before rescue as not to alarm them,pg,4.0,33.6666666666667,Ahmed is the captain of a 50-passenger cruise ship. Four days into their trip they get caught in a storm and the engine breaks under the pressure. They are now stranded at sea. A rescue boat is on its way but might not arrive for a week. Their food supplies are quickly dwindling and Ahmed isn’t sure what to instruct the passengers and crew.,is the captain of a 50-passenger cruise ship . Four days into trip get caught in a storm and the engine breaks under the pressure . are now stranded at sea . A rescue boat is on way but might not arrive for a week . food supplies are quickly dwindling and isn ’ t sure what to instruct the passengers and crew . : do n't tell will be a week before rescue as not to alarm,-3.119572,20.75298,4.1807933,7.398164,13.363819,2.4302468,1.5816629,-2.2961645,8.27192,-0.45567212,"[-3.1195719242095947, 20.752979278564453, 4.180793285369873, 7.398163795471191, 13.363819122314453, 2.4302468299865723, 1.581662893295288, -2.2961645126342773, 8.271920204162598, -0.45567211508750916]",8.737784,18.507627,1,"[-3.013786  20.806538   4.227114   7.3947954 13.269682   2.550066
  1.6250464 -2.287486   8.090393  -0.648244 ]",,I pray for a miracle to happen for all of us on the ship.
385,8036,241,15,Tell them he doesn't know anything about the supplies.,pg,4.0,0.0,Ahmed is the captain of a 50-passenger cruise ship. Four days into their trip they get caught in a storm and the engine breaks under the pressure. They are now stranded at sea. A rescue boat is on its way but might not arrive for a week. Their food supplies are quickly dwindling and Ahmed isn’t sure what to instruct the passengers and crew.,is the captain of a 50-passenger cruise ship . Four days into trip get caught in a storm and the engine breaks under the pressure . are now stranded at sea . A rescue boat is on way but might not arrive for a week . food supplies are quickly dwindling and isn ’ t sure what to instruct the passengers and crew . : Tell does n't know anything about the supplies .,-3.6432147,20.790236,3.3935356,7.6328964,12.776738,1.3148043,1.486063,-2.4293962,8.901036,0.48036113,"[-3.643214702606201, 20.79023551940918, 3.393535614013672, 7.632896423339844, 12.776738166809082, 1.3148043155670166, 1.486063003540039, -2.429396152496338, 8.901036262512207, 0.48036113381385803]",9.780786,19.705723,1,"[-3.6445827  20.663752    3.607818    7.4420924  12.94147     1.6022452
  1.3908336  -2.3558006   8.766497    0.20558095]",,I pray for a miracle to happen for all of us on the ship.
386,8037,257,15,Lie about the status,pg,4.0,2.0,Ahmed is the captain of a 50-passenger cruise ship. Four days into their trip they get caught in a storm and the engine breaks under the pressure. They are now stranded at sea. A rescue boat is on its way but might not arrive for a week. Their food supplies are quickly dwindling and Ahmed isn’t sure what to instruct the passengers and crew.,is the captain of a 50-passenger cruise ship . Four days into trip get caught in a storm and the engine breaks under the pressure . are now stranded at sea . A rescue boat is on way but might not arrive for a week . food supplies are quickly dwindling and isn ’ t sure what to instruct the passengers and crew . : Lie about the status,-2.949708,20.896267,4.343023,7.376121,13.314852,2.7155986,1.6259279,-2.2994268,7.9762173,-0.7480153,"[-2.9497079849243164, 20.89626693725586, 4.34302282333374, 7.3761210441589355, 13.314851760864258, 2.7155985832214355, 1.6259279251098633, -2.299426794052124, 7.976217269897461, -0.748015284538269]",8.117405,18.4163,1,"[-3.013786  20.806538   4.227114   7.3947954 13.269682   2.550066
  1.6250464 -2.287486   8.090393  -0.648244 ]",,I pray for a miracle to happen for all of us on the ship.
387,8038,282,15,lie to them and say they'll be rescued soon,pg,4.0,60.3333333333333,Ahmed is the captain of a 50-passenger cruise ship. Four days into their trip they get caught in a storm and the engine breaks under the pressure. They are now stranded at sea. A rescue boat is on its way but might not arrive for a week. Their food supplies are quickly dwindling and Ahmed isn’t sure what to instruct the passengers and crew.,is the captain of a 50-passenger cruise ship . Four days into trip get caught in a storm and the engine breaks under the pressure . are now stranded at sea . A rescue boat is on way but might not arrive for a week . food supplies are quickly dwindling and isn ’ t sure what to instruct the passengers and crew . : lie to and say 'll be rescued soon,-2.9833186,20.853373,4.2930584,7.3973856,13.295833,2.651028,1.6248512,-2.298884,8.031578,-0.7327003,"[-2.983318567276001, 20.85337257385254, 4.293058395385742, 7.397385597229004, 13.295832633972168, 2.6510279178619385, 1.6248512268066406, -2.2988839149475098, 8.031578063964844, -0.7327002882957458]",8.167012,18.498365,1,"[-3.013786  20.806538   4.227114   7.3947954 13.269682   2.550066
  1.6250464 -2.287486   8.090393  -0.648244 ]",,I pray for a miracle to happen for all of us on the ship.
388,8039,291,15,Don't say anything and lie about the situation and decide what to do spontaneously,pg,5.0,1.0,Ahmed is the captain of a 50-passenger cruise ship. Four days into their trip they get caught in a storm and the engine breaks under the pressure. They are now stranded at sea. A rescue boat is on its way but might not arrive for a week. Their food supplies are quickly dwindling and Ahmed isn’t sure what to instruct the passengers and crew.,is the captain of a 50-passenger cruise ship . Four days into trip get caught in a storm and the engine breaks under the pressure . are now stranded at sea . A rescue boat is on way but might not arrive for a week . food supplies are quickly dwindling and isn ’ t sure what to instruct the passengers and crew . : Do n't say anything and lie about the situation and decide what to do spontaneously,-3.1156976,20.764107,4.210497,7.3317585,13.341455,2.4364767,1.5401769,-2.343647,8.189948,-0.4044484,"[-3.1156976222991943, 20.76410675048828, 4.21049690246582, 7.331758499145508, 13.341455459594727, 2.436476707458496, 1.5401768684387207, -2.343647003173828, 8.189948081970215, -0.40444839000701904]",8.710152,18.477818,1,"[-3.013786  20.806538   4.227114   7.3947954 13.269682   2.550066
  1.6250464 -2.287486   8.090393  -0.648244 ]",,I pray for a miracle to happen for all of us on the ship.
389,8454,267,15,He could hide the food for himself,pg,2.0,9.0,Ahmed is the captain of a 50-passenger cruise ship. Four days into their trip they get caught in a storm and the engine breaks under the pressure. They are now stranded at sea. A rescue boat is on its way but might not arrive for a week. Their food supplies are quickly dwindling and Ahmed isn’t sure what to instruct the passengers and crew.,is the captain of a 50-passenger cruise ship . Four days into trip get caught in a storm and the engine breaks under the pressure . are now stranded at sea . A rescue boat is on way but might not arrive for a week . food supplies are quickly dwindling and isn ’ t sure what to instruct the passengers and crew . : hide the food for,-2.6271892,21.18241,3.782653,8.172177,13.119609,0.7946546,2.1202366,-3.6333096,8.253828,3.6175067,"[-2.6271891593933105, 21.182409286499023, 3.7826530933380127, 8.1721773147583, 13.119608879089355, 0.7946546077728271, 2.12023663520813, -3.6333096027374268, 8.253828048706055, 3.617506742477417]",8.915017,24.513504,0,"[-2.539899   21.376513    3.7032785   8.16124    13.059622    0.74750316
  2.236266   -3.401897    8.24102     3.61381   ]",,Do some math and ration food
390,8455,292,15,Stow away in his cabin with all the food for himeslf.,pg,4.0,3.66666666666667,Ahmed is the captain of a 50-passenger cruise ship. Four days into their trip they get caught in a storm and the engine breaks under the pressure. They are now stranded at sea. A rescue boat is on its way but might not arrive for a week. Their food supplies are quickly dwindling and Ahmed isn’t sure what to instruct the passengers and crew.,is the captain of a 50-passenger cruise ship . Four days into trip get caught in a storm and the engine breaks under the pressure . are now stranded at sea . A rescue boat is on way but might not arrive for a week . food supplies are quickly dwindling and isn ’ t sure what to instruct the passengers and crew . : Stow away in cabin with all the food for himeslf .,-2.9143424,21.23939,3.6976244,7.8946013,12.925982,0.83603644,1.9701407,-3.0868564,8.48844,2.9765816,"[-2.9143424034118652, 21.239389419555664, 3.697624444961548, 7.894601345062256, 12.925982475280762, 0.8360364437103271, 1.9701406955718994, -3.0868563652038574, 8.488439559936523, 2.976581573486328]",9.44511,23.93515,0,"[-2.7724068 21.371      3.7459974  7.9590554 12.884674   0.7567073
  2.0065956 -2.9518974  8.444245   3.1534615]",,Do some math and ration food
391,8456,310,15,Hide enough food for the crew before telling the passengers what is happening,pg,4.0,30.0,Ahmed is the captain of a 50-passenger cruise ship. Four days into their trip they get caught in a storm and the engine breaks under the pressure. They are now stranded at sea. A rescue boat is on its way but might not arrive for a week. Their food supplies are quickly dwindling and Ahmed isn’t sure what to instruct the passengers and crew.,is the captain of a 50-passenger cruise ship . Four days into trip get caught in a storm and the engine breaks under the pressure . are now stranded at sea . A rescue boat is on way but might not arrive for a week . food supplies are quickly dwindling and isn ’ t sure what to instruct the passengers and crew . : Hide enough food for the crew before telling the passengers what is happening,-2.640508,21.127068,3.804957,8.175015,13.149419,0.84044427,2.0841374,-3.6515355,8.255338,3.532308,"[-2.640507936477661, 21.12706756591797, 3.8049569129943848, 8.175015449523926, 13.149418830871582, 0.8404442667961121, 2.084137439727783, -3.6515355110168457, 8.255337715148926, 3.5323081016540527]",8.81474,24.453611,0,"[-2.539899   21.376513    3.7032785   8.16124    13.059622    0.74750316
  2.236266   -3.401897    8.24102     3.61381   ]",,Do some math and ration food
392,8817,232,15,Resort to cannibalism,pg,1.0,17.3333333333333,Ahmed is the captain of a 50-passenger cruise ship. Four days into their trip they get caught in a storm and the engine breaks under the pressure. They are now stranded at sea. A rescue boat is on its way but might not arrive for a week. Their food supplies are quickly dwindling and Ahmed isn’t sure what to instruct the passengers and crew.,is the captain of a 50-passenger cruise ship . Four days into trip get caught in a storm and the engine breaks under the pressure . are now stranded at sea . A rescue boat is on way but might not arrive for a week . food supplies are quickly dwindling and isn ’ t sure what to instruct the passengers and crew . : Resort to cannibalism,-3.3424988,20.945084,4.085169,7.5894284,12.789448,0.698687,1.3882711,-2.5502405,8.461514,3.1783235,"[-3.342498779296875, 20.945083618164062, 4.085168838500977, 7.589428424835205, 12.789447784423828, 0.6986870169639587, 1.3882710933685303, -2.5502405166625977, 8.461514472961426, 3.17832350730896]",10.559664,24.025238,0,"[-3.1458452  21.047504    3.9430132   7.7608495  12.853509    0.69244516
  1.6887629  -2.9216924   8.4453125   3.4295208 ]",,Do some math and ration food
393,8818,271,15,Begin a cult of cannibals,pg,1.0,0.0,Ahmed is the captain of a 50-passenger cruise ship. Four days into their trip they get caught in a storm and the engine breaks under the pressure. They are now stranded at sea. A rescue boat is on its way but might not arrive for a week. Their food supplies are quickly dwindling and Ahmed isn’t sure what to instruct the passengers and crew.,is the captain of a 50-passenger cruise ship . Four days into trip get caught in a storm and the engine breaks under the pressure . are now stranded at sea . A rescue boat is on way but might not arrive for a week . food supplies are quickly dwindling and isn ’ t sure what to instruct the passengers and crew . : Begin a cult of cannibals,-3.3971207,20.912697,4.1217113,7.5405636,12.793509,0.731718,1.3227254,-2.5051534,8.470979,3.11513,"[-3.397120714187622, 20.912696838378906, 4.121711254119873, 7.540563583374023, 12.793508529663086, 0.7317180037498474, 1.3227254152297974, -2.5051534175872803, 8.470978736877441, 3.1151299476623535]",10.5994625,23.9737,0,"[-3.1458452  21.047504    3.9430132   7.7608495  12.853509    0.69244516
  1.6887629  -2.9216924   8.4453125   3.4295208 ]",,Do some math and ration food
394,8819,266,15,Figure out who gets eaten first.,pg,2.0,0.666666666666667,Ahmed is the captain of a 50-passenger cruise ship. Four days into their trip they get caught in a storm and the engine breaks under the pressure. They are now stranded at sea. A rescue boat is on its way but might not arrive for a week. Their food supplies are quickly dwindling and Ahmed isn’t sure what to instruct the passengers and crew.,is the captain of a 50-passenger cruise ship . Four days into trip get caught in a storm and the engine breaks under the pressure . are now stranded at sea . A rescue boat is on way but might not arrive for a week . food supplies are quickly dwindling and isn ’ t sure what to instruct the passengers and crew . : Figure out who gets eaten first .,-2.706455,21.487825,3.6017585,8.005942,12.571214,0.27116925,2.07345,-3.1063888,8.52391,3.9949114,"[-2.7064549922943115, 21.487825393676758, 3.6017584800720215, 8.005942344665527, 12.571213722229004, 0.2711692452430725, 2.0734500885009766, -3.106388807296753, 8.523909568786621, 3.9949114322662354]",9.591102,25.388184,0,"[-2.7441764 21.471848   3.8376455  8.027677  12.746755   0.5944112
  1.9096599 -3.0311432  8.425255   3.7557979]",,Do some math and ration food
395,8820,287,15,Eat crewmembers,pg,2.0,0.333333333333333,Ahmed is the captain of a 50-passenger cruise ship. Four days into their trip they get caught in a storm and the engine breaks under the pressure. They are now stranded at sea. A rescue boat is on its way but might not arrive for a week. Their food supplies are quickly dwindling and Ahmed isn’t sure what to instruct the passengers and crew.,is the captain of a 50-passenger cruise ship . Four days into trip get caught in a storm and the engine breaks under the pressure . are now stranded at sea . A rescue boat is on way but might not arrive for a week . food supplies are quickly dwindling and isn ’ t sure what to instruct the passengers and crew . : Eat crewmembers,-2.6564934,21.533834,4.0078573,7.960474,12.822606,0.47617835,1.782774,-2.9349933,8.466985,3.826314,"[-2.6564934253692627, 21.53383445739746, 4.007857322692871, 7.960474014282227, 12.822606086730957, 0.4761783480644226, 1.7827739715576172, -2.934993267059326, 8.466984748840332, 3.8263139724731445]",10.135992,24.846392,0,"[-2.7441764 21.471848   3.8376455  8.027677  12.746755   0.5944112
  1.9096599 -3.0311432  8.425255   3.7557979]",,Do some math and ration food
396,8821,224,15,Eat one person who died,pg,3.0,49.6666666666667,Ahmed is the captain of a 50-passenger cruise ship. Four days into their trip they get caught in a storm and the engine breaks under the pressure. They are now stranded at sea. A rescue boat is on its way but might not arrive for a week. Their food supplies are quickly dwindling and Ahmed isn’t sure what to instruct the passengers and crew.,is the captain of a 50-passenger cruise ship . Four days into trip get caught in a storm and the engine breaks under the pressure . are now stranded at sea . A rescue boat is on way but might not arrive for a week . food supplies are quickly dwindling and isn ’ t sure what to instruct the passengers and crew . : Eat one person who died,-2.8883007,21.359104,4.0299687,7.8229256,12.76325,0.47348806,1.6280278,-2.8796077,8.541067,3.7359943,"[-2.888300657272339, 21.35910415649414, 4.029968738555908, 7.822925567626953, 12.763250350952148, 0.47348806262016296, 1.6280277967453003, -2.879607677459717, 8.541067123413086, 3.735994338989258]",10.335653,24.700653,0,"[-2.7441764 21.471848   3.8376455  8.027677  12.746755   0.5944112
  1.9096599 -3.0311432  8.425255   3.7557979]",,Do some math and ration food
397,8822,235,15,Ahmed could tell the passengers to eat each other for food.,pg,3.0,0.0,Ahmed is the captain of a 50-passenger cruise ship. Four days into their trip they get caught in a storm and the engine breaks under the pressure. They are now stranded at sea. A rescue boat is on its way but might not arrive for a week. Their food supplies are quickly dwindling and Ahmed isn’t sure what to instruct the passengers and crew.,is the captain of a 50-passenger cruise ship . Four days into trip get caught in a storm and the engine breaks under the pressure . are now stranded at sea . A rescue boat is on way but might not arrive for a week . food supplies are quickly dwindling and isn ’ t sure what to instruct the passengers and crew . : tell the passengers to eat each other for food .,-2.6954913,21.463202,3.9971323,8.105497,12.740584,0.61782867,1.7392309,-3.0494735,8.381721,3.955704,"[-2.695491313934326, 21.46320152282715, 3.9971323013305664, 8.105497360229492, 12.740584373474121, 0.6178286671638489, 1.7392308712005615, -3.049473524093628, 8.381720542907715, 3.9557039737701416]",10.137238,24.933023,0,"[-2.7441764 21.471848   3.8376455  8.027677  12.746755   0.5944112
  1.9096599 -3.0311432  8.425255   3.7557979]",,Do some math and ration food
398,8823,284,15,He could kill people for food,pg,3.0,0.0,Ahmed is the captain of a 50-passenger cruise ship. Four days into their trip they get caught in a storm and the engine breaks under the pressure. They are now stranded at sea. A rescue boat is on its way but might not arrive for a week. Their food supplies are quickly dwindling and Ahmed isn’t sure what to instruct the passengers and crew.,is the captain of a 50-passenger cruise ship . Four days into trip get caught in a storm and the engine breaks under the pressure . are now stranded at sea . A rescue boat is on way but might not arrive for a week . food supplies are quickly dwindling and isn ’ t sure what to instruct the passengers and crew . : kill people for food,-4.0514383,20.401855,4.278823,7.1383142,12.98612,1.3940029,0.90297884,-1.8110615,8.270001,1.5494447,"[-4.051438331604004, 20.40185546875, 4.278822898864746, 7.138314247131348, 12.986120223999023, 1.394002914428711, 0.9029788374900818, -1.8110615015029907, 8.270001411437988, 1.5494446754455566]",11.049737,20.83588,1,"[-4.048797  20.437038   4.2164783  7.1701818 13.042211   1.5807805
  0.9519202 -1.7881687  8.2991705  0.8971675]",,I pray for a miracle to happen for all of us on the ship.
399,8824,210,15,kill and eat people,pg,4.0,1.0,Ahmed is the captain of a 50-passenger cruise ship. Four days into their trip they get caught in a storm and the engine breaks under the pressure. They are now stranded at sea. A rescue boat is on its way but might not arrive for a week. Their food supplies are quickly dwindling and Ahmed isn’t sure what to instruct the passengers and crew.,is the captain of a 50-passenger cruise ship . Four days into trip get caught in a storm and the engine breaks under the pressure . are now stranded at sea . A rescue boat is on way but might not arrive for a week . food supplies are quickly dwindling and isn ’ t sure what to instruct the passengers and crew . : kill and eat people,-3.9897773,20.438189,4.3094506,7.1564364,12.925821,1.2032607,0.9174045,-1.8801736,8.305113,1.985945,"[-3.9897773265838623, 20.438188552856445, 4.309450626373291, 7.156436443328857, 12.925821304321289, 1.2032606601715088, 0.9174044728279114, -1.8801735639572144, 8.305112838745117, 1.9859449863433838]",11.044153,21.129066,1,"[-4.048797  20.437038   4.2164783  7.1701818 13.042211   1.5807805
  0.9519202 -1.7881687  8.2991705  0.8971675]",,I pray for a miracle to happen for all of us on the ship.
400,8825,305,15,Instruct someone to volunteer to be eaten if food runs out.,pg,4.0,1.66666666666667,Ahmed is the captain of a 50-passenger cruise ship. Four days into their trip they get caught in a storm and the engine breaks under the pressure. They are now stranded at sea. A rescue boat is on its way but might not arrive for a week. Their food supplies are quickly dwindling and Ahmed isn’t sure what to instruct the passengers and crew.,is the captain of a 50-passenger cruise ship . Four days into trip get caught in a storm and the engine breaks under the pressure . are now stranded at sea . A rescue boat is on way but might not arrive for a week . food supplies are quickly dwindling and isn ’ t sure what to instruct the passengers and crew . : Instruct someone to volunteer to be eaten if food runs out .,-2.8619509,21.38885,3.9389622,8.052757,12.736446,0.74737024,1.736167,-3.189647,8.427069,3.8498323,"[-2.8619508743286133, 21.38884925842285, 3.93896222114563, 8.052757263183594, 12.736446380615234, 0.7473702430725098, 1.7361669540405273, -3.1896469593048096, 8.427068710327148, 3.84983229637146]",9.955429,24.806902,0,"[-2.7441764 21.471848   3.8376455  8.027677  12.746755   0.5944112
  1.9096599 -3.0311432  8.425255   3.7557979]",,Do some math and ration food
401,8826,224,15,Kill a passenger for food,pg,5.0,28.0,Ahmed is the captain of a 50-passenger cruise ship. Four days into their trip they get caught in a storm and the engine breaks under the pressure. They are now stranded at sea. A rescue boat is on its way but might not arrive for a week. Their food supplies are quickly dwindling and Ahmed isn’t sure what to instruct the passengers and crew.,is the captain of a 50-passenger cruise ship . Four days into trip get caught in a storm and the engine breaks under the pressure . are now stranded at sea . A rescue boat is on way but might not arrive for a week . food supplies are quickly dwindling and isn ’ t sure what to instruct the passengers and crew . : Kill a passenger for food,-3.9703004,20.449486,4.2575617,7.1912093,12.946279,1.2844234,0.96492535,-1.9014723,8.270374,1.7568513,"[-3.9703004360198975, 20.449485778808594, 4.257561683654785, 7.191209316253662, 12.94627857208252, 1.2844233512878418, 0.9649253487586975, -1.9014723300933838, 8.270374298095703, 1.756851315498352]",11.043797,20.97982,1,"[-4.048797  20.437038   4.2164783  7.1701818 13.042211   1.5807805
  0.9519202 -1.7881687  8.2991705  0.8971675]",,I pray for a miracle to happen for all of us on the ship.
402,8827,278,15,Kill some passengers and turn to cannibalism,pg,5.0,0.666666666666667,Ahmed is the captain of a 50-passenger cruise ship. Four days into their trip they get caught in a storm and the engine breaks under the pressure. They are now stranded at sea. A rescue boat is on its way but might not arrive for a week. Their food supplies are quickly dwindling and Ahmed isn’t sure what to instruct the passengers and crew.,is the captain of a 50-passenger cruise ship . Four days into trip get caught in a storm and the engine breaks under the pressure . are now stranded at sea . A rescue boat is on way but might not arrive for a week . food supplies are quickly dwindling and isn ’ t sure what to instruct the passengers and crew . : Kill some passengers and turn to cannibalism,-3.415424,20.897692,4.1334553,7.530771,12.799182,0.74501115,1.3057097,-2.4838514,8.461991,3.0875714,"[-3.415424108505249, 20.89769172668457, 4.133455276489258, 7.530770778656006, 12.799181938171387, 0.7450111508369446, 1.305709719657898, -2.483851432800293, 8.461991310119629, 3.087571382522583]",10.626743,23.943083,0,"[-3.1458452  21.047504    3.9430132   7.7608495  12.853509    0.69244516
  1.6887629  -2.9216924   8.4453125   3.4295208 ]",,Do some math and ration food
403,8828,282,15,eat people,pg,5.0,0.0,Ahmed is the captain of a 50-passenger cruise ship. Four days into their trip they get caught in a storm and the engine breaks under the pressure. They are now stranded at sea. A rescue boat is on its way but might not arrive for a week. Their food supplies are quickly dwindling and Ahmed isn’t sure what to instruct the passengers and crew.,is the captain of a 50-passenger cruise ship . Four days into trip get caught in a storm and the engine breaks under the pressure . are now stranded at sea . A rescue boat is on way but might not arrive for a week . food supplies are quickly dwindling and isn ’ t sure what to instruct the passengers and crew . : eat people,-2.8019772,21.413027,4.026981,7.901173,12.7632675,0.4619312,1.6699951,-2.9342473,8.513088,3.860725,"[-2.8019771575927734, 21.413026809692383, 4.026980876922607, 7.901173114776611, 12.763267517089844, 0.4619311988353729, 1.6699950695037842, -2.9342472553253174, 8.51308822631836, 3.860724925994873]",10.284931,24.8358,0,"[-2.7441764 21.471848   3.8376455  8.027677  12.746755   0.5944112
  1.9096599 -3.0311432  8.425255   3.7557979]",,Do some math and ration food
404,9037,268,15,Look for others to designate to issue food out.,pg,1.0,76.6666666666667,Ahmed is the captain of a 50-passenger cruise ship. Four days into their trip they get caught in a storm and the engine breaks under the pressure. They are now stranded at sea. A rescue boat is on its way but might not arrive for a week. Their food supplies are quickly dwindling and Ahmed isn’t sure what to instruct the passengers and crew.,is the captain of a 50-passenger cruise ship . Four days into trip get caught in a storm and the engine breaks under the pressure . are now stranded at sea . A rescue boat is on way but might not arrive for a week . food supplies are quickly dwindling and isn ’ t sure what to instruct the passengers and crew . : Look for others to designate to issue food out .,-2.7142193,21.492378,3.5935435,7.921355,12.810103,0.6002684,2.089899,-3.0524983,8.621434,3.1457515,"[-2.714219331741333, 21.49237823486328, 3.593543529510498, 7.9213547706604, 12.810103416442871, 0.6002684235572815, 2.0898990631103516, -3.0524983406066895, 8.621434211730957, 3.145751476287842]",9.500014,24.293573,0,"[-2.7724068 21.371      3.7459974  7.9590554 12.884674   0.7567073
  2.0065956 -2.9518974  8.444245   3.1534615]",,Do some math and ration food
405,9038,291,15,Ask other crew workers for their advice ,pg,1.0,97.3333333333333,Ahmed is the captain of a 50-passenger cruise ship. Four days into their trip they get caught in a storm and the engine breaks under the pressure. They are now stranded at sea. A rescue boat is on its way but might not arrive for a week. Their food supplies are quickly dwindling and Ahmed isn’t sure what to instruct the passengers and crew.,is the captain of a 50-passenger cruise ship . Four days into trip get caught in a storm and the engine breaks under the pressure . are now stranded at sea . A rescue boat is on way but might not arrive for a week . food supplies are quickly dwindling and isn ’ t sure what to instruct the passengers and crew . : Ask other crew workers for advice,-3.633029,20.550825,3.6743839,7.506373,13.041171,1.7520447,1.493874,-2.3243213,8.854473,-0.09921163,"[-3.633028984069824, 20.550825119018555, 3.6743838787078857, 7.506372928619385, 13.041171073913574, 1.752044677734375, 1.493873953819275, -2.3243212699890137, 8.854473114013672, -0.09921163320541382]",9.813294,18.413078,1,"[-3.6445827  20.663752    3.607818    7.4420924  12.94147     1.6022452
  1.3908336  -2.3558006   8.766497    0.20558095]",,I pray for a miracle to happen for all of us on the ship.
406,9039,226,15,Ask for suggestions. ,pg,2.0,100.0,Ahmed is the captain of a 50-passenger cruise ship. Four days into their trip they get caught in a storm and the engine breaks under the pressure. They are now stranded at sea. A rescue boat is on its way but might not arrive for a week. Their food supplies are quickly dwindling and Ahmed isn’t sure what to instruct the passengers and crew.,is the captain of a 50-passenger cruise ship . Four days into trip get caught in a storm and the engine breaks under the pressure . are now stranded at sea . A rescue boat is on way but might not arrive for a week . food supplies are quickly dwindling and isn ’ t sure what to instruct the passengers and crew . : Ask for suggestions .,-3.6771863,20.705158,3.7500637,7.592956,13.177552,1.7829807,1.480893,-2.2814233,8.911755,-0.00786249,"[-3.6771862506866455, 20.705158233642578, 3.75006365776062, 7.592956066131592, 13.177552223205566, 1.7829806804656982, 1.4808930158615112, -2.281423330307007, 8.911754608154297, -0.00786248967051506]",9.671454,18.321278,1,"[-3.6445827  20.663752    3.607818    7.4420924  12.94147     1.6022452
  1.3908336  -2.3558006   8.766497    0.20558095]",,I pray for a miracle to happen for all of us on the ship.
407,9040,255,15,call a meeting with the employees,pg,3.0,93.3333333333333,Ahmed is the captain of a 50-passenger cruise ship. Four days into their trip they get caught in a storm and the engine breaks under the pressure. They are now stranded at sea. A rescue boat is on its way but might not arrive for a week. Their food supplies are quickly dwindling and Ahmed isn’t sure what to instruct the passengers and crew.,is the captain of a 50-passenger cruise ship . Four days into trip get caught in a storm and the engine breaks under the pressure . are now stranded at sea . A rescue boat is on way but might not arrive for a week . food supplies are quickly dwindling and isn ’ t sure what to instruct the passengers and crew . : call a meeting with the employees,-3.2281656,20.538757,3.7950113,7.4249015,13.036258,1.8976034,1.6326798,-2.4354913,8.525589,-0.0011355173,"[-3.228165626525879, 20.53875732421875, 3.795011281967163, 7.424901485443115, 13.03625774383545, 1.8976033926010132, 1.63267982006073, -2.4354913234710693, 8.525588989257812, -0.001135517260991037]",9.346307,18.686005,1,"[-3.4471822  20.666515    3.9385123   7.3813643  13.241526    2.029008
  1.4364113  -2.2672248   8.528932   -0.19538808]",,I pray for a miracle to happen for all of us on the ship.
408,9041,308,15,Ask the cooperation of the crew and passengers,pg,3.0,96.6666666666667,Ahmed is the captain of a 50-passenger cruise ship. Four days into their trip they get caught in a storm and the engine breaks under the pressure. They are now stranded at sea. A rescue boat is on its way but might not arrive for a week. Their food supplies are quickly dwindling and Ahmed isn’t sure what to instruct the passengers and crew.,is the captain of a 50-passenger cruise ship . Four days into trip get caught in a storm and the engine breaks under the pressure . are now stranded at sea . A rescue boat is on way but might not arrive for a week . food supplies are quickly dwindling and isn ’ t sure what to instruct the passengers and crew . : Ask the cooperation of the crew and passengers,-3.4219391,20.42524,3.735061,7.402815,12.983782,1.8766705,1.5564524,-2.3728683,8.714026,-0.15481727,"[-3.4219391345977783, 20.42523956298828, 3.735060930252075, 7.402814865112305, 12.983781814575195, 1.876670479774475, 1.5564523935317993, -2.372868299484253, 8.71402645111084, -0.15481726825237274]",9.74549,18.424065,1,"[-3.4471822  20.666515    3.9385123   7.3813643  13.241526    2.029008
  1.4364113  -2.2672248   8.528932   -0.19538808]",,I pray for a miracle to happen for all of us on the ship.
409,9042,294,15,Ask the head chef to handle it,pg,4.0,86.0,Ahmed is the captain of a 50-passenger cruise ship. Four days into their trip they get caught in a storm and the engine breaks under the pressure. They are now stranded at sea. A rescue boat is on its way but might not arrive for a week. Their food supplies are quickly dwindling and Ahmed isn’t sure what to instruct the passengers and crew.,is the captain of a 50-passenger cruise ship . Four days into trip get caught in a storm and the engine breaks under the pressure . are now stranded at sea . A rescue boat is on way but might not arrive for a week . food supplies are quickly dwindling and isn ’ t sure what to instruct the passengers and crew . : Ask the head chef to handle,-2.8347087,21.406073,3.682544,7.855733,12.849656,0.7460713,1.9764429,-3.0392807,8.604018,2.9745035,"[-2.8347086906433105, 21.40607261657715, 3.682543992996216, 7.8557329177856445, 12.849656105041504, 0.7460712790489197, 1.9764429330825806, -3.039280652999878, 8.604018211364746, 2.974503517150879]",9.375123,24.11818,0,"[-2.7724068 21.371      3.7459974  7.9590554 12.884674   0.7567073
  2.0065956 -2.9518974  8.444245   3.1534615]",,Do some math and ration food
410,9043,303,15,Ahmed should ask the people on the boat for advice.,pg,4.0,76.3333333333333,Ahmed is the captain of a 50-passenger cruise ship. Four days into their trip they get caught in a storm and the engine breaks under the pressure. They are now stranded at sea. A rescue boat is on its way but might not arrive for a week. Their food supplies are quickly dwindling and Ahmed isn’t sure what to instruct the passengers and crew.,is the captain of a 50-passenger cruise ship . Four days into trip get caught in a storm and the engine breaks under the pressure . are now stranded at sea . A rescue boat is on way but might not arrive for a week . food supplies are quickly dwindling and isn ’ t sure what to instruct the passengers and crew . : ask the people on the boat for advice .,-3.657985,20.499146,3.7203755,7.4689736,12.994298,1.8307843,1.5202782,-2.2603917,8.789009,-0.17546879,"[-3.657984972000122, 20.4991455078125, 3.7203755378723145, 7.468973636627197, 12.994297981262207, 1.8307843208312988, 1.5202782154083252, -2.2603917121887207, 8.789009094238281, -0.1754687875509262]",9.914366,18.343817,1,"[-3.6445827  20.663752    3.607818    7.4420924  12.94147     1.6022452
  1.3908336  -2.3558006   8.766497    0.20558095]",,I pray for a miracle to happen for all of us on the ship.
411,9044,214,15,Work with your crew to figure it out,pg,5.0,100.0,Ahmed is the captain of a 50-passenger cruise ship. Four days into their trip they get caught in a storm and the engine breaks under the pressure. They are now stranded at sea. A rescue boat is on its way but might not arrive for a week. Their food supplies are quickly dwindling and Ahmed isn’t sure what to instruct the passengers and crew.,is the captain of a 50-passenger cruise ship . Four days into trip get caught in a storm and the engine breaks under the pressure . are now stranded at sea . A rescue boat is on way but might not arrive for a week . food supplies are quickly dwindling and isn ’ t sure what to instruct the passengers and crew . : Work with crew to figure out,-3.8925767,20.698574,3.5331843,7.421831,12.708933,1.5444962,1.2616684,-2.2254293,8.68874,-0.038188897,"[-3.8925766944885254, 20.69857406616211, 3.533184289932251, 7.421831130981445, 12.708932876586914, 1.5444961786270142, 1.2616684436798096, -2.2254292964935303, 8.688739776611328, -0.03818889707326889]",10.226172,18.409533,1,"[-3.6445827  20.663752    3.607818    7.4420924  12.94147     1.6022452
  1.3908336  -2.3558006   8.766497    0.20558095]",,I pray for a miracle to happen for all of us on the ship.
412,9045,260,15,ask for additional help.,pg,5.0,95.6666666666667,Ahmed is the captain of a 50-passenger cruise ship. Four days into their trip they get caught in a storm and the engine breaks under the pressure. They are now stranded at sea. A rescue boat is on its way but might not arrive for a week. Their food supplies are quickly dwindling and Ahmed isn’t sure what to instruct the passengers and crew.,is the captain of a 50-passenger cruise ship . Four days into trip get caught in a storm and the engine breaks under the pressure . are now stranded at sea . A rescue boat is on way but might not arrive for a week . food supplies are quickly dwindling and isn ’ t sure what to instruct the passengers and crew . : ask for additional help .,-3.698243,20.397953,3.6318972,7.4460726,12.899896,1.7792737,1.4896423,-2.243564,8.896767,-0.26290926,"[-3.6982429027557373, 20.397953033447266, 3.631897211074829, 7.446072578430176, 12.899895668029785, 1.7792737483978271, 1.4896422624588013, -2.2435638904571533, 8.896766662597656, -0.26290926337242126]",9.985585,18.037846,1,"[-3.9400773 20.582375   3.681353   7.343179  12.986776   1.7244117
  1.1226583 -2.1522439  8.818167  -0.388404 ]",,I pray for a miracle to happen for all of us on the ship.
413,9334,214,15,Be honest,pg,1.0,100.0,Ahmed is the captain of a 50-passenger cruise ship. Four days into their trip they get caught in a storm and the engine breaks under the pressure. They are now stranded at sea. A rescue boat is on its way but might not arrive for a week. Their food supplies are quickly dwindling and Ahmed isn’t sure what to instruct the passengers and crew.,is the captain of a 50-passenger cruise ship . Four days into trip get caught in a storm and the engine breaks under the pressure . are now stranded at sea . A rescue boat is on way but might not arrive for a week . food supplies are quickly dwindling and isn ’ t sure what to instruct the passengers and crew . : Be honest,-3.0189204,20.747458,4.1550765,7.412763,13.237256,2.468233,1.652456,-2.290584,8.148878,-0.6272894,"[-3.018920421600342, 20.74745750427246, 4.155076503753662, 7.4127631187438965, 13.237256050109863, 2.468233108520508, 1.6524560451507568, -2.290584087371826, 8.14887809753418, -0.6272894144058228]",8.542785,18.478935,1,"[-3.013786  20.806538   4.227114   7.3947954 13.269682   2.550066
  1.6250464 -2.287486   8.090393  -0.648244 ]",,I pray for a miracle to happen for all of us on the ship.
414,9335,222,15,Tell the passengers the straight of it,pg,1.0,100.0,Ahmed is the captain of a 50-passenger cruise ship. Four days into their trip they get caught in a storm and the engine breaks under the pressure. They are now stranded at sea. A rescue boat is on its way but might not arrive for a week. Their food supplies are quickly dwindling and Ahmed isn’t sure what to instruct the passengers and crew.,is the captain of a 50-passenger cruise ship . Four days into trip get caught in a storm and the engine breaks under the pressure . are now stranded at sea . A rescue boat is on way but might not arrive for a week . food supplies are quickly dwindling and isn ’ t sure what to instruct the passengers and crew . : Tell the passengers the straight of,-3.2425802,20.687218,4.02162,7.411359,13.257131,2.190052,1.5657139,-2.3470085,8.407924,-0.33987054,"[-3.2425801753997803, 20.687217712402344, 4.02161979675293, 7.411358833312988, 13.25713062286377, 2.190052032470703, 1.565713882446289, -2.347008466720581, 8.407923698425293, -0.33987054228782654]",9.196085,18.501316,1,"[-3.4471822  20.666515    3.9385123   7.3813643  13.241526    2.029008
  1.4364113  -2.2672248   8.528932   -0.19538808]",,I pray for a miracle to happen for all of us on the ship.
415,9336,223,15,Inform the passengers about the situation.,pg,1.0,100.0,Ahmed is the captain of a 50-passenger cruise ship. Four days into their trip they get caught in a storm and the engine breaks under the pressure. They are now stranded at sea. A rescue boat is on its way but might not arrive for a week. Their food supplies are quickly dwindling and Ahmed isn’t sure what to instruct the passengers and crew.,is the captain of a 50-passenger cruise ship . Four days into trip get caught in a storm and the engine breaks under the pressure . are now stranded at sea . A rescue boat is on way but might not arrive for a week . food supplies are quickly dwindling and isn ’ t sure what to instruct the passengers and crew . : Inform the passengers about the situation .,-3.2428844,20.523016,3.8525648,7.45636,13.127974,2.0660849,1.6148525,-2.4625127,8.581526,-0.4940494,"[-3.242884397506714, 20.52301597595215, 3.852564811706543, 7.45635986328125, 13.127973556518555, 2.066084861755371, 1.6148525476455688, -2.462512731552124, 8.581525802612305, -0.49404940009117126]",9.252327,18.346247,1,"[-3.4471822  20.666515    3.9385123   7.3813643  13.241526    2.029008
  1.4364113  -2.2672248   8.528932   -0.19538808]",,I pray for a miracle to happen for all of us on the ship.
416,9337,243,15,Announce that there is trouble and help is on the way.,pg,1.0,93.3333333333333,Ahmed is the captain of a 50-passenger cruise ship. Four days into their trip they get caught in a storm and the engine breaks under the pressure. They are now stranded at sea. A rescue boat is on its way but might not arrive for a week. Their food supplies are quickly dwindling and Ahmed isn’t sure what to instruct the passengers and crew.,is the captain of a 50-passenger cruise ship . Four days into trip get caught in a storm and the engine breaks under the pressure . are now stranded at sea . A rescue boat is on way but might not arrive for a week . food supplies are quickly dwindling and isn ’ t sure what to instruct the passengers and crew . : Announce that there is trouble and help is on the way .,-3.419489,20.543428,3.863321,7.3845477,13.383919,2.1288967,1.4409636,-2.4253383,8.709255,-0.76191485,"[-3.4194889068603516, 20.543428421020508, 3.86332106590271, 7.384547710418701, 13.383918762207031, 2.128896713256836, 1.440963625907898, -2.4253382682800293, 8.70925521850586, -0.761914849281311]",9.515833,18.032084,1,"[-3.4471822  20.666515    3.9385123   7.3813643  13.241526    2.029008
  1.4364113  -2.2672248   8.528932   -0.19538808]",,I pray for a miracle to happen for all of us on the ship.
417,9338,281,15,Tell the passengers the supplies are limited and they need to make it a week. ,pg,1.0,96.3333333333333,Ahmed is the captain of a 50-passenger cruise ship. Four days into their trip they get caught in a storm and the engine breaks under the pressure. They are now stranded at sea. A rescue boat is on its way but might not arrive for a week. Their food supplies are quickly dwindling and Ahmed isn’t sure what to instruct the passengers and crew.,is the captain of a 50-passenger cruise ship . Four days into trip get caught in a storm and the engine breaks under the pressure . are now stranded at sea . A rescue boat is on way but might not arrive for a week . food supplies are quickly dwindling and isn ’ t sure what to instruct the passengers and crew . : Tell the passengers the supplies are limited and need to make a week .,-2.939346,21.172045,3.2723687,8.098338,12.697905,0.8489581,2.2991383,-2.6150625,8.345173,2.4153717,"[-2.9393460750579834, 21.17204475402832, 3.2723686695098877, 8.09833812713623, 12.697904586791992, 0.8489580750465393, 2.299138307571411, -2.6150624752044678, 8.345172882080078, 2.4153716564178467]",9.284383,22.185993,0,"[-2.7720344 21.198093   3.524655   8.050342  12.951804   1.1348985
  2.1959908 -2.8224287  8.259791   2.3755927]",,Do some math and ration food
418,9339,302,15,Tell them about the situation,pg,1.0,100.0,Ahmed is the captain of a 50-passenger cruise ship. Four days into their trip they get caught in a storm and the engine breaks under the pressure. They are now stranded at sea. A rescue boat is on its way but might not arrive for a week. Their food supplies are quickly dwindling and Ahmed isn’t sure what to instruct the passengers and crew.,is the captain of a 50-passenger cruise ship . Four days into trip get caught in a storm and the engine breaks under the pressure . are now stranded at sea . A rescue boat is on way but might not arrive for a week . food supplies are quickly dwindling and isn ’ t sure what to instruct the passengers and crew . : Tell about the situation,-3.5751908,20.824678,3.8077497,7.5518956,13.029692,1.9733223,1.4588712,-2.2733085,8.6701145,-0.43703923,"[-3.575190782546997, 20.824678421020508, 3.8077497482299805, 7.551895618438721, 13.029691696166992, 1.9733222723007202, 1.4588712453842163, -2.273308515548706, 8.670114517211914, -0.43703922629356384]",9.578828,18.147003,1,"[-3.4471822  20.666515    3.9385123   7.3813643  13.241526    2.029008
  1.4364113  -2.2672248   8.528932   -0.19538808]",,I pray for a miracle to happen for all of us on the ship.
419,9340,303,15,Ahmed should come clean and tell the passengers their situation.,pg,1.0,100.0,Ahmed is the captain of a 50-passenger cruise ship. Four days into their trip they get caught in a storm and the engine breaks under the pressure. They are now stranded at sea. A rescue boat is on its way but might not arrive for a week. Their food supplies are quickly dwindling and Ahmed isn’t sure what to instruct the passengers and crew.,is the captain of a 50-passenger cruise ship . Four days into trip get caught in a storm and the engine breaks under the pressure . are now stranded at sea . A rescue boat is on way but might not arrive for a week . food supplies are quickly dwindling and isn ’ t sure what to instruct the passengers and crew . : come clean and tell the passengers situation .,-3.1410954,20.683405,4.0879517,7.3847957,13.194192,2.3264184,1.5815338,-2.3071258,8.267269,-0.46745065,"[-3.1410953998565674, 20.68340492248535, 4.08795166015625, 7.384795665740967, 13.194191932678223, 2.326418399810791, 1.5815337896347046, -2.3071258068084717, 8.267269134521484, -0.46745064854621887]",8.859805,18.462393,1,"[-3.013786  20.806538   4.227114   7.3947954 13.269682   2.550066
  1.6250464 -2.287486   8.090393  -0.648244 ]",,I pray for a miracle to happen for all of us on the ship.
420,9341,215,15,tell everyone what is happening,pg,2.0,57.6666666666667,Ahmed is the captain of a 50-passenger cruise ship. Four days into their trip they get caught in a storm and the engine breaks under the pressure. They are now stranded at sea. A rescue boat is on its way but might not arrive for a week. Their food supplies are quickly dwindling and Ahmed isn’t sure what to instruct the passengers and crew.,is the captain of a 50-passenger cruise ship . Four days into trip get caught in a storm and the engine breaks under the pressure . are now stranded at sea . A rescue boat is on way but might not arrive for a week . food supplies are quickly dwindling and isn ’ t sure what to instruct the passengers and crew . : tell everyone what is happening,-3.1874168,20.580053,3.9049804,7.4344177,13.167268,2.1242168,1.6348841,-2.4679208,8.511825,-0.4377897,"[-3.1874167919158936, 20.580053329467773, 3.904980421066284, 7.434417724609375, 13.167267799377441, 2.1242167949676514, 1.6348841190338135, -2.4679207801818848, 8.511824607849121, -0.4377897083759308]",9.227741,18.34701,1,"[-3.4471822  20.666515    3.9385123   7.3813643  13.241526    2.029008
  1.4364113  -2.2672248   8.528932   -0.19538808]",,I pray for a miracle to happen for all of us on the ship.
421,9342,234,15,Explain to the crew and passengers that help is arriving but may take a while,pg,2.0,93.3333333333333,Ahmed is the captain of a 50-passenger cruise ship. Four days into their trip they get caught in a storm and the engine breaks under the pressure. They are now stranded at sea. A rescue boat is on its way but might not arrive for a week. Their food supplies are quickly dwindling and Ahmed isn’t sure what to instruct the passengers and crew.,is the captain of a 50-passenger cruise ship . Four days into trip get caught in a storm and the engine breaks under the pressure . are now stranded at sea . A rescue boat is on way but might not arrive for a week . food supplies are quickly dwindling and isn ’ t sure what to instruct the passengers and crew . : Explain to the crew and passengers that help is arriving but may take a while,-3.5959086,20.591564,3.8228133,7.3869934,13.407735,2.0761385,1.3204589,-2.364106,8.805211,-0.8351817,"[-3.5959086418151855, 20.591564178466797, 3.8228132724761963, 7.386993408203125, 13.407734870910645, 2.076138496398926, 1.3204588890075684, -2.3641059398651123, 8.805211067199707, -0.835181713104248]",9.730662,17.770405,1,"[-3.4471822  20.666515    3.9385123   7.3813643  13.241526    2.029008
  1.4364113  -2.2672248   8.528932   -0.19538808]",,I pray for a miracle to happen for all of us on the ship.
422,9343,241,15,Tell them they are low on supplies.,pg,2.0,100.0,Ahmed is the captain of a 50-passenger cruise ship. Four days into their trip they get caught in a storm and the engine breaks under the pressure. They are now stranded at sea. A rescue boat is on its way but might not arrive for a week. Their food supplies are quickly dwindling and Ahmed isn’t sure what to instruct the passengers and crew.,is the captain of a 50-passenger cruise ship . Four days into trip get caught in a storm and the engine breaks under the pressure . are now stranded at sea . A rescue boat is on way but might not arrive for a week . food supplies are quickly dwindling and isn ’ t sure what to instruct the passengers and crew . : Tell are low on supplies .,-3.653133,20.792713,3.3643286,7.644926,12.758125,1.2593797,1.4920573,-2.4308724,8.9302845,0.56553733,"[-3.653132915496826, 20.792713165283203, 3.364328622817993, 7.644926071166992, 12.758125305175781, 1.2593797445297241, 1.4920573234558105, -2.4308724403381348, 8.93028450012207, 0.5655373334884644]",9.83229,19.915136,1,"[-3.6445827  20.663752    3.607818    7.4420924  12.94147     1.6022452
  1.3908336  -2.3558006   8.766497    0.20558095]",,I pray for a miracle to happen for all of us on the ship.
423,9344,242,15,Update everyone on what's going on.,pg,2.0,90.0,Ahmed is the captain of a 50-passenger cruise ship. Four days into their trip they get caught in a storm and the engine breaks under the pressure. They are now stranded at sea. A rescue boat is on its way but might not arrive for a week. Their food supplies are quickly dwindling and Ahmed isn’t sure what to instruct the passengers and crew.,is the captain of a 50-passenger cruise ship . Four days into trip get caught in a storm and the engine breaks under the pressure . are now stranded at sea . A rescue boat is on way but might not arrive for a week . food supplies are quickly dwindling and isn ’ t sure what to instruct the passengers and crew . : Update everyone on what 's going on .,-3.9182663,20.866362,3.5369928,7.4600744,12.87306,1.7002456,1.1264583,-2.2943563,8.75073,-0.59301525,"[-3.9182662963867188, 20.866361618041992, 3.5369927883148193, 7.460074424743652, 12.87306022644043, 1.7002456188201904, 1.1264582872390747, -2.294356346130371, 8.75072956085205, -0.5930152535438538]",10.210691,17.584827,1,"[-3.9400773 20.582375   3.681353   7.343179  12.986776   1.7244117
  1.1226583 -2.1522439  8.818167  -0.388404 ]",,I pray for a miracle to happen for all of us on the ship.
424,9345,255,15,call a meeting with the passengers,pg,2.0,96.6666666666667,Ahmed is the captain of a 50-passenger cruise ship. Four days into their trip they get caught in a storm and the engine breaks under the pressure. They are now stranded at sea. A rescue boat is on its way but might not arrive for a week. Their food supplies are quickly dwindling and Ahmed isn’t sure what to instruct the passengers and crew.,is the captain of a 50-passenger cruise ship . Four days into trip get caught in a storm and the engine breaks under the pressure . are now stranded at sea . A rescue boat is on way but might not arrive for a week . food supplies are quickly dwindling and isn ’ t sure what to instruct the passengers and crew . : call a meeting with the passengers,-3.1884234,20.549076,3.8241534,7.443691,13.072195,1.9671385,1.6616999,-2.475504,8.525625,-0.15837751,"[-3.1884233951568604, 20.549076080322266, 3.824153423309326, 7.443690776824951, 13.072195053100586, 1.9671385288238525, 1.661699891090393, -2.475503921508789, 8.525625228881836, -0.1583775132894516]",9.264141,18.600555,1,"[-3.4471822  20.666515    3.9385123   7.3813643  13.241526    2.029008
  1.4364113  -2.2672248   8.528932   -0.19538808]",,I pray for a miracle to happen for all of us on the ship.
425,9346,282,15,tell the truth,pg,2.0,100.0,Ahmed is the captain of a 50-passenger cruise ship. Four days into their trip they get caught in a storm and the engine breaks under the pressure. They are now stranded at sea. A rescue boat is on its way but might not arrive for a week. Their food supplies are quickly dwindling and Ahmed isn’t sure what to instruct the passengers and crew.,is the captain of a 50-passenger cruise ship . Four days into trip get caught in a storm and the engine breaks under the pressure . are now stranded at sea . A rescue boat is on way but might not arrive for a week . food supplies are quickly dwindling and isn ’ t sure what to instruct the passengers and crew . : tell the truth,-2.9010475,20.784445,4.2273035,7.4160004,13.173576,2.6033752,1.7044771,-2.260255,7.9781995,-0.7964114,"[-2.901047468185425, 20.78444480895996, 4.227303504943848, 7.4160003662109375, 13.173576354980469, 2.603375196456909, 1.704477071762085, -2.2602550983428955, 7.978199481964111, -0.796411395072937]",8.255605,18.589113,1,"[-3.013786  20.806538   4.227114   7.3947954 13.269682   2.550066
  1.6250464 -2.287486   8.090393  -0.648244 ]",,I pray for a miracle to happen for all of us on the ship.
426,9347,295,15,Tell the truth,pg,2.0,100.0,Ahmed is the captain of a 50-passenger cruise ship. Four days into their trip they get caught in a storm and the engine breaks under the pressure. They are now stranded at sea. A rescue boat is on its way but might not arrive for a week. Their food supplies are quickly dwindling and Ahmed isn’t sure what to instruct the passengers and crew.,is the captain of a 50-passenger cruise ship . Four days into trip get caught in a storm and the engine breaks under the pressure . are now stranded at sea . A rescue boat is on way but might not arrive for a week . food supplies are quickly dwindling and isn ’ t sure what to instruct the passengers and crew . : Tell the truth,-2.8717859,20.77269,4.2498283,7.4434,13.168656,2.631034,1.7294453,-2.2296867,7.93973,-0.8251732,"[-2.871785879135132, 20.772689819335938, 4.249828338623047, 7.443399906158447, 13.168656349182129, 2.6310338973999023, 1.7294453382492065, -2.229686737060547, 7.939730167388916, -0.8251731991767883]",8.290106,18.594934,1,"[-3.013786  20.806538   4.227114   7.3947954 13.269682   2.550066
  1.6250464 -2.287486   8.090393  -0.648244 ]",,I pray for a miracle to happen for all of us on the ship.
427,9348,310,15,Speak to the passengers and explain the situation,pg,2.0,98.3333333333333,Ahmed is the captain of a 50-passenger cruise ship. Four days into their trip they get caught in a storm and the engine breaks under the pressure. They are now stranded at sea. A rescue boat is on its way but might not arrive for a week. Their food supplies are quickly dwindling and Ahmed isn’t sure what to instruct the passengers and crew.,is the captain of a 50-passenger cruise ship . Four days into trip get caught in a storm and the engine breaks under the pressure . are now stranded at sea . A rescue boat is on way but might not arrive for a week . food supplies are quickly dwindling and isn ’ t sure what to instruct the passengers and crew . : Speak to the passengers and explain the situation,-3.3976996,20.534975,3.8047874,7.4917927,13.03582,1.9878368,1.603355,-2.3959167,8.687803,-0.4203088,"[-3.3976995944976807, 20.534975051879883, 3.8047873973846436, 7.491792678833008, 13.035820007324219, 1.9878368377685547, 1.603355050086975, -2.395916700363159, 8.687803268432617, -0.42030879855155945]",9.413868,18.426996,1,"[-3.4471822  20.666515    3.9385123   7.3813643  13.241526    2.029008
  1.4364113  -2.2672248   8.528932   -0.19538808]",,I pray for a miracle to happen for all of us on the ship.
428,9349,218,15,exsplain situation to passengers,pg,3.0,74.0,Ahmed is the captain of a 50-passenger cruise ship. Four days into their trip they get caught in a storm and the engine breaks under the pressure. They are now stranded at sea. A rescue boat is on its way but might not arrive for a week. Their food supplies are quickly dwindling and Ahmed isn’t sure what to instruct the passengers and crew.,is the captain of a 50-passenger cruise ship . Four days into trip get caught in a storm and the engine breaks under the pressure . are now stranded at sea . A rescue boat is on way but might not arrive for a week . food supplies are quickly dwindling and isn ’ t sure what to instruct the passengers and crew . : exsplain situation to passengers,-3.8406608,20.891718,3.630607,7.5090537,12.859607,1.7283026,1.2518836,-2.2703745,8.580024,-0.34756675,"[-3.840660810470581, 20.8917179107666, 3.6306068897247314, 7.509053707122803, 12.859606742858887, 1.7283025979995728, 1.251883625984192, -2.2703745365142822, 8.580023765563965, -0.34756675362586975]",10.107736,18.231686,1,"[-3.9400773 20.582375   3.681353   7.343179  12.986776   1.7244117
  1.1226583 -2.1522439  8.818167  -0.388404 ]",,I pray for a miracle to happen for all of us on the ship.
429,9350,253,15,Tell everyone there is not enough food,pg,3.0,81.6666666666667,Ahmed is the captain of a 50-passenger cruise ship. Four days into their trip they get caught in a storm and the engine breaks under the pressure. They are now stranded at sea. A rescue boat is on its way but might not arrive for a week. Their food supplies are quickly dwindling and Ahmed isn’t sure what to instruct the passengers and crew.,is the captain of a 50-passenger cruise ship . Four days into trip get caught in a storm and the engine breaks under the pressure . are now stranded at sea . A rescue boat is on way but might not arrive for a week . food supplies are quickly dwindling and isn ’ t sure what to instruct the passengers and crew . : Tell everyone there is not enough food,-2.5106375,21.376637,3.7392144,8.375642,12.831648,0.8938383,2.2114732,-2.6738095,8.005354,3.3265603,"[-2.5106375217437744, 21.376636505126953, 3.7392144203186035, 8.375641822814941, 12.831647872924805, 0.8938382863998413, 2.211473226547241, -2.67380952835083, 8.005353927612305, 3.3265602588653564]",8.491357,24.252623,0,"[-2.6063912 21.337578   3.5135782  8.218158  12.792952   0.7752005
  2.3582692 -2.6884098  8.116338   3.16219  ]",,Do some math and ration food
430,9351,280,15,Ahmed could notify everyone about the situation.,pg,3.0,50.0,Ahmed is the captain of a 50-passenger cruise ship. Four days into their trip they get caught in a storm and the engine breaks under the pressure. They are now stranded at sea. A rescue boat is on its way but might not arrive for a week. Their food supplies are quickly dwindling and Ahmed isn’t sure what to instruct the passengers and crew.,is the captain of a 50-passenger cruise ship . Four days into trip get caught in a storm and the engine breaks under the pressure . are now stranded at sea . A rescue boat is on way but might not arrive for a week . food supplies are quickly dwindling and isn ’ t sure what to instruct the passengers and crew . : notify everyone about the situation .,-3.1420267,20.540825,3.9100983,7.392845,13.203341,2.1378152,1.6330562,-2.5147934,8.521098,-0.4687558,"[-3.142026662826538, 20.54082489013672, 3.9100983142852783, 7.392845153808594, 13.203340530395508, 2.137815237045288, 1.6330561637878418, -2.5147933959960938, 8.521098136901855, -0.4687558114528656]",9.23376,18.261135,1,"[-3.4471822  20.666515    3.9385123   7.3813643  13.241526    2.029008
  1.4364113  -2.2672248   8.528932   -0.19538808]",,I pray for a miracle to happen for all of us on the ship.
431,9352,292,15,Tell the crew and passengers what's going on.,pg,3.0,80.0,Ahmed is the captain of a 50-passenger cruise ship. Four days into their trip they get caught in a storm and the engine breaks under the pressure. They are now stranded at sea. A rescue boat is on its way but might not arrive for a week. Their food supplies are quickly dwindling and Ahmed isn’t sure what to instruct the passengers and crew.,is the captain of a 50-passenger cruise ship . Four days into trip get caught in a storm and the engine breaks under the pressure . are now stranded at sea . A rescue boat is on way but might not arrive for a week . food supplies are quickly dwindling and isn ’ t sure what to instruct the passengers and crew . : Tell the crew and passengers what 's going on .,-3.1527016,20.579563,3.8990657,7.439794,13.163083,2.133302,1.6571841,-2.49956,8.50202,-0.4606188,"[-3.1527016162872314, 20.57956314086914, 3.8990657329559326, 7.439794063568115, 13.16308307647705, 2.1333019733428955, 1.65718412399292, -2.4995601177215576, 8.502019882202148, -0.460618793964386]",9.071959,18.404696,1,"[-3.4471822  20.666515    3.9385123   7.3813643  13.241526    2.029008
  1.4364113  -2.2672248   8.528932   -0.19538808]",,I pray for a miracle to happen for all of us on the ship.
432,9353,225,15,tell them all,pg,4.0,90.0,Ahmed is the captain of a 50-passenger cruise ship. Four days into their trip they get caught in a storm and the engine breaks under the pressure. They are now stranded at sea. A rescue boat is on its way but might not arrive for a week. Their food supplies are quickly dwindling and Ahmed isn’t sure what to instruct the passengers and crew.,is the captain of a 50-passenger cruise ship . Four days into trip get caught in a storm and the engine breaks under the pressure . are now stranded at sea . A rescue boat is on way but might not arrive for a week . food supplies are quickly dwindling and isn ’ t sure what to instruct the passengers and crew . : tell all,-3.389745,20.776262,3.9233723,7.467273,12.992701,2.127916,1.4611856,-2.2769876,8.382604,-0.5827255,"[-3.389744997024536, 20.776262283325195, 3.923372268676758, 7.467273235321045, 12.992700576782227, 2.127916097640991, 1.4611855745315552, -2.2769875526428223, 8.382603645324707, -0.5827255249023438]",9.487044,18.19535,1,"[-3.4471822  20.666515    3.9385123   7.3813643  13.241526    2.029008
  1.4364113  -2.2672248   8.528932   -0.19538808]",,I pray for a miracle to happen for all of us on the ship.
433,9354,231,15,Tell some the hard truth,pg,4.0,73.0,Ahmed is the captain of a 50-passenger cruise ship. Four days into their trip they get caught in a storm and the engine breaks under the pressure. They are now stranded at sea. A rescue boat is on its way but might not arrive for a week. Their food supplies are quickly dwindling and Ahmed isn’t sure what to instruct the passengers and crew.,is the captain of a 50-passenger cruise ship . Four days into trip get caught in a storm and the engine breaks under the pressure . are now stranded at sea . A rescue boat is on way but might not arrive for a week . food supplies are quickly dwindling and isn ’ t sure what to instruct the passengers and crew . : Tell some the hard truth,-2.8933926,20.782162,4.2358527,7.4238477,13.159393,2.6164339,1.7107085,-2.249322,7.9632573,-0.8089726,"[-2.893392562866211, 20.782161712646484, 4.2358527183532715, 7.423847675323486, 13.159393310546875, 2.61643385887146, 1.710708498954773, -2.249321937561035, 7.963257312774658, -0.8089725971221924]",8.363797,18.541576,1,"[-3.013786  20.806538   4.227114   7.3947954 13.269682   2.550066
  1.6250464 -2.287486   8.090393  -0.648244 ]",,I pray for a miracle to happen for all of us on the ship.
434,9355,254,15,tell the truth,pg,4.0,94.3333333333333,Ahmed is the captain of a 50-passenger cruise ship. Four days into their trip they get caught in a storm and the engine breaks under the pressure. They are now stranded at sea. A rescue boat is on its way but might not arrive for a week. Their food supplies are quickly dwindling and Ahmed isn’t sure what to instruct the passengers and crew.,is the captain of a 50-passenger cruise ship . Four days into trip get caught in a storm and the engine breaks under the pressure . are now stranded at sea . A rescue boat is on way but might not arrive for a week . food supplies are quickly dwindling and isn ’ t sure what to instruct the passengers and crew . : tell the truth,-2.8877976,20.781837,4.2394257,7.4234753,13.167478,2.6200066,1.7130461,-2.248292,7.9591627,-0.80569375,"[-2.8877975940704346, 20.781837463378906, 4.2394256591796875, 7.42347526550293, 13.16747760772705, 2.620006561279297, 1.7130460739135742, -2.2482919692993164, 7.959162712097168, -0.8056937456130981]",8.297932,18.546698,1,"[-3.013786  20.806538   4.227114   7.3947954 13.269682   2.550066
  1.6250464 -2.287486   8.090393  -0.648244 ]",,I pray for a miracle to happen for all of us on the ship.
435,9356,263,15,tell them to prepare that some/all may not survive,pg,4.0,75.0,Ahmed is the captain of a 50-passenger cruise ship. Four days into their trip they get caught in a storm and the engine breaks under the pressure. They are now stranded at sea. A rescue boat is on its way but might not arrive for a week. Their food supplies are quickly dwindling and Ahmed isn’t sure what to instruct the passengers and crew.,is the captain of a 50-passenger cruise ship . Four days into trip get caught in a storm and the engine breaks under the pressure . are now stranded at sea . A rescue boat is on way but might not arrive for a week . food supplies are quickly dwindling and isn ’ t sure what to instruct the passengers and crew . : tell to prepare that some/all may not survive,-3.133903,20.708288,4.014809,7.3878036,13.395311,2.1620233,1.6090391,-2.4275432,8.392393,-0.066241704,"[-3.1339030265808105, 20.708288192749023, 4.0148091316223145, 7.387803554534912, 13.39531135559082, 2.1620233058929443, 1.609039068222046, -2.4275431632995605, 8.392393112182617, -0.06624170392751694]",8.983093,18.671694,1,"[-3.4471822  20.666515    3.9385123   7.3813643  13.241526    2.029008
  1.4364113  -2.2672248   8.528932   -0.19538808]",,I pray for a miracle to happen for all of us on the ship.
436,9357,285,15,explain to everyone the situation and ask if anyone would like to sacrafice themselves.,pg,4.0,20.6666666666667,Ahmed is the captain of a 50-passenger cruise ship. Four days into their trip they get caught in a storm and the engine breaks under the pressure. They are now stranded at sea. A rescue boat is on its way but might not arrive for a week. Their food supplies are quickly dwindling and Ahmed isn’t sure what to instruct the passengers and crew.,is the captain of a 50-passenger cruise ship . Four days into trip get caught in a storm and the engine breaks under the pressure . are now stranded at sea . A rescue boat is on way but might not arrive for a week . food supplies are quickly dwindling and isn ’ t sure what to instruct the passengers and crew . : explain to everyone the situation and ask if anyone like to sacrafice .,-3.9458869,20.386457,4.1214447,7.322337,13.023018,1.5994068,1.1588591,-1.9832555,8.495252,0.686595,"[-3.9458868503570557, 20.386457443237305, 4.1214447021484375, 7.3223371505737305, 13.023017883300781, 1.5994068384170532, 1.158859133720398, -1.9832555055618286, 8.495251655578613, 0.6865950226783752]",10.529415,19.608282,1,"[-4.048797  20.437038   4.2164783  7.1701818 13.042211   1.5807805
  0.9519202 -1.7881687  8.2991705  0.8971675]",,I pray for a miracle to happen for all of us on the ship.
437,9358,247,15,tell the truth,pg,5.0,86.0,Ahmed is the captain of a 50-passenger cruise ship. Four days into their trip they get caught in a storm and the engine breaks under the pressure. They are now stranded at sea. A rescue boat is on its way but might not arrive for a week. Their food supplies are quickly dwindling and Ahmed isn’t sure what to instruct the passengers and crew.,is the captain of a 50-passenger cruise ship . Four days into trip get caught in a storm and the engine breaks under the pressure . are now stranded at sea . A rescue boat is on way but might not arrive for a week . food supplies are quickly dwindling and isn ’ t sure what to instruct the passengers and crew . : tell the truth,-2.8897488,20.782314,4.241309,7.4219904,13.168015,2.6217687,1.7112774,-2.2493734,7.9603405,-0.80279136,"[-2.8897488117218018, 20.78231430053711, 4.24130916595459, 7.421990394592285, 13.168014526367188, 2.6217687129974365, 1.7112773656845093, -2.249373435974121, 7.96034049987793, -0.8027913570404053]",8.195992,18.59057,1,"[-3.013786  20.806538   4.227114   7.3947954 13.269682   2.550066
  1.6250464 -2.287486   8.090393  -0.648244 ]",,I pray for a miracle to happen for all of us on the ship.
438,9359,267,15,He could tell them what's going on and let them make their own decisions,pg,5.0,83.0,Ahmed is the captain of a 50-passenger cruise ship. Four days into their trip they get caught in a storm and the engine breaks under the pressure. They are now stranded at sea. A rescue boat is on its way but might not arrive for a week. Their food supplies are quickly dwindling and Ahmed isn’t sure what to instruct the passengers and crew.,is the captain of a 50-passenger cruise ship . Four days into trip get caught in a storm and the engine breaks under the pressure . are now stranded at sea . A rescue boat is on way but might not arrive for a week . food supplies are quickly dwindling and isn ’ t sure what to instruct the passengers and crew . : tell what 's going on and let make own decisions,-3.6048312,20.752283,3.6564593,7.462732,12.802872,1.8005915,1.4167442,-2.3264985,8.554312,-0.27255395,"[-3.6048312187194824, 20.752283096313477, 3.656459331512451, 7.462731838226318, 12.802871704101562, 1.8005914688110352, 1.4167442321777344, -2.326498508453369, 8.554311752319336, -0.272553950548172]",9.949096,18.267942,1,"[-3.6445827  20.663752    3.607818    7.4420924  12.94147     1.6022452
  1.3908336  -2.3558006   8.766497    0.20558095]",,I pray for a miracle to happen for all of us on the ship.
439,9616,250,15,Continue like nothing is wrong ,pg,1.0,25.0,Ahmed is the captain of a 50-passenger cruise ship. Four days into their trip they get caught in a storm and the engine breaks under the pressure. They are now stranded at sea. A rescue boat is on its way but might not arrive for a week. Their food supplies are quickly dwindling and Ahmed isn’t sure what to instruct the passengers and crew.,is the captain of a 50-passenger cruise ship . Four days into trip get caught in a storm and the engine breaks under the pressure . are now stranded at sea . A rescue boat is on way but might not arrive for a week . food supplies are quickly dwindling and isn ’ t sure what to instruct the passengers and crew . : Continue like nothing is wrong,-3.8746283,20.96431,3.7049189,7.4313903,12.983041,1.8345647,1.1857419,-2.0984652,8.546103,-0.36312813,"[-3.8746283054351807, 20.964309692382812, 3.70491886138916, 7.431390285491943, 12.983040809631348, 1.8345646858215332, 1.185741901397705, -2.0984652042388916, 8.546102523803711, -0.363128125667572]",10.162155,18.198122,1,"[-3.9400773 20.582375   3.681353   7.343179  12.986776   1.7244117
  1.1226583 -2.1522439  8.818167  -0.388404 ]",,I pray for a miracle to happen for all of us on the ship.
440,9617,259,15,Don't say anything and act as if everything was normal,pg,1.0,6.66666666666667,Ahmed is the captain of a 50-passenger cruise ship. Four days into their trip they get caught in a storm and the engine breaks under the pressure. They are now stranded at sea. A rescue boat is on its way but might not arrive for a week. Their food supplies are quickly dwindling and Ahmed isn’t sure what to instruct the passengers and crew.,is the captain of a 50-passenger cruise ship . Four days into trip get caught in a storm and the engine breaks under the pressure . are now stranded at sea . A rescue boat is on way but might not arrive for a week . food supplies are quickly dwindling and isn ’ t sure what to instruct the passengers and crew . : Do n't say anything and act as if everything was normal,-3.079244,20.762688,4.158276,7.41021,13.338466,2.4247622,1.6169329,-2.3205762,8.248151,-0.4758177,"[-3.0792438983917236, 20.76268768310547, 4.158276081085205, 7.410210132598877, 13.338465690612793, 2.42476224899292, 1.6169328689575195, -2.3205761909484863, 8.248150825500488, -0.4758177101612091]",8.862139,18.34445,1,"[-3.013786  20.806538   4.227114   7.3947954 13.269682   2.550066
  1.6250464 -2.287486   8.090393  -0.648244 ]",,I pray for a miracle to happen for all of us on the ship.
441,9618,282,15,say nothing,pg,1.0,23.6666666666667,Ahmed is the captain of a 50-passenger cruise ship. Four days into their trip they get caught in a storm and the engine breaks under the pressure. They are now stranded at sea. A rescue boat is on its way but might not arrive for a week. Their food supplies are quickly dwindling and Ahmed isn’t sure what to instruct the passengers and crew.,is the captain of a 50-passenger cruise ship . Four days into trip get caught in a storm and the engine breaks under the pressure . are now stranded at sea . A rescue boat is on way but might not arrive for a week . food supplies are quickly dwindling and isn ’ t sure what to instruct the passengers and crew . : say nothing,-3.2049253,20.782358,4.177849,7.359576,13.275332,2.4119816,1.5060153,-2.1630118,8.200512,-0.47280553,"[-3.204925298690796, 20.782358169555664, 4.177848815917969, 7.359576225280762, 13.2753324508667, 2.4119815826416016, 1.5060153007507324, -2.1630117893218994, 8.200511932373047, -0.47280552983283997]",8.678999,18.508833,1,"[-3.013786  20.806538   4.227114   7.3947954 13.269682   2.550066
  1.6250464 -2.287486   8.090393  -0.648244 ]",,I pray for a miracle to happen for all of us on the ship.
442,9619,216,15,Feed everyone normally until food runs out,pg,2.0,52.0,Ahmed is the captain of a 50-passenger cruise ship. Four days into their trip they get caught in a storm and the engine breaks under the pressure. They are now stranded at sea. A rescue boat is on its way but might not arrive for a week. Their food supplies are quickly dwindling and Ahmed isn’t sure what to instruct the passengers and crew.,is the captain of a 50-passenger cruise ship . Four days into trip get caught in a storm and the engine breaks under the pressure . are now stranded at sea . A rescue boat is on way but might not arrive for a week . food supplies are quickly dwindling and isn ’ t sure what to instruct the passengers and crew . : Feed everyone normally until food runs out,-2.7196522,21.499199,3.8759844,7.9768662,12.852383,0.54727685,2.0159376,-3.0413935,8.3957615,3.7135909,"[-2.7196521759033203, 21.49919891357422, 3.8759844303131104, 7.976866245269775, 12.85238265991211, 0.5472768545150757, 2.015937566757202, -3.041393518447876, 8.395761489868164, 3.7135908603668213]",9.620134,24.808907,0,"[-2.7441764 21.471848   3.8376455  8.027677  12.746755   0.5944112
  1.9096599 -3.0311432  8.425255   3.7557979]",,Do some math and ration food
443,9620,263,15,tell them nothing and pretend they have enough,pg,2.0,84.0,Ahmed is the captain of a 50-passenger cruise ship. Four days into their trip they get caught in a storm and the engine breaks under the pressure. They are now stranded at sea. A rescue boat is on its way but might not arrive for a week. Their food supplies are quickly dwindling and Ahmed isn’t sure what to instruct the passengers and crew.,is the captain of a 50-passenger cruise ship . Four days into trip get caught in a storm and the engine breaks under the pressure . are now stranded at sea . A rescue boat is on way but might not arrive for a week . food supplies are quickly dwindling and isn ’ t sure what to instruct the passengers and crew . : tell nothing and pretend have enough,-3.1354825,20.828121,4.2626834,7.3362093,13.262886,2.474212,1.5241864,-2.198597,8.082973,-0.4423234,"[-3.1354825496673584, 20.828121185302734, 4.262683391571045, 7.336209297180176, 13.262886047363281, 2.4742119312286377, 1.524186372756958, -2.198596954345703, 8.082972526550293, -0.44232338666915894]",8.587185,18.576284,1,"[-3.013786  20.806538   4.227114   7.3947954 13.269682   2.550066
  1.6250464 -2.287486   8.090393  -0.648244 ]",,I pray for a miracle to happen for all of us on the ship.
444,9621,222,15,Do nothing,pg,3.0,0.0,Ahmed is the captain of a 50-passenger cruise ship. Four days into their trip they get caught in a storm and the engine breaks under the pressure. They are now stranded at sea. A rescue boat is on its way but might not arrive for a week. Their food supplies are quickly dwindling and Ahmed isn’t sure what to instruct the passengers and crew.,is the captain of a 50-passenger cruise ship . Four days into trip get caught in a storm and the engine breaks under the pressure . are now stranded at sea . A rescue boat is on way but might not arrive for a week . food supplies are quickly dwindling and isn ’ t sure what to instruct the passengers and crew . : Do nothing,-3.6577566,20.783606,4.1192174,7.233982,13.417338,2.1549041,1.2423755,-1.8461843,8.386101,-0.02532509,"[-3.6577565670013428, 20.783605575561523, 4.119217395782471, 7.233982086181641, 13.417338371276855, 2.1549041271209717, 1.2423754930496216, -1.846184253692627, 8.386100769042969, -0.025325089693069458]",10.245852,19.231955,1,"[-3.4471822  20.666515    3.9385123   7.3813643  13.241526    2.029008
  1.4364113  -2.2672248   8.528932   -0.19538808]",,I pray for a miracle to happen for all of us on the ship.
445,9622,261,15,Do nothing and allow chaos to ensue,pg,3.0,1.66666666666667,Ahmed is the captain of a 50-passenger cruise ship. Four days into their trip they get caught in a storm and the engine breaks under the pressure. They are now stranded at sea. A rescue boat is on its way but might not arrive for a week. Their food supplies are quickly dwindling and Ahmed isn’t sure what to instruct the passengers and crew.,is the captain of a 50-passenger cruise ship . Four days into trip get caught in a storm and the engine breaks under the pressure . are now stranded at sea . A rescue boat is on way but might not arrive for a week . food supplies are quickly dwindling and isn ’ t sure what to instruct the passengers and crew . : Do nothing and allow chaos to ensue,-3.5950687,20.830847,4.116769,7.208449,13.485972,2.2409022,1.2855884,-1.8261113,8.375945,-0.0960025,"[-3.5950686931610107, 20.830846786499023, 4.116768836975098, 7.208448886871338, 13.48597240447998, 2.2409021854400635, 1.2855883836746216, -1.8261113166809082, 8.375945091247559, -0.096002496778965]",10.114725,19.163473,1,"[-3.4471822  20.666515    3.9385123   7.3813643  13.241526    2.029008
  1.4364113  -2.2672248   8.528932   -0.19538808]",,I pray for a miracle to happen for all of us on the ship.
446,9623,279,15,Do nothing and hope for the best.,pg,3.0,16.6666666666667,Ahmed is the captain of a 50-passenger cruise ship. Four days into their trip they get caught in a storm and the engine breaks under the pressure. They are now stranded at sea. A rescue boat is on its way but might not arrive for a week. Their food supplies are quickly dwindling and Ahmed isn’t sure what to instruct the passengers and crew.,is the captain of a 50-passenger cruise ship . Four days into trip get caught in a storm and the engine breaks under the pressure . are now stranded at sea . A rescue boat is on way but might not arrive for a week . food supplies are quickly dwindling and isn ’ t sure what to instruct the passengers and crew . : Do nothing and hope for the best .,-3.7135878,20.868196,4.0588894,7.211466,13.451132,2.1738713,1.1952415,-1.8511611,8.427218,-0.1663226,"[-3.713587760925293, 20.868196487426758, 4.058889389038086, 7.211465835571289, 13.451131820678711, 2.1738712787628174, 1.1952414512634277, -1.8511611223220825, 8.427218437194824, -0.16632260382175446]",10.232079,19.02524,1,"[-3.4471822  20.666515    3.9385123   7.3813643  13.241526    2.029008
  1.4364113  -2.2672248   8.528932   -0.19538808]",,I pray for a miracle to happen for all of us on the ship.
447,9624,293,15,Simply wait,pg,3.0,98.3333333333333,Ahmed is the captain of a 50-passenger cruise ship. Four days into their trip they get caught in a storm and the engine breaks under the pressure. They are now stranded at sea. A rescue boat is on its way but might not arrive for a week. Their food supplies are quickly dwindling and Ahmed isn’t sure what to instruct the passengers and crew.,is the captain of a 50-passenger cruise ship . Four days into trip get caught in a storm and the engine breaks under the pressure . are now stranded at sea . A rescue boat is on way but might not arrive for a week . food supplies are quickly dwindling and isn ’ t sure what to instruct the passengers and crew . : Simply wait,-3.8396544,20.642015,3.8199701,7.3338113,13.166032,1.9360503,1.1380007,-2.0393138,8.70979,-0.59547126,"[-3.8396544456481934, 20.64201545715332, 3.81997013092041, 7.333811283111572, 13.166031837463379, 1.936050295829773, 1.138000726699829, -2.039313793182373, 8.709790229797363, -0.5954712629318237]",10.272674,17.944506,1,"[-3.9400773 20.582375   3.681353   7.343179  12.986776   1.7244117
  1.1226583 -2.1522439  8.818167  -0.388404 ]",,I pray for a miracle to happen for all of us on the ship.
448,9625,294,15,Ignore the situation and let people starve,pg,3.0,6.0,Ahmed is the captain of a 50-passenger cruise ship. Four days into their trip they get caught in a storm and the engine breaks under the pressure. They are now stranded at sea. A rescue boat is on its way but might not arrive for a week. Their food supplies are quickly dwindling and Ahmed isn’t sure what to instruct the passengers and crew.,is the captain of a 50-passenger cruise ship . Four days into trip get caught in a storm and the engine breaks under the pressure . are now stranded at sea . A rescue boat is on way but might not arrive for a week . food supplies are quickly dwindling and isn ’ t sure what to instruct the passengers and crew . : Ignore the situation and let people starve,-3.1083348,21.0609,3.9717758,7.8121047,12.865624,0.71890104,1.7164584,-2.804003,8.372675,3.3783615,"[-3.10833477973938, 21.06089973449707, 3.971775770187378, 7.81210470199585, 12.86562442779541, 0.7189010381698608, 1.7164584398269653, -2.8040030002593994, 8.372674942016602, 3.378361463546753]",10.022127,24.11844,0,"[-3.1458452  21.047504    3.9430132   7.7608495  12.853509    0.69244516
  1.6887629  -2.9216924   8.4453125   3.4295208 ]",,Do some math and ration food
449,9626,302,15,Keep mute,pg,3.0,2.33333333333333,Ahmed is the captain of a 50-passenger cruise ship. Four days into their trip they get caught in a storm and the engine breaks under the pressure. They are now stranded at sea. A rescue boat is on its way but might not arrive for a week. Their food supplies are quickly dwindling and Ahmed isn’t sure what to instruct the passengers and crew.,is the captain of a 50-passenger cruise ship . Four days into trip get caught in a storm and the engine breaks under the pressure . are now stranded at sea . A rescue boat is on way but might not arrive for a week . food supplies are quickly dwindling and isn ’ t sure what to instruct the passengers and crew . : Keep mute,-3.5407615,20.791927,3.7948697,7.5043216,13.075712,2.0716836,1.3491222,-2.3578148,8.644758,-0.78320783,"[-3.5407614707946777, 20.791927337646484, 3.7948696613311768, 7.504321575164795, 13.075712203979492, 2.071683645248413, 1.349122166633606, -2.3578147888183594, 8.644758224487305, -0.7832078337669373]",9.5906105,17.780396,1,"[-3.4471822  20.666515    3.9385123   7.3813643  13.241526    2.029008
  1.4364113  -2.2672248   8.528932   -0.19538808]",,I pray for a miracle to happen for all of us on the ship.
450,9627,305,15,Let the food dwindle away and everyone starve.,pg,3.0,3.0,Ahmed is the captain of a 50-passenger cruise ship. Four days into their trip they get caught in a storm and the engine breaks under the pressure. They are now stranded at sea. A rescue boat is on its way but might not arrive for a week. Their food supplies are quickly dwindling and Ahmed isn’t sure what to instruct the passengers and crew.,is the captain of a 50-passenger cruise ship . Four days into trip get caught in a storm and the engine breaks under the pressure . are now stranded at sea . A rescue boat is on way but might not arrive for a week . food supplies are quickly dwindling and isn ’ t sure what to instruct the passengers and crew . : Let the food dwindle away and everyone starve .,-3.0314426,21.099869,3.953689,7.8858094,12.803243,0.5966855,1.755954,-2.715911,8.308978,3.5754893,"[-3.031442642211914, 21.099868774414062, 3.9536890983581543, 7.885809421539307, 12.803242683410645, 0.596685528755188, 1.7559540271759033, -2.7159109115600586, 8.308978080749512, 3.5754892826080322]",10.252586,24.336096,0,"[-3.1458452  21.047504    3.9430132   7.7608495  12.853509    0.69244516
  1.6887629  -2.9216924   8.4453125   3.4295208 ]",,Do some math and ration food
451,9628,307,15,Wait it out and potentially starve,pg,3.0,80.0,Ahmed is the captain of a 50-passenger cruise ship. Four days into their trip they get caught in a storm and the engine breaks under the pressure. They are now stranded at sea. A rescue boat is on its way but might not arrive for a week. Their food supplies are quickly dwindling and Ahmed isn’t sure what to instruct the passengers and crew.,is the captain of a 50-passenger cruise ship . Four days into trip get caught in a storm and the engine breaks under the pressure . are now stranded at sea . A rescue boat is on way but might not arrive for a week . food supplies are quickly dwindling and isn ’ t sure what to instruct the passengers and crew . : Wait out and potentially starve,-3.0094368,21.10877,3.867176,7.873199,12.9532995,0.9165406,1.8717879,-2.8780692,8.3582945,2.9882743,"[-3.009436845779419, 21.1087703704834, 3.867176055908203, 7.873198986053467, 12.953299522399902, 0.9165406227111816, 1.8717879056930542, -2.8780691623687744, 8.358294486999512, 2.988274335861206]",9.532086,23.799633,0,"[-2.7724068 21.371      3.7459974  7.9590554 12.884674   0.7567073
  2.0065956 -2.9518974  8.444245   3.1534615]",,Do some math and ration food
452,9629,224,15,Nothing and hope for the best,pg,4.0,67.3333333333333,Ahmed is the captain of a 50-passenger cruise ship. Four days into their trip they get caught in a storm and the engine breaks under the pressure. They are now stranded at sea. A rescue boat is on its way but might not arrive for a week. Their food supplies are quickly dwindling and Ahmed isn’t sure what to instruct the passengers and crew.,is the captain of a 50-passenger cruise ship . Four days into trip get caught in a storm and the engine breaks under the pressure . are now stranded at sea . A rescue boat is on way but might not arrive for a week . food supplies are quickly dwindling and isn ’ t sure what to instruct the passengers and crew . : Nothing and hope for the best,-3.7864914,20.826775,3.9454985,7.268604,13.348353,2.067833,1.1768296,-1.9163055,8.538802,-0.28382814,"[-3.7864913940429688, 20.82677459716797, 3.945498466491699, 7.268603801727295, 13.348353385925293, 2.0678329467773438, 1.1768295764923096, -1.9163055419921875, 8.538802146911621, -0.28382813930511475]",10.220013,18.584396,1,"[-3.4471822  20.666515    3.9385123   7.3813643  13.241526    2.029008
  1.4364113  -2.2672248   8.528932   -0.19538808]",,I pray for a miracle to happen for all of us on the ship.
453,9630,253,15,Do not say anything about the situation,pg,4.0,0.0,Ahmed is the captain of a 50-passenger cruise ship. Four days into their trip they get caught in a storm and the engine breaks under the pressure. They are now stranded at sea. A rescue boat is on its way but might not arrive for a week. Their food supplies are quickly dwindling and Ahmed isn’t sure what to instruct the passengers and crew.,is the captain of a 50-passenger cruise ship . Four days into trip get caught in a storm and the engine breaks under the pressure . are now stranded at sea . A rescue boat is on way but might not arrive for a week . food supplies are quickly dwindling and isn ’ t sure what to instruct the passengers and crew . : Do not say anything about the situation,-3.1529572,20.722387,4.1033225,7.390137,13.259862,2.358782,1.5675824,-2.2694223,8.270791,-0.49810636,"[-3.1529572010040283, 20.722387313842773, 4.103322505950928, 7.390137195587158, 13.259861946105957, 2.3587820529937744, 1.567582368850708, -2.2694222927093506, 8.270791053771973, -0.49810636043548584]",8.705582,18.466864,1,"[-3.013786  20.806538   4.227114   7.3947954 13.269682   2.550066
  1.6250464 -2.287486   8.090393  -0.648244 ]",,I pray for a miracle to happen for all of us on the ship.
454,9631,295,15,Nothing,pg,4.0,17.3333333333333,Ahmed is the captain of a 50-passenger cruise ship. Four days into their trip they get caught in a storm and the engine breaks under the pressure. They are now stranded at sea. A rescue boat is on its way but might not arrive for a week. Their food supplies are quickly dwindling and Ahmed isn’t sure what to instruct the passengers and crew.,is the captain of a 50-passenger cruise ship . Four days into trip get caught in a storm and the engine breaks under the pressure . are now stranded at sea . A rescue boat is on way but might not arrive for a week . food supplies are quickly dwindling and isn ’ t sure what to instruct the passengers and crew . : Nothing,-3.676938,20.703611,3.929493,7.338776,13.29709,2.0179195,1.3427353,-1.9893031,8.629433,-0.063315995,"[-3.676938056945801, 20.703611373901367, 3.929492950439453, 7.338776111602783, 13.297089576721191, 2.0179195404052734, 1.3427352905273438, -1.9893031120300293, 8.629432678222656, -0.0633159950375557]",10.015305,18.675392,1,"[-3.4471822  20.666515    3.9385123   7.3813643  13.241526    2.029008
  1.4364113  -2.2672248   8.528932   -0.19538808]",,I pray for a miracle to happen for all of us on the ship.
455,9632,299,15,take his chances that the rescue boat will get there early,pg,4.0,11.6666666666667,Ahmed is the captain of a 50-passenger cruise ship. Four days into their trip they get caught in a storm and the engine breaks under the pressure. They are now stranded at sea. A rescue boat is on its way but might not arrive for a week. Their food supplies are quickly dwindling and Ahmed isn’t sure what to instruct the passengers and crew.,is the captain of a 50-passenger cruise ship . Four days into trip get caught in a storm and the engine breaks under the pressure . are now stranded at sea . A rescue boat is on way but might not arrive for a week . food supplies are quickly dwindling and isn ’ t sure what to instruct the passengers and crew . : take chances that the rescue boat will get there early,-4.033448,20.63085,3.6856499,7.3417835,12.9825535,1.725116,1.0365378,-2.0352752,8.774917,-0.48591736,"[-4.033448219299316, 20.630849838256836, 3.685649871826172, 7.34178352355957, 12.982553482055664, 1.7251160144805908, 1.036537766456604, -2.0352752208709717, 8.774916648864746, -0.4859173595905304]",10.520001,18.007862,1,"[-3.9400773 20.582375   3.681353   7.343179  12.986776   1.7244117
  1.1226583 -2.1522439  8.818167  -0.388404 ]",,I pray for a miracle to happen for all of us on the ship.
456,9633,215,15,do nothing,pg,5.0,37.6666666666667,Ahmed is the captain of a 50-passenger cruise ship. Four days into their trip they get caught in a storm and the engine breaks under the pressure. They are now stranded at sea. A rescue boat is on its way but might not arrive for a week. Their food supplies are quickly dwindling and Ahmed isn’t sure what to instruct the passengers and crew.,is the captain of a 50-passenger cruise ship . Four days into trip get caught in a storm and the engine breaks under the pressure . are now stranded at sea . A rescue boat is on way but might not arrive for a week . food supplies are quickly dwindling and isn ’ t sure what to instruct the passengers and crew . : do nothing,-3.6526415,20.785044,4.1214023,7.246681,13.436373,2.1699083,1.260839,-1.810236,8.40612,-0.005061626,"[-3.652641534805298, 20.785043716430664, 4.121402263641357, 7.246681213378906, 13.436372756958008, 2.169908285140991, 1.2608389854431152, -1.8102359771728516, 8.406120300292969, -0.005061625968664885]",10.204196,19.129793,1,"[-3.4471822  20.666515    3.9385123   7.3813643  13.241526    2.029008
  1.4364113  -2.2672248   8.528932   -0.19538808]",,I pray for a miracle to happen for all of us on the ship.
457,9634,234,15,Don't tell the passengers or crew anything.,pg,5.0,31.6666666666667,Ahmed is the captain of a 50-passenger cruise ship. Four days into their trip they get caught in a storm and the engine breaks under the pressure. They are now stranded at sea. A rescue boat is on its way but might not arrive for a week. Their food supplies are quickly dwindling and Ahmed isn’t sure what to instruct the passengers and crew.,is the captain of a 50-passenger cruise ship . Four days into trip get caught in a storm and the engine breaks under the pressure . are now stranded at sea . A rescue boat is on way but might not arrive for a week . food supplies are quickly dwindling and isn ’ t sure what to instruct the passengers and crew . : Do n't tell the passengers or crew anything .,-3.286684,20.674368,4.0474105,7.3884134,13.278317,2.1826992,1.5247782,-2.2748444,8.400071,-0.25379482,"[-3.286684036254883, 20.674367904663086, 4.047410488128662, 7.388413429260254, 13.27831745147705, 2.182699203491211, 1.5247782468795776, -2.2748444080352783, 8.400071144104004, -0.2537948191165924]",9.040771,18.65121,1,"[-3.4471822  20.666515    3.9385123   7.3813643  13.241526    2.029008
  1.4364113  -2.2672248   8.528932   -0.19538808]",,I pray for a miracle to happen for all of us on the ship.
458,9635,241,15,Act like doesn't speak english and don't understand when they ask him about it.,pg,5.0,0.0,Ahmed is the captain of a 50-passenger cruise ship. Four days into their trip they get caught in a storm and the engine breaks under the pressure. They are now stranded at sea. A rescue boat is on its way but might not arrive for a week. Their food supplies are quickly dwindling and Ahmed isn’t sure what to instruct the passengers and crew.,is the captain of a 50-passenger cruise ship . Four days into trip get caught in a storm and the engine breaks under the pressure . are now stranded at sea . A rescue boat is on way but might not arrive for a week . food supplies are quickly dwindling and isn ’ t sure what to instruct the passengers and crew . : Act like does n't speak english and do n't understand when ask about .,-3.4003234,20.604265,3.786364,7.498976,13.013015,1.9897081,1.5835847,-2.396692,8.665968,-0.471934,"[-3.4003233909606934, 20.604265213012695, 3.7863640785217285, 7.498976230621338, 13.013014793395996, 1.9897080659866333, 1.5835846662521362, -2.3966920375823975, 8.66596794128418, -0.4719339907169342]",9.249752,18.294447,1,"[-3.4471822  20.666515    3.9385123   7.3813643  13.241526    2.029008
  1.4364113  -2.2672248   8.528932   -0.19538808]",,I pray for a miracle to happen for all of us on the ship.
459,9636,258,15,Do nothing,pg,5.0,4.66666666666667,Ahmed is the captain of a 50-passenger cruise ship. Four days into their trip they get caught in a storm and the engine breaks under the pressure. They are now stranded at sea. A rescue boat is on its way but might not arrive for a week. Their food supplies are quickly dwindling and Ahmed isn’t sure what to instruct the passengers and crew.,is the captain of a 50-passenger cruise ship . Four days into trip get caught in a storm and the engine breaks under the pressure . are now stranded at sea . A rescue boat is on way but might not arrive for a week . food supplies are quickly dwindling and isn ’ t sure what to instruct the passengers and crew . : Do nothing,-3.6630645,20.80454,4.1447115,7.2085795,13.492087,2.2132435,1.2434214,-1.8045964,8.371126,-0.019010056,"[-3.663064479827881, 20.804540634155273, 4.144711494445801, 7.2085795402526855, 13.492087364196777, 2.2132434844970703, 1.2434214353561401, -1.8045964241027832, 8.371126174926758, -0.01901005581021309]",10.162984,19.143398,1,"[-3.4471822  20.666515    3.9385123   7.3813643  13.241526    2.029008
  1.4364113  -2.2672248   8.528932   -0.19538808]",,I pray for a miracle to happen for all of us on the ship.
460,9637,296,15,Feed everybody normally and worry about it later when they run out of food.,pg,5.0,40.0,Ahmed is the captain of a 50-passenger cruise ship. Four days into their trip they get caught in a storm and the engine breaks under the pressure. They are now stranded at sea. A rescue boat is on its way but might not arrive for a week. Their food supplies are quickly dwindling and Ahmed isn’t sure what to instruct the passengers and crew.,is the captain of a 50-passenger cruise ship . Four days into trip get caught in a storm and the engine breaks under the pressure . are now stranded at sea . A rescue boat is on way but might not arrive for a week . food supplies are quickly dwindling and isn ’ t sure what to instruct the passengers and crew . : Feed everybody normally and worry about later when run out of food .,-2.790391,21.500076,3.7424216,7.9658113,12.702051,0.6617887,2.0008378,-2.8618965,8.453127,3.36642,"[-2.790390968322754, 21.500076293945312, 3.7424216270446777, 7.965811252593994, 12.702051162719727, 0.6617887020111084, 2.000837802886963, -2.861896514892578, 8.453126907348633, 3.366420030593872]",9.495475,24.634089,0,"[-2.7724068 21.371      3.7459974  7.9590554 12.884674   0.7567073
  2.0065956 -2.9518974  8.444245   3.1534615]",,Do some math and ration food
461,9638,299,15,do nothing,pg,5.0,0.0,Ahmed is the captain of a 50-passenger cruise ship. Four days into their trip they get caught in a storm and the engine breaks under the pressure. They are now stranded at sea. A rescue boat is on its way but might not arrive for a week. Their food supplies are quickly dwindling and Ahmed isn’t sure what to instruct the passengers and crew.,is the captain of a 50-passenger cruise ship . Four days into trip get caught in a storm and the engine breaks under the pressure . are now stranded at sea . A rescue boat is on way but might not arrive for a week . food supplies are quickly dwindling and isn ’ t sure what to instruct the passengers and crew . : do nothing,-3.6318445,20.807667,4.1044827,7.2751045,13.402958,2.1451883,1.2866131,-1.7923185,8.429389,0.020191535,"[-3.6318445205688477, 20.807666778564453, 4.104482650756836, 7.275104522705078, 13.402957916259766, 2.145188331604004, 1.2866131067276, -1.7923184633255005, 8.429388999938965, 0.020191535353660583]",10.136715,19.21625,1,"[-3.4471822  20.666515    3.9385123   7.3813643  13.241526    2.029008
  1.4364113  -2.2672248   8.528932   -0.19538808]",,I pray for a miracle to happen for all of us on the ship.
462,9893,263,15,tell them everything and let them vote,pg,1.0,83.3333333333333,Ahmed is the captain of a 50-passenger cruise ship. Four days into their trip they get caught in a storm and the engine breaks under the pressure. They are now stranded at sea. A rescue boat is on its way but might not arrive for a week. Their food supplies are quickly dwindling and Ahmed isn’t sure what to instruct the passengers and crew.,is the captain of a 50-passenger cruise ship . Four days into trip get caught in a storm and the engine breaks under the pressure . are now stranded at sea . A rescue boat is on way but might not arrive for a week . food supplies are quickly dwindling and isn ’ t sure what to instruct the passengers and crew . : tell everything and let vote,-3.4426737,20.705708,3.9885097,7.40191,13.09792,2.1133232,1.4419638,-2.2123523,8.41306,-0.36822504,"[-3.442673683166504, 20.705707550048828, 3.9885096549987793, 7.401909828186035, 13.097920417785645, 2.113323211669922, 1.441963791847229, -2.2123522758483887, 8.413060188293457, -0.3682250380516052]",9.297394,18.406647,1,"[-3.4471822  20.666515    3.9385123   7.3813643  13.241526    2.029008
  1.4364113  -2.2672248   8.528932   -0.19538808]",,I pray for a miracle to happen for all of us on the ship.
463,9894,267,15,He could hold a vote for what to do,pg,1.0,94.0,Ahmed is the captain of a 50-passenger cruise ship. Four days into their trip they get caught in a storm and the engine breaks under the pressure. They are now stranded at sea. A rescue boat is on its way but might not arrive for a week. Their food supplies are quickly dwindling and Ahmed isn’t sure what to instruct the passengers and crew.,is the captain of a 50-passenger cruise ship . Four days into trip get caught in a storm and the engine breaks under the pressure . are now stranded at sea . A rescue boat is on way but might not arrive for a week . food supplies are quickly dwindling and isn ’ t sure what to instruct the passengers and crew . : hold a vote for what to do,-3.4190574,20.610472,3.861124,7.3215756,13.016537,1.9432374,1.4305767,-2.299334,8.418117,-0.064276,"[-3.4190573692321777, 20.610471725463867, 3.861124038696289, 7.32157564163208, 13.016536712646484, 1.9432374238967896, 1.4305766820907593, -2.2993340492248535, 8.418116569519043, -0.06427600234746933]",9.476072,18.73088,1,"[-3.4471822  20.666515    3.9385123   7.3813643  13.241526    2.029008
  1.4364113  -2.2672248   8.528932   -0.19538808]",,I pray for a miracle to happen for all of us on the ship.
464,9895,214,15,Work as a democracy - worth with everyone to find a solution,pg,2.0,85.0,Ahmed is the captain of a 50-passenger cruise ship. Four days into their trip they get caught in a storm and the engine breaks under the pressure. They are now stranded at sea. A rescue boat is on its way but might not arrive for a week. Their food supplies are quickly dwindling and Ahmed isn’t sure what to instruct the passengers and crew.,is the captain of a 50-passenger cruise ship . Four days into trip get caught in a storm and the engine breaks under the pressure . are now stranded at sea . A rescue boat is on way but might not arrive for a week . food supplies are quickly dwindling and isn ’ t sure what to instruct the passengers and crew . : Work as a democracy - worth with everyone to find a solution,-3.5924437,20.736712,3.6606936,7.309744,12.811546,1.7686051,1.2961235,-2.3337479,8.493274,0.021010391,"[-3.5924437046051025, 20.736711502075195, 3.660693645477295, 7.309743881225586, 12.811546325683594, 1.76860511302948, 1.2961235046386719, -2.3337478637695312, 8.493273735046387, 0.021010391414165497]",9.937695,18.592627,1,"[-3.6445827  20.663752    3.607818    7.4420924  12.94147     1.6022452
  1.3908336  -2.3558006   8.766497    0.20558095]",,I pray for a miracle to happen for all of us on the ship.
465,9896,289,15,"Call all the passengers and crew to a meeting, explain the situation, and have them choose their own leadership to handle rationing and distributing food.",pg,2.0,81.6666666666667,Ahmed is the captain of a 50-passenger cruise ship. Four days into their trip they get caught in a storm and the engine breaks under the pressure. They are now stranded at sea. A rescue boat is on its way but might not arrive for a week. Their food supplies are quickly dwindling and Ahmed isn’t sure what to instruct the passengers and crew.,"is the captain of a 50-passenger cruise ship . Four days into trip get caught in a storm and the engine breaks under the pressure . are now stranded at sea . A rescue boat is on way but might not arrive for a week . food supplies are quickly dwindling and isn ’ t sure what to instruct the passengers and crew . : Call all the passengers and crew to a meeting , explain the situation , and have choose own leadership to handle rationing and distributing food .",-3.077498,20.89962,3.6424952,7.591968,12.844454,1.4894875,1.7651936,-2.620111,8.346184,1.2219924,"[-3.077497959136963, 20.899620056152344, 3.6424951553344727, 7.591968059539795, 12.844453811645508, 1.4894875288009644, 1.7651935815811157, -2.6201109886169434, 8.346183776855469, 1.2219923734664917]",9.283698,22.370203,1,"[-3.6445827  20.663752    3.607818    7.4420924  12.94147     1.6022452
  1.3908336  -2.3558006   8.766497    0.20558095]",,I pray for a miracle to happen for all of us on the ship.
466,9897,283,15,Let the passengers know the situation and let them decide what to do,pg,3.0,14.6666666666667,Ahmed is the captain of a 50-passenger cruise ship. Four days into their trip they get caught in a storm and the engine breaks under the pressure. They are now stranded at sea. A rescue boat is on its way but might not arrive for a week. Their food supplies are quickly dwindling and Ahmed isn’t sure what to instruct the passengers and crew.,is the captain of a 50-passenger cruise ship . Four days into trip get caught in a storm and the engine breaks under the pressure . are now stranded at sea . A rescue boat is on way but might not arrive for a week . food supplies are quickly dwindling and isn ’ t sure what to instruct the passengers and crew . : Let the passengers know the situation and let decide what to do,-3.196729,20.47966,3.8924203,7.3620534,13.087397,2.0568154,1.6189592,-2.4379473,8.514087,-0.2652282,"[-3.1967289447784424, 20.479660034179688, 3.8924202919006348, 7.362053394317627, 13.087396621704102, 2.0568153858184814, 1.6189591884613037, -2.4379472732543945, 8.514086723327637, -0.2652282118797302]",9.2068815,18.51799,1,"[-3.4471822  20.666515    3.9385123   7.3813643  13.241526    2.029008
  1.4364113  -2.2672248   8.528932   -0.19538808]",,I pray for a miracle to happen for all of us on the ship.
467,9898,291,15,Let the passengers know what is going on and have them vote on it,pg,3.0,26.3333333333333,Ahmed is the captain of a 50-passenger cruise ship. Four days into their trip they get caught in a storm and the engine breaks under the pressure. They are now stranded at sea. A rescue boat is on its way but might not arrive for a week. Their food supplies are quickly dwindling and Ahmed isn’t sure what to instruct the passengers and crew.,is the captain of a 50-passenger cruise ship . Four days into trip get caught in a storm and the engine breaks under the pressure . are now stranded at sea . A rescue boat is on way but might not arrive for a week . food supplies are quickly dwindling and isn ’ t sure what to instruct the passengers and crew . : Let the passengers know what is going on and have vote on,-3.1729786,20.519245,3.8805277,7.3897753,13.104918,2.0724275,1.6360186,-2.4672925,8.48937,-0.29904962,"[-3.172978639602661, 20.519245147705078, 3.8805277347564697, 7.389775276184082, 13.104917526245117, 2.07242751121521, 1.6360186338424683, -2.467292547225952, 8.489370346069336, -0.29904961585998535]",9.111962,18.545656,1,"[-3.4471822  20.666515    3.9385123   7.3813643  13.241526    2.029008
  1.4364113  -2.2672248   8.528932   -0.19538808]",,I pray for a miracle to happen for all of us on the ship.
468,9899,217,15,Explain the situation to passengers and ask for their advice.,pg,5.0,51.6666666666667,Ahmed is the captain of a 50-passenger cruise ship. Four days into their trip they get caught in a storm and the engine breaks under the pressure. They are now stranded at sea. A rescue boat is on its way but might not arrive for a week. Their food supplies are quickly dwindling and Ahmed isn’t sure what to instruct the passengers and crew.,is the captain of a 50-passenger cruise ship . Four days into trip get caught in a storm and the engine breaks under the pressure . are now stranded at sea . A rescue boat is on way but might not arrive for a week . food supplies are quickly dwindling and isn ’ t sure what to instruct the passengers and crew . : Explain the situation to passengers and ask for advice .,-3.6291904,20.659878,3.7648787,7.52968,13.045117,1.8962443,1.5086375,-2.3068352,8.716678,-0.29029754,"[-3.629190444946289, 20.65987777709961, 3.764878749847412, 7.529679775238037, 13.045117378234863, 1.8962442874908447, 1.508637547492981, -2.306835174560547, 8.71667766571045, -0.2902975380420685]",9.761565,18.235506,1,"[-3.4471822  20.666515    3.9385123   7.3813643  13.241526    2.029008
  1.4364113  -2.2672248   8.528932   -0.19538808]",,I pray for a miracle to happen for all of us on the ship.
469,10056,217,15,Hoard the food for himself.,pg,2.0,5.66666666666667,Ahmed is the captain of a 50-passenger cruise ship. Four days into their trip they get caught in a storm and the engine breaks under the pressure. They are now stranded at sea. A rescue boat is on its way but might not arrive for a week. Their food supplies are quickly dwindling and Ahmed isn’t sure what to instruct the passengers and crew.,is the captain of a 50-passenger cruise ship . Four days into trip get caught in a storm and the engine breaks under the pressure . are now stranded at sea . A rescue boat is on way but might not arrive for a week . food supplies are quickly dwindling and isn ’ t sure what to instruct the passengers and crew . : Hoard the food for .,-3.1277606,21.05858,3.8221605,7.7585754,12.850677,0.6317494,1.8136436,-3.1845455,8.548705,3.5616753,"[-3.127760648727417, 21.05858039855957, 3.822160482406616, 7.758575439453125, 12.850676536560059, 0.6317493915557861, 1.8136435747146606, -3.1845455169677734, 8.548705101013184, 3.5616753101348877]",9.918722,24.198547,0,"[-3.1458452  21.047504    3.9430132   7.7608495  12.853509    0.69244516
  1.6887629  -2.9216924   8.4453125   3.4295208 ]",,Do some math and ration food
470,10057,278,15,Hoard food for himself and let everyone else struggle,pg,2.0,20.0,Ahmed is the captain of a 50-passenger cruise ship. Four days into their trip they get caught in a storm and the engine breaks under the pressure. They are now stranded at sea. A rescue boat is on its way but might not arrive for a week. Their food supplies are quickly dwindling and Ahmed isn’t sure what to instruct the passengers and crew.,is the captain of a 50-passenger cruise ship . Four days into trip get caught in a storm and the engine breaks under the pressure . are now stranded at sea . A rescue boat is on way but might not arrive for a week . food supplies are quickly dwindling and isn ’ t sure what to instruct the passengers and crew . : Hoard food for and let everyone else struggle,-3.0843046,21.096472,3.881341,7.8060064,12.875882,0.6872567,1.8033571,-3.1302118,8.464506,3.555983,"[-3.0843045711517334, 21.096471786499023, 3.881340980529785, 7.80600643157959, 12.875882148742676, 0.6872566938400269, 1.8033571243286133, -3.13021183013916, 8.464506149291992, 3.555983066558838]",9.995125,24.210838,0,"[-3.1458452  21.047504    3.9430132   7.7608495  12.853509    0.69244516
  1.6887629  -2.9216924   8.4453125   3.4295208 ]",,Do some math and ration food
471,10058,258,15,Horde the food for himself,pg,3.0,0.0,Ahmed is the captain of a 50-passenger cruise ship. Four days into their trip they get caught in a storm and the engine breaks under the pressure. They are now stranded at sea. A rescue boat is on its way but might not arrive for a week. Their food supplies are quickly dwindling and Ahmed isn’t sure what to instruct the passengers and crew.,is the captain of a 50-passenger cruise ship . Four days into trip get caught in a storm and the engine breaks under the pressure . are now stranded at sea . A rescue boat is on way but might not arrive for a week . food supplies are quickly dwindling and isn ’ t sure what to instruct the passengers and crew . : Horde the food for,-2.964137,21.238674,3.6783829,7.7994704,12.829674,0.47727478,2.024072,-3.1712704,8.5733795,3.6527653,"[-2.964137077331543, 21.23867416381836, 3.6783828735351562, 7.7994704246521, 12.829673767089844, 0.4772747755050659, 2.0240719318389893, -3.1712703704833984, 8.573379516601562, 3.6527652740478516]",9.72029,24.375502,0,"[-2.7441764 21.471848   3.8376455  8.027677  12.746755   0.5944112
  1.9096599 -3.0311432  8.425255   3.7557979]",,Do some math and ration food
472,10059,262,15,horde food for himself,pg,3.0,16.6666666666667,Ahmed is the captain of a 50-passenger cruise ship. Four days into their trip they get caught in a storm and the engine breaks under the pressure. They are now stranded at sea. A rescue boat is on its way but might not arrive for a week. Their food supplies are quickly dwindling and Ahmed isn’t sure what to instruct the passengers and crew.,is the captain of a 50-passenger cruise ship . Four days into trip get caught in a storm and the engine breaks under the pressure . are now stranded at sea . A rescue boat is on way but might not arrive for a week . food supplies are quickly dwindling and isn ’ t sure what to instruct the passengers and crew . : horde food for,-2.854059,21.306643,3.6556985,7.7980256,12.932502,0.4557327,2.1236513,-3.21047,8.563474,3.6224365,"[-2.8540589809417725, 21.306642532348633, 3.655698537826538, 7.798025608062744, 12.932501792907715, 0.45573270320892334, 2.1236512660980225, -3.210469961166382, 8.56347370147705, 3.6224365234375]",9.821847,24.31148,0,"[-2.7441764 21.471848   3.8376455  8.027677  12.746755   0.5944112
  1.9096599 -3.0311432  8.425255   3.7557979]",,Do some math and ration food
473,10060,275,15,hoard the food for himself,pg,3.0,17.3333333333333,Ahmed is the captain of a 50-passenger cruise ship. Four days into their trip they get caught in a storm and the engine breaks under the pressure. They are now stranded at sea. A rescue boat is on its way but might not arrive for a week. Their food supplies are quickly dwindling and Ahmed isn’t sure what to instruct the passengers and crew.,is the captain of a 50-passenger cruise ship . Four days into trip get caught in a storm and the engine breaks under the pressure . are now stranded at sea . A rescue boat is on way but might not arrive for a week . food supplies are quickly dwindling and isn ’ t sure what to instruct the passengers and crew . : hoard the food for,-3.0302935,21.085783,3.8044026,7.834462,12.914542,0.6343673,1.889836,-3.235713,8.46859,3.5997543,"[-3.0302934646606445, 21.085783004760742, 3.8044025897979736, 7.8344621658325195, 12.914542198181152, 0.6343672871589661, 1.8898359537124634, -3.235713005065918, 8.468589782714844, 3.5997543334960938]",9.909793,24.147446,0,"[-3.1458452  21.047504    3.9430132   7.7608495  12.853509    0.69244516
  1.6887629  -2.9216924   8.4453125   3.4295208 ]",,Do some math and ration food
474,10061,283,15,Hoard enough food for himself and leave the rest to fend for themselves,pg,4.0,17.6666666666667,Ahmed is the captain of a 50-passenger cruise ship. Four days into their trip they get caught in a storm and the engine breaks under the pressure. They are now stranded at sea. A rescue boat is on its way but might not arrive for a week. Their food supplies are quickly dwindling and Ahmed isn’t sure what to instruct the passengers and crew.,is the captain of a 50-passenger cruise ship . Four days into trip get caught in a storm and the engine breaks under the pressure . are now stranded at sea . A rescue boat is on way but might not arrive for a week . food supplies are quickly dwindling and isn ’ t sure what to instruct the passengers and crew . : Hoard enough food for and leave the rest to fend for,-3.1940234,20.97635,3.8834782,7.7330003,12.910059,0.73841196,1.7637552,-3.1125665,8.491808,3.4043722,"[-3.194023370742798, 20.976350784301758, 3.8834781646728516, 7.7330002784729, 12.910058975219727, 0.7384119629859924, 1.763755202293396, -3.1125664710998535, 8.49180793762207, 3.404372215270996]",9.936038,24.021318,0,"[-3.1458452  21.047504    3.9430132   7.7608495  12.853509    0.69244516
  1.6887629  -2.9216924   8.4453125   3.4295208 ]",,Do some math and ration food
475,10062,289,15,"Hoard large amounts of food for himself, then lock himself in his cabin and let the passengers and crew fend for themselves.",pg,4.0,12.0,Ahmed is the captain of a 50-passenger cruise ship. Four days into their trip they get caught in a storm and the engine breaks under the pressure. They are now stranded at sea. A rescue boat is on its way but might not arrive for a week. Their food supplies are quickly dwindling and Ahmed isn’t sure what to instruct the passengers and crew.,"is the captain of a 50-passenger cruise ship . Four days into trip get caught in a storm and the engine breaks under the pressure . are now stranded at sea . A rescue boat is on way but might not arrive for a week . food supplies are quickly dwindling and isn ’ t sure what to instruct the passengers and crew . : Hoard large amounts of food for , then lock in cabin and let the passengers and crew fend for .",-3.1550565,21.013151,3.8532362,7.7525268,12.924472,0.72905904,1.8188906,-3.1315722,8.49184,3.4222884,"[-3.1550564765930176, 21.013151168823242, 3.853236198425293, 7.752526760101318, 12.924471855163574, 0.7290590405464172, 1.8188905715942383, -3.1315722465515137, 8.491840362548828, 3.422288417816162]",10.016389,23.936993,0,"[-3.1458452  21.047504    3.9430132   7.7608495  12.853509    0.69244516
  1.6887629  -2.9216924   8.4453125   3.4295208 ]",,Do some math and ration food
476,10063,302,15,Keep food for himself,pg,4.0,5.33333333333333,Ahmed is the captain of a 50-passenger cruise ship. Four days into their trip they get caught in a storm and the engine breaks under the pressure. They are now stranded at sea. A rescue boat is on its way but might not arrive for a week. Their food supplies are quickly dwindling and Ahmed isn’t sure what to instruct the passengers and crew.,is the captain of a 50-passenger cruise ship . Four days into trip get caught in a storm and the engine breaks under the pressure . are now stranded at sea . A rescue boat is on way but might not arrive for a week . food supplies are quickly dwindling and isn ’ t sure what to instruct the passengers and crew . : Keep food for,-2.6910546,21.378836,3.8529058,8.042905,13.018791,0.86608183,2.0042906,-3.2167778,8.321076,3.3872087,"[-2.691054582595825, 21.378835678100586, 3.852905750274658, 8.0429048538208, 13.018791198730469, 0.8660818338394165, 2.0042905807495117, -3.216777801513672, 8.321076393127441, 3.3872087001800537]",9.278739,24.301989,0,"[-2.7724068 21.371      3.7459974  7.9590554 12.884674   0.7567073
  2.0065956 -2.9518974  8.444245   3.1534615]",,Do some math and ration food
477,10064,240,15,take charge and keep all the food,pg,5.0,0.666666666666667,Ahmed is the captain of a 50-passenger cruise ship. Four days into their trip they get caught in a storm and the engine breaks under the pressure. They are now stranded at sea. A rescue boat is on its way but might not arrive for a week. Their food supplies are quickly dwindling and Ahmed isn’t sure what to instruct the passengers and crew.,is the captain of a 50-passenger cruise ship . Four days into trip get caught in a storm and the engine breaks under the pressure . are now stranded at sea . A rescue boat is on way but might not arrive for a week . food supplies are quickly dwindling and isn ’ t sure what to instruct the passengers and crew . : take charge and keep all the food,-2.9269016,21.163332,3.6080601,7.897179,12.89274,1.0455483,2.0644548,-3.077498,8.352089,2.6898034,"[-2.9269015789031982, 21.163331985473633, 3.608060121536255, 7.897179126739502, 12.892740249633789, 1.0455483198165894, 2.0644547939300537, -3.077497959136963, 8.352088928222656, 2.6898033618927]",9.377351,23.5828,0,"[-2.7720344 21.198093   3.524655   8.050342  12.951804   1.1348985
  2.1959908 -2.8224287  8.259791   2.3755927]",,Do some math and ration food
478,10065,253,15,Hold all the food for himself and crew,pg,5.0,0.0,Ahmed is the captain of a 50-passenger cruise ship. Four days into their trip they get caught in a storm and the engine breaks under the pressure. They are now stranded at sea. A rescue boat is on its way but might not arrive for a week. Their food supplies are quickly dwindling and Ahmed isn’t sure what to instruct the passengers and crew.,is the captain of a 50-passenger cruise ship . Four days into trip get caught in a storm and the engine breaks under the pressure . are now stranded at sea . A rescue boat is on way but might not arrive for a week . food supplies are quickly dwindling and isn ’ t sure what to instruct the passengers and crew . : Hold all the food for and crew,-2.8713994,21.211296,3.7466223,7.9804244,12.910836,0.9662163,1.9855889,-3.2173798,8.278654,3.1910431,"[-2.871399402618408, 21.21129608154297, 3.746622323989868, 7.980424404144287, 12.910836219787598, 0.9662163257598877, 1.9855889081954956, -3.2173798084259033, 8.278654098510742, 3.1910431385040283]",9.240609,23.931046,0,"[-2.7724068 21.371      3.7459974  7.9590554 12.884674   0.7567073
  2.0065956 -2.9518974  8.444245   3.1534615]",,Do some math and ration food
479,10066,266,15,Hide the food supplies for himself.,pg,5.0,11.6666666666667,Ahmed is the captain of a 50-passenger cruise ship. Four days into their trip they get caught in a storm and the engine breaks under the pressure. They are now stranded at sea. A rescue boat is on its way but might not arrive for a week. Their food supplies are quickly dwindling and Ahmed isn’t sure what to instruct the passengers and crew.,is the captain of a 50-passenger cruise ship . Four days into trip get caught in a storm and the engine breaks under the pressure . are now stranded at sea . A rescue boat is on way but might not arrive for a week . food supplies are quickly dwindling and isn ’ t sure what to instruct the passengers and crew . : Hide the food supplies for .,-2.659613,21.180687,3.717971,8.1284685,13.04369,0.75633705,2.1462214,-3.5380223,8.276986,3.6055202,"[-2.6596128940582275, 21.180686950683594, 3.717971086502075, 8.12846851348877, 13.043689727783203, 0.75633704662323, 2.146221399307251, -3.53802227973938, 8.276986122131348, 3.605520248413086]",8.760585,24.518274,0,"[-2.539899   21.376513    3.7032785   8.16124    13.059622    0.74750316
  2.236266   -3.401897    8.24102     3.61381   ]",,Do some math and ration food
480,10067,287,15,Keep all food for himself,pg,5.0,5.66666666666667,Ahmed is the captain of a 50-passenger cruise ship. Four days into their trip they get caught in a storm and the engine breaks under the pressure. They are now stranded at sea. A rescue boat is on its way but might not arrive for a week. Their food supplies are quickly dwindling and Ahmed isn’t sure what to instruct the passengers and crew.,is the captain of a 50-passenger cruise ship . Four days into trip get caught in a storm and the engine breaks under the pressure . are now stranded at sea . A rescue boat is on way but might not arrive for a week . food supplies are quickly dwindling and isn ’ t sure what to instruct the passengers and crew . : Keep all food for,-2.7960043,21.268389,3.8271093,8.016985,12.998572,0.96735317,1.9717796,-3.2031865,8.303233,3.219687,"[-2.796004295349121, 21.268388748168945, 3.8271093368530273, 8.016984939575195, 12.99857234954834, 0.9673531651496887, 1.9717795848846436, -3.203186511993408, 8.30323314666748, 3.219686985015869]",9.181055,24.156288,0,"[-2.7724068 21.371      3.7459974  7.9590554 12.884674   0.7567073
  2.0065956 -2.9518974  8.444245   3.1534615]",,Do some math and ration food
481,10068,288,15,secure the food supply,pg,5.0,84.0,Ahmed is the captain of a 50-passenger cruise ship. Four days into their trip they get caught in a storm and the engine breaks under the pressure. They are now stranded at sea. A rescue boat is on its way but might not arrive for a week. Their food supplies are quickly dwindling and Ahmed isn’t sure what to instruct the passengers and crew.,is the captain of a 50-passenger cruise ship . Four days into trip get caught in a storm and the engine breaks under the pressure . are now stranded at sea . A rescue boat is on way but might not arrive for a week . food supplies are quickly dwindling and isn ’ t sure what to instruct the passengers and crew . : secure the food supply,-2.4615092,21.493395,3.7148361,8.203423,13.140636,0.8463532,2.3135087,-3.4564443,8.168255,3.6221097,"[-2.4615092277526855, 21.49339485168457, 3.7148361206054688, 8.203422546386719, 13.140636444091797, 0.8463531732559204, 2.3135087490081787, -3.456444263458252, 8.168254852294922, 3.6221096515655518]",8.676004,24.843353,0,"[-2.539899   21.376513    3.7032785   8.16124    13.059622    0.74750316
  2.236266   -3.401897    8.24102     3.61381   ]",,Do some math and ration food
482,10199,213,15,He could try to fix the engine,pg,2.0,100.0,Ahmed is the captain of a 50-passenger cruise ship. Four days into their trip they get caught in a storm and the engine breaks under the pressure. They are now stranded at sea. A rescue boat is on its way but might not arrive for a week. Their food supplies are quickly dwindling and Ahmed isn’t sure what to instruct the passengers and crew.,is the captain of a 50-passenger cruise ship . Four days into trip get caught in a storm and the engine breaks under the pressure . are now stranded at sea . A rescue boat is on way but might not arrive for a week . food supplies are quickly dwindling and isn ’ t sure what to instruct the passengers and crew . : try to fix the engine,-4.5441456,20.73593,3.5798972,7.2241497,12.999479,1.9829031,0.9199875,-1.6367095,8.527933,-1.3629773,"[-4.544145584106445, 20.735929489135742, 3.579897165298462, 7.224149703979492, 12.999479293823242, 1.9829031229019165, 0.9199874997138977, -1.636709451675415, 8.527933120727539, -1.3629772663116455]",11.038099,16.816608,3,"[-4.5539865  20.74448     3.5389936   7.2325172  12.953913    1.9741645
  0.93553674 -1.6603737   8.506085   -1.3944145 ]",,I would attempt to repair the engine.
483,10200,236,15,Fix the engine,pg,2.0,80.0,Ahmed is the captain of a 50-passenger cruise ship. Four days into their trip they get caught in a storm and the engine breaks under the pressure. They are now stranded at sea. A rescue boat is on its way but might not arrive for a week. Their food supplies are quickly dwindling and Ahmed isn’t sure what to instruct the passengers and crew.,is the captain of a 50-passenger cruise ship . Four days into trip get caught in a storm and the engine breaks under the pressure . are now stranded at sea . A rescue boat is on way but might not arrive for a week . food supplies are quickly dwindling and isn ’ t sure what to instruct the passengers and crew . : Fix the engine,-4.60184,20.722284,3.574568,7.2284236,12.989214,1.96818,0.88912714,-1.6063108,8.519781,-1.4413007,"[-4.601840019226074, 20.7222843170166, 3.574568033218384, 7.228423595428467, 12.989213943481445, 1.9681799411773682, 0.8891271352767944, -1.6063108444213867, 8.519781112670898, -1.4413007497787476]",11.116963,16.720827,3,"[-4.5539865  20.74448     3.5389936   7.2325172  12.953913    1.9741645
  0.93553674 -1.6603737   8.506085   -1.3944145 ]",,I would attempt to repair the engine.
484,10201,261,15,Try to repair the engine,pg,2.0,75.0,Ahmed is the captain of a 50-passenger cruise ship. Four days into their trip they get caught in a storm and the engine breaks under the pressure. They are now stranded at sea. A rescue boat is on its way but might not arrive for a week. Their food supplies are quickly dwindling and Ahmed isn’t sure what to instruct the passengers and crew.,is the captain of a 50-passenger cruise ship . Four days into trip get caught in a storm and the engine breaks under the pressure . are now stranded at sea . A rescue boat is on way but might not arrive for a week . food supplies are quickly dwindling and isn ’ t sure what to instruct the passengers and crew . : Try to repair the engine,-4.526373,20.753206,3.5547764,7.2658753,12.988753,1.9948895,0.96951866,-1.6897187,8.534489,-1.3655409,"[-4.526372909545898, 20.753206253051758, 3.554776430130005, 7.265875339508057, 12.988753318786621, 1.994889497756958, 0.9695186614990234, -1.6897187232971191, 8.534488677978516, -1.365540862083435]",11.089042,16.773552,3,"[-4.5539865  20.74448     3.5389936   7.2325172  12.953913    1.9741645
  0.93553674 -1.6603737   8.506085   -1.3944145 ]",,I would attempt to repair the engine.
485,10202,298,15,Fix the engine,pg,2.0,80.0,Ahmed is the captain of a 50-passenger cruise ship. Four days into their trip they get caught in a storm and the engine breaks under the pressure. They are now stranded at sea. A rescue boat is on its way but might not arrive for a week. Their food supplies are quickly dwindling and Ahmed isn’t sure what to instruct the passengers and crew.,is the captain of a 50-passenger cruise ship . Four days into trip get caught in a storm and the engine breaks under the pressure . are now stranded at sea . A rescue boat is on way but might not arrive for a week . food supplies are quickly dwindling and isn ’ t sure what to instruct the passengers and crew . : Fix the engine,-4.6123114,20.758268,3.5297997,7.2306647,12.933655,1.9939382,0.9200189,-1.6294525,8.473301,-1.4743307,"[-4.612311363220215, 20.758268356323242, 3.529799699783325, 7.2306647300720215, 12.93365478515625, 1.9939382076263428, 0.9200189113616943, -1.6294524669647217, 8.47330093383789, -1.4743306636810303]",11.110891,16.732132,3,"[-4.5539865  20.74448     3.5389936   7.2325172  12.953913    1.9741645
  0.93553674 -1.6603737   8.506085   -1.3944145 ]",,I would attempt to repair the engine.
486,10203,308,15,Try to repair the engine,pg,2.0,100.0,Ahmed is the captain of a 50-passenger cruise ship. Four days into their trip they get caught in a storm and the engine breaks under the pressure. They are now stranded at sea. A rescue boat is on its way but might not arrive for a week. Their food supplies are quickly dwindling and Ahmed isn’t sure what to instruct the passengers and crew.,is the captain of a 50-passenger cruise ship . Four days into trip get caught in a storm and the engine breaks under the pressure . are now stranded at sea . A rescue boat is on way but might not arrive for a week . food supplies are quickly dwindling and isn ’ t sure what to instruct the passengers and crew . : Try to repair the engine,-4.546488,20.754568,3.5159376,7.257542,12.938858,1.9974415,0.9759001,-1.6934055,8.494378,-1.4087309,"[-4.546487808227539, 20.754568099975586, 3.515937566757202, 7.257542133331299, 12.938858032226562, 1.9974415302276611, 0.9759001135826111, -1.6934055089950562, 8.494378089904785, -1.4087308645248413]",11.062842,16.792664,3,"[-4.5539865  20.74448     3.5389936   7.2325172  12.953913    1.9741645
  0.93553674 -1.6603737   8.506085   -1.3944145 ]",,I would attempt to repair the engine.
487,10204,256,15,Try to fix the engine,pg,3.0,100.0,Ahmed is the captain of a 50-passenger cruise ship. Four days into their trip they get caught in a storm and the engine breaks under the pressure. They are now stranded at sea. A rescue boat is on its way but might not arrive for a week. Their food supplies are quickly dwindling and Ahmed isn’t sure what to instruct the passengers and crew.,is the captain of a 50-passenger cruise ship . Four days into trip get caught in a storm and the engine breaks under the pressure . are now stranded at sea . A rescue boat is on way but might not arrive for a week . food supplies are quickly dwindling and isn ’ t sure what to instruct the passengers and crew . : Try to fix the engine,-4.581183,20.653238,3.5325618,7.186938,12.988081,1.9713435,0.89586407,-1.592847,8.480132,-1.4390101,"[-4.581182956695557, 20.65323829650879, 3.532561779022217, 7.1869378089904785, 12.988080978393555, 1.9713435173034668, 0.8958640694618225, -1.5928469896316528, 8.480132102966309, -1.4390101432800293]",11.071307,16.783705,3,"[-4.5539865  20.74448     3.5389936   7.2325172  12.953913    1.9741645
  0.93553674 -1.6603737   8.506085   -1.3944145 ]",,I would attempt to repair the engine.
488,10205,212,15,Try to fix the boat,pg,4.0,61.3333333333333,Ahmed is the captain of a 50-passenger cruise ship. Four days into their trip they get caught in a storm and the engine breaks under the pressure. They are now stranded at sea. A rescue boat is on its way but might not arrive for a week. Their food supplies are quickly dwindling and Ahmed isn’t sure what to instruct the passengers and crew.,is the captain of a 50-passenger cruise ship . Four days into trip get caught in a storm and the engine breaks under the pressure . are now stranded at sea . A rescue boat is on way but might not arrive for a week . food supplies are quickly dwindling and isn ’ t sure what to instruct the passengers and crew . : Try to fix the boat,-4.4684906,20.762106,3.495258,7.2310524,12.882146,1.9172673,0.99376,-1.7551258,8.524816,-1.2625839,"[-4.4684906005859375, 20.76210594177246, 3.495258092880249, 7.231052398681641, 12.882145881652832, 1.9172673225402832, 0.9937599897384644, -1.7551257610321045, 8.524815559387207, -1.26258385181427]",10.962895,16.921812,3,"[-4.5539865  20.74448     3.5389936   7.2325172  12.953913    1.9741645
  0.93553674 -1.6603737   8.506085   -1.3944145 ]",,I would attempt to repair the engine.
489,10206,220,15,Attempt repairs.,pg,5.0,100.0,Ahmed is the captain of a 50-passenger cruise ship. Four days into their trip they get caught in a storm and the engine breaks under the pressure. They are now stranded at sea. A rescue boat is on its way but might not arrive for a week. Their food supplies are quickly dwindling and Ahmed isn’t sure what to instruct the passengers and crew.,is the captain of a 50-passenger cruise ship . Four days into trip get caught in a storm and the engine breaks under the pressure . are now stranded at sea . A rescue boat is on way but might not arrive for a week . food supplies are quickly dwindling and isn ’ t sure what to instruct the passengers and crew . : Attempt repairs .,-4.499326,20.794916,3.4989605,7.234717,12.885256,1.9198295,0.9619694,-1.7451279,8.519212,-1.3152589,"[-4.499326229095459, 20.7949161529541, 3.498960494995117, 7.234716892242432, 12.885255813598633, 1.9198294878005981, 0.9619693756103516, -1.7451279163360596, 8.519211769104004, -1.3152588605880737]",10.999614,16.881763,3,"[-4.5539865  20.74448     3.5389936   7.2325172  12.953913    1.9741645
  0.93553674 -1.6603737   8.506085   -1.3944145 ]",,I would attempt to repair the engine.
490,10207,252,15,Repair the engine,pg,5.0,99.6666666666667,Ahmed is the captain of a 50-passenger cruise ship. Four days into their trip they get caught in a storm and the engine breaks under the pressure. They are now stranded at sea. A rescue boat is on its way but might not arrive for a week. Their food supplies are quickly dwindling and Ahmed isn’t sure what to instruct the passengers and crew.,is the captain of a 50-passenger cruise ship . Four days into trip get caught in a storm and the engine breaks under the pressure . are now stranded at sea . A rescue boat is on way but might not arrive for a week . food supplies are quickly dwindling and isn ’ t sure what to instruct the passengers and crew . : Repair the engine,-4.5896177,20.75218,3.5108662,7.2439365,12.909524,2.0152667,0.94337267,-1.6313436,8.450917,-1.4669486,"[-4.589617729187012, 20.752180099487305, 3.510866165161133, 7.243936538696289, 12.909523963928223, 2.0152666568756104, 0.9433726668357849, -1.6313436031341553, 8.45091724395752, -1.4669486284255981]",11.099204,16.747334,3,"[-4.5539865  20.74448     3.5389936   7.2325172  12.953913    1.9741645
  0.93553674 -1.6603737   8.506085   -1.3944145 ]",,I would attempt to repair the engine.
491,10261,231,15,say jokes to them,pg,2.0,71.0,Ahmed is the captain of a 50-passenger cruise ship. Four days into their trip they get caught in a storm and the engine breaks under the pressure. They are now stranded at sea. A rescue boat is on its way but might not arrive for a week. Their food supplies are quickly dwindling and Ahmed isn’t sure what to instruct the passengers and crew.,is the captain of a 50-passenger cruise ship . Four days into trip get caught in a storm and the engine breaks under the pressure . are now stranded at sea . A rescue boat is on way but might not arrive for a week . food supplies are quickly dwindling and isn ’ t sure what to instruct the passengers and crew . : say jokes to,-3.4072382,20.887966,3.9307559,7.502539,13.214981,2.1727493,1.479259,-2.3025994,8.526631,-0.5193612,"[-3.407238245010376, 20.88796615600586, 3.930755853652954, 7.502539157867432, 13.214981079101562, 2.1727492809295654, 1.4792590141296387, -2.3025994300842285, 8.526631355285645, -0.5193611979484558]",9.264305,18.146534,1,"[-3.4471822  20.666515    3.9385123   7.3813643  13.241526    2.029008
  1.4364113  -2.2672248   8.528932   -0.19538808]",,I pray for a miracle to happen for all of us on the ship.
492,10262,247,15,encourage music to help calm passengers,pg,2.0,80.3333333333333,Ahmed is the captain of a 50-passenger cruise ship. Four days into their trip they get caught in a storm and the engine breaks under the pressure. They are now stranded at sea. A rescue boat is on its way but might not arrive for a week. Their food supplies are quickly dwindling and Ahmed isn’t sure what to instruct the passengers and crew.,is the captain of a 50-passenger cruise ship . Four days into trip get caught in a storm and the engine breaks under the pressure . are now stranded at sea . A rescue boat is on way but might not arrive for a week . food supplies are quickly dwindling and isn ’ t sure what to instruct the passengers and crew . : encourage music to help calm passengers,-3.261374,21.141623,3.8068752,7.6638803,14.16462,2.2122185,1.6710496,-2.9267592,9.058976,-0.42234808,"[-3.261373996734619, 21.14162254333496, 3.806875228881836, 7.663880348205566, 14.164620399475098, 2.2122185230255127, 1.6710495948791504, -2.9267592430114746, 9.058976173400879, -0.4223480820655823]",8.89689,17.215435,1,"[-3.2833366  20.987505    3.8097646   7.5450077  13.942098    2.1630592
  1.5749658  -2.8369474   8.920529   -0.47967017]",,I pray for a miracle to happen for all of us on the ship.
493,10263,264,15,Keep the passengers entertained,pg,2.0,96.6666666666667,Ahmed is the captain of a 50-passenger cruise ship. Four days into their trip they get caught in a storm and the engine breaks under the pressure. They are now stranded at sea. A rescue boat is on its way but might not arrive for a week. Their food supplies are quickly dwindling and Ahmed isn’t sure what to instruct the passengers and crew.,is the captain of a 50-passenger cruise ship . Four days into trip get caught in a storm and the engine breaks under the pressure . are now stranded at sea . A rescue boat is on way but might not arrive for a week . food supplies are quickly dwindling and isn ’ t sure what to instruct the passengers and crew . : Keep the passengers entertained,-3.4539065,21.068407,3.83782,7.6453633,13.830455,2.0605915,1.6015365,-2.5949116,9.0125,-0.11618346,"[-3.453906536102295, 21.06840705871582, 3.837820053100586, 7.6453633308410645, 13.83045482635498, 2.060591459274292, 1.601536512374878, -2.594911575317383, 9.012499809265137, -0.11618345975875854]",9.300117,17.268541,1,"[-3.2833366  20.987505    3.8097646   7.5450077  13.942098    2.1630592
  1.5749658  -2.8369474   8.920529   -0.47967017]",,I pray for a miracle to happen for all of us on the ship.
494,10264,306,15,keep people busy doing stuff,pg,2.0,89.0,Ahmed is the captain of a 50-passenger cruise ship. Four days into their trip they get caught in a storm and the engine breaks under the pressure. They are now stranded at sea. A rescue boat is on its way but might not arrive for a week. Their food supplies are quickly dwindling and Ahmed isn’t sure what to instruct the passengers and crew.,is the captain of a 50-passenger cruise ship . Four days into trip get caught in a storm and the engine breaks under the pressure . are now stranded at sea . A rescue boat is on way but might not arrive for a week . food supplies are quickly dwindling and isn ’ t sure what to instruct the passengers and crew . : keep people busy doing stuff,-3.486145,21.044048,3.8147228,7.6046786,13.779026,2.0191162,1.5635648,-2.564977,8.987075,-0.091884315,"[-3.48614501953125, 21.044048309326172, 3.814722776412964, 7.604678630828857, 13.77902603149414, 2.019116163253784, 1.5635647773742676, -2.564976930618286, 8.987074851989746, -0.0918843150138855]",9.312901,17.32276,1,"[-3.2833366  20.987505    3.8097646   7.5450077  13.942098    2.1630592
  1.5749658  -2.8369474   8.920529   -0.47967017]",,I pray for a miracle to happen for all of us on the ship.
495,10265,230,15,Keep busy with games to try to distract from hunger.,pg,3.0,83.3333333333333,Ahmed is the captain of a 50-passenger cruise ship. Four days into their trip they get caught in a storm and the engine breaks under the pressure. They are now stranded at sea. A rescue boat is on its way but might not arrive for a week. Their food supplies are quickly dwindling and Ahmed isn’t sure what to instruct the passengers and crew.,is the captain of a 50-passenger cruise ship . Four days into trip get caught in a storm and the engine breaks under the pressure . are now stranded at sea . A rescue boat is on way but might not arrive for a week . food supplies are quickly dwindling and isn ’ t sure what to instruct the passengers and crew . : Keep busy with games to try to distract from hunger .,-3.0596704,21.23372,3.7353222,7.7412357,12.884295,0.7261388,1.8361621,-2.869606,8.664201,2.8380256,"[-3.0596704483032227, 21.233720779418945, 3.7353222370147705, 7.741235733032227, 12.884295463562012, 0.7261387705802917, 1.8361620903015137, -2.8696060180664062, 8.664200782775879, 2.8380255699157715]",9.899836,23.81078,0,"[-2.7724068 21.371      3.7459974  7.9590554 12.884674   0.7567073
  2.0065956 -2.9518974  8.444245   3.1534615]",,Do some math and ration food
496,10266,290,15,distract with games,pg,4.0,57.3333333333333,Ahmed is the captain of a 50-passenger cruise ship. Four days into their trip they get caught in a storm and the engine breaks under the pressure. They are now stranded at sea. A rescue boat is on its way but might not arrive for a week. Their food supplies are quickly dwindling and Ahmed isn’t sure what to instruct the passengers and crew.,is the captain of a 50-passenger cruise ship . Four days into trip get caught in a storm and the engine breaks under the pressure . are now stranded at sea . A rescue boat is on way but might not arrive for a week . food supplies are quickly dwindling and isn ’ t sure what to instruct the passengers and crew . : distract with games,-3.847594,20.982584,3.6224844,7.532738,13.29731,1.7580726,1.2130779,-2.3818874,9.007057,-0.3751559,"[-3.8475940227508545, 20.98258399963379, 3.6224844455718994, 7.532738208770752, 13.297309875488281, 1.7580726146697998, 1.2130779027938843, -2.381887435913086, 9.007057189941406, -0.37515589594841003]",9.920773,17.348255,1,"[-3.9400773 20.582375   3.681353   7.343179  12.986776   1.7244117
  1.1226583 -2.1522439  8.818167  -0.388404 ]",,I pray for a miracle to happen for all of us on the ship.
497,10267,227,15,Find something to pass the time.,pg,5.0,80.0,Ahmed is the captain of a 50-passenger cruise ship. Four days into their trip they get caught in a storm and the engine breaks under the pressure. They are now stranded at sea. A rescue boat is on its way but might not arrive for a week. Their food supplies are quickly dwindling and Ahmed isn’t sure what to instruct the passengers and crew.,is the captain of a 50-passenger cruise ship . Four days into trip get caught in a storm and the engine breaks under the pressure . are now stranded at sea . A rescue boat is on way but might not arrive for a week . food supplies are quickly dwindling and isn ’ t sure what to instruct the passengers and crew . : Find something to pass the time .,-3.6036348,21.026037,3.7968621,7.6317825,13.696255,1.9518614,1.5317386,-2.4448142,9.063941,-0.029207753,"[-3.603634834289551, 21.026037216186523, 3.7968621253967285, 7.631782531738281, 13.69625473022461, 1.9518613815307617, 1.5317386388778687, -2.4448142051696777, 9.06394100189209, -0.029207753017544746]",9.642069,17.381664,1,"[-3.2833366  20.987505    3.8097646   7.5450077  13.942098    2.1630592
  1.5749658  -2.8369474   8.920529   -0.47967017]",,I pray for a miracle to happen for all of us on the ship.
498,10268,300,15,distract passengers from the thought of food with other activities,pg,5.0,67.6666666666667,Ahmed is the captain of a 50-passenger cruise ship. Four days into their trip they get caught in a storm and the engine breaks under the pressure. They are now stranded at sea. A rescue boat is on its way but might not arrive for a week. Their food supplies are quickly dwindling and Ahmed isn’t sure what to instruct the passengers and crew.,is the captain of a 50-passenger cruise ship . Four days into trip get caught in a storm and the engine breaks under the pressure . are now stranded at sea . A rescue boat is on way but might not arrive for a week . food supplies are quickly dwindling and isn ’ t sure what to instruct the passengers and crew . : distract passengers from the thought of food with other activities,-2.6220088,21.407928,4.045411,8.068438,13.015722,0.8025193,1.8391961,-3.0388339,8.307052,3.4962704,"[-2.622008800506592, 21.407928466796875, 4.045411109924316, 8.068437576293945, 13.015722274780273, 0.8025193214416504, 1.8391960859298706, -3.0388338565826416, 8.307051658630371, 3.4962704181671143]",9.403355,24.476961,0,"[-2.7441764 21.471848   3.8376455  8.027677  12.746755   0.5944112
  1.9096599 -3.0311432  8.425255   3.7557979]",,Do some math and ration food
499,10293,285,15,Withgo food for himself so his crew can eat.,pg,2.0,84.3333333333333,Ahmed is the captain of a 50-passenger cruise ship. Four days into their trip they get caught in a storm and the engine breaks under the pressure. They are now stranded at sea. A rescue boat is on its way but might not arrive for a week. Their food supplies are quickly dwindling and Ahmed isn’t sure what to instruct the passengers and crew.,is the captain of a 50-passenger cruise ship . Four days into trip get caught in a storm and the engine breaks under the pressure . are now stranded at sea . A rescue boat is on way but might not arrive for a week . food supplies are quickly dwindling and isn ’ t sure what to instruct the passengers and crew . : Withgo food for so crew can eat .,-2.8321867,21.43678,3.6701212,7.8196406,12.781759,0.4732913,2.0180173,-2.9139657,8.61304,3.3158047,"[-2.832186698913574, 21.43678092956543, 3.670121192932129, 7.819640636444092, 12.781759262084961, 0.4732913076877594, 2.018017292022705, -2.9139657020568848, 8.61303997039795, 3.3158047199249268]",9.580008,24.345379,0,"[-2.7724068 21.371      3.7459974  7.9590554 12.884674   0.7567073
  2.0065956 -2.9518974  8.444245   3.1534615]",,Do some math and ration food
500,10294,301,15,give up his portion of food,pg,2.0,53.3333333333333,Ahmed is the captain of a 50-passenger cruise ship. Four days into their trip they get caught in a storm and the engine breaks under the pressure. They are now stranded at sea. A rescue boat is on its way but might not arrive for a week. Their food supplies are quickly dwindling and Ahmed isn’t sure what to instruct the passengers and crew.,is the captain of a 50-passenger cruise ship . Four days into trip get caught in a storm and the engine breaks under the pressure . are now stranded at sea . A rescue boat is on way but might not arrive for a week . food supplies are quickly dwindling and isn ’ t sure what to instruct the passengers and crew . : give up portion of food,-2.9253957,21.24036,3.8696446,8.046962,12.783274,0.80970436,1.8098832,-3.2513206,8.358507,3.7119756,"[-2.9253957271575928, 21.240360260009766, 3.8696446418762207, 8.046961784362793, 12.783273696899414, 0.8097043633460999, 1.8098832368850708, -3.2513206005096436, 8.35850715637207, 3.711975574493408]",9.838664,24.81242,0,"[-2.7441764 21.471848   3.8376455  8.027677  12.746755   0.5944112
  1.9096599 -3.0311432  8.425255   3.7557979]",,Do some math and ration food
501,10295,217,15,Go without food so others can eat.,pg,3.0,59.6666666666667,Ahmed is the captain of a 50-passenger cruise ship. Four days into their trip they get caught in a storm and the engine breaks under the pressure. They are now stranded at sea. A rescue boat is on its way but might not arrive for a week. Their food supplies are quickly dwindling and Ahmed isn’t sure what to instruct the passengers and crew.,is the captain of a 50-passenger cruise ship . Four days into trip get caught in a storm and the engine breaks under the pressure . are now stranded at sea . A rescue boat is on way but might not arrive for a week . food supplies are quickly dwindling and isn ’ t sure what to instruct the passengers and crew . : Go without food so others can eat .,-2.9099777,21.236116,4.0353127,7.895863,12.851142,0.6450667,1.7151039,-2.7903752,8.3667555,3.558357,"[-2.909977674484253, 21.236116409301758, 4.035312652587891, 7.895863056182861, 12.851141929626465, 0.6450666785240173, 1.7151038646697998, -2.790375232696533, 8.366755485534668, 3.558357000350952]",10.112588,24.48556,0,"[-3.1458452  21.047504    3.9430132   7.7608495  12.853509    0.69244516
  1.6887629  -2.9216924   8.4453125   3.4295208 ]",,Do some math and ration food
502,10296,221,15,give all the food to everyone,pg,3.0,4.0,Ahmed is the captain of a 50-passenger cruise ship. Four days into their trip they get caught in a storm and the engine breaks under the pressure. They are now stranded at sea. A rescue boat is on its way but might not arrive for a week. Their food supplies are quickly dwindling and Ahmed isn’t sure what to instruct the passengers and crew.,is the captain of a 50-passenger cruise ship . Four days into trip get caught in a storm and the engine breaks under the pressure . are now stranded at sea . A rescue boat is on way but might not arrive for a week . food supplies are quickly dwindling and isn ’ t sure what to instruct the passengers and crew . : give all the food to everyone,-2.8904314,21.414406,3.8031733,8.087739,12.653709,0.79543686,1.8370093,-3.223626,8.408621,3.77896,"[-2.8904314041137695, 21.414405822753906, 3.803173303604126, 8.087738990783691, 12.653709411621094, 0.7954368591308594, 1.837009310722351, -3.223625898361206, 8.408620834350586, 3.7789599895477295]",9.908908,24.672611,0,"[-2.7441764 21.471848   3.8376455  8.027677  12.746755   0.5944112
  1.9096599 -3.0311432  8.425255   3.7557979]",,Do some math and ration food
503,10297,272,15,Ahmed shouldn't consume any to set an example.,pg,3.0,90.0,Ahmed is the captain of a 50-passenger cruise ship. Four days into their trip they get caught in a storm and the engine breaks under the pressure. They are now stranded at sea. A rescue boat is on its way but might not arrive for a week. Their food supplies are quickly dwindling and Ahmed isn’t sure what to instruct the passengers and crew.,is the captain of a 50-passenger cruise ship . Four days into trip get caught in a storm and the engine breaks under the pressure . are now stranded at sea . A rescue boat is on way but might not arrive for a week . food supplies are quickly dwindling and isn ’ t sure what to instruct the passengers and crew . : n't consume any to set an example .,-2.71115,21.417486,3.9490588,7.9954586,12.880959,0.7096808,1.8398185,-2.784115,8.358149,3.3698146,"[-2.7111499309539795, 21.4174861907959, 3.949058771133423, 7.995458602905273, 12.880958557128906, 0.7096807956695557, 1.8398184776306152, -2.7841150760650635, 8.358148574829102, 3.36981463432312]",9.569291,24.541574,0,"[-2.7724068 21.371      3.7459974  7.9590554 12.884674   0.7567073
  2.0065956 -2.9518974  8.444245   3.1534615]",,Do some math and ration food
504,10298,219,15,Eat less so others may have more,pg,4.0,64.6666666666667,Ahmed is the captain of a 50-passenger cruise ship. Four days into their trip they get caught in a storm and the engine breaks under the pressure. They are now stranded at sea. A rescue boat is on its way but might not arrive for a week. Their food supplies are quickly dwindling and Ahmed isn’t sure what to instruct the passengers and crew.,is the captain of a 50-passenger cruise ship . Four days into trip get caught in a storm and the engine breaks under the pressure . are now stranded at sea . A rescue boat is on way but might not arrive for a week . food supplies are quickly dwindling and isn ’ t sure what to instruct the passengers and crew . : Eat less so others may have more,-2.3840458,21.531624,3.9171095,8.302722,12.75687,0.34948057,2.0385938,-2.8035142,8.112569,4.274495,"[-2.3840458393096924, 21.53162384033203, 3.917109489440918, 8.302721977233887, 12.75687026977539, 0.3494805693626404, 2.0385937690734863, -2.803514242172241, 8.112568855285645, 4.2744951248168945]",9.891292,25.62598,0,"[-2.4586341 21.464603   3.7791696  8.267376  12.70135    0.3123808
  2.1076412 -2.852465   8.178061   4.177543 ]",,Do some math and ration food
505,10299,209,15,not eat,pg,5.0,70.0,Ahmed is the captain of a 50-passenger cruise ship. Four days into their trip they get caught in a storm and the engine breaks under the pressure. They are now stranded at sea. A rescue boat is on its way but might not arrive for a week. Their food supplies are quickly dwindling and Ahmed isn’t sure what to instruct the passengers and crew.,is the captain of a 50-passenger cruise ship . Four days into trip get caught in a storm and the engine breaks under the pressure . are now stranded at sea . A rescue boat is on way but might not arrive for a week . food supplies are quickly dwindling and isn ’ t sure what to instruct the passengers and crew . : not eat,-2.5812333,21.43341,4.104841,8.055786,12.899251,0.5222043,1.7840835,-2.7467763,8.273199,3.8223217,"[-2.581233263015747, 21.43341064453125, 4.104841232299805, 8.0557861328125, 12.899250984191895, 0.5222042798995972, 1.7840834856033325, -2.7467763423919678, 8.273199081420898, 3.822321653366089]",9.9909,24.946373,0,"[-2.7441764 21.471848   3.8376455  8.027677  12.746755   0.5944112
  1.9096599 -3.0311432  8.425255   3.7557979]",,Do some math and ration food
506,10300,238,15,Jump overboard,pg,5.0,6.0,Ahmed is the captain of a 50-passenger cruise ship. Four days into their trip they get caught in a storm and the engine breaks under the pressure. They are now stranded at sea. A rescue boat is on its way but might not arrive for a week. Their food supplies are quickly dwindling and Ahmed isn’t sure what to instruct the passengers and crew.,is the captain of a 50-passenger cruise ship . Four days into trip get caught in a storm and the engine breaks under the pressure . are now stranded at sea . A rescue boat is on way but might not arrive for a week . food supplies are quickly dwindling and isn ’ t sure what to instruct the passengers and crew . : Jump overboard,-4.2715454,20.365889,4.2306542,7.171684,13.01451,1.5978245,0.84675133,-1.6685393,8.309725,0.5208198,"[-4.27154541015625, 20.365888595581055, 4.230654239654541, 7.1716837882995605, 13.014510154724121, 1.5978244543075562, 0.84675133228302, -1.66853928565979, 8.309724807739258, 0.5208197832107544]",11.104605,19.452429,1,"[-4.048797  20.437038   4.2164783  7.1701818 13.042211   1.5807805
  0.9519202 -1.7881687  8.2991705  0.8971675]",,I pray for a miracle to happen for all of us on the ship.
507,10301,242,15,Donate his own resources.,pg,5.0,68.3333333333333,Ahmed is the captain of a 50-passenger cruise ship. Four days into their trip they get caught in a storm and the engine breaks under the pressure. They are now stranded at sea. A rescue boat is on its way but might not arrive for a week. Their food supplies are quickly dwindling and Ahmed isn’t sure what to instruct the passengers and crew.,is the captain of a 50-passenger cruise ship . Four days into trip get caught in a storm and the engine breaks under the pressure . are now stranded at sea . A rescue boat is on way but might not arrive for a week . food supplies are quickly dwindling and isn ’ t sure what to instruct the passengers and crew . : Donate own resources .,-3.935317,20.596289,3.4445074,7.4660554,12.717789,1.3620186,1.2340628,-2.2259915,8.960608,0.18764737,"[-3.935317039489746, 20.596288681030273, 3.444507360458374, 7.466055393218994, 12.717788696289062, 1.3620185852050781, 1.2340627908706665, -2.2259914875030518, 8.960607528686523, 0.18764737248420715]",10.618296,18.432995,1,"[-3.6445827  20.663752    3.607818    7.4420924  12.94147     1.6022452
  1.3908336  -2.3558006   8.766497    0.20558095]",,I pray for a miracle to happen for all of us on the ship.
508,10302,262,15,"give less food to himself, so others can get enough",pg,5.0,50.6666666666667,Ahmed is the captain of a 50-passenger cruise ship. Four days into their trip they get caught in a storm and the engine breaks under the pressure. They are now stranded at sea. A rescue boat is on its way but might not arrive for a week. Their food supplies are quickly dwindling and Ahmed isn’t sure what to instruct the passengers and crew.,"is the captain of a 50-passenger cruise ship . Four days into trip get caught in a storm and the engine breaks under the pressure . are now stranded at sea . A rescue boat is on way but might not arrive for a week . food supplies are quickly dwindling and isn ’ t sure what to instruct the passengers and crew . : give less food to , so others can get enough",-2.4210303,21.482613,3.7786152,8.35641,12.628393,0.30439636,2.1040237,-2.8220356,8.113883,4.327909,"[-2.421030282974243, 21.48261260986328, 3.7786152362823486, 8.356410026550293, 12.628393173217773, 0.3043963611125946, 2.1040236949920654, -2.822035551071167, 8.113883018493652, 4.327908992767334]",9.67183,25.712915,0,"[-2.4586341 21.464603   3.7791696  8.267376  12.70135    0.3123808
  2.1076412 -2.852465   8.178061   4.177543 ]",,Do some math and ration food
509,10303,305,15,Commit suicide so his portion of food and go to the others.,pg,5.0,0.0,Ahmed is the captain of a 50-passenger cruise ship. Four days into their trip they get caught in a storm and the engine breaks under the pressure. They are now stranded at sea. A rescue boat is on its way but might not arrive for a week. Their food supplies are quickly dwindling and Ahmed isn’t sure what to instruct the passengers and crew.,is the captain of a 50-passenger cruise ship . Four days into trip get caught in a storm and the engine breaks under the pressure . are now stranded at sea . A rescue boat is on way but might not arrive for a week . food supplies are quickly dwindling and isn ’ t sure what to instruct the passengers and crew . : Commit suicide so portion of food and go to the others .,-4.0935884,20.41184,4.2601604,7.146888,13.023278,1.5242636,0.90145195,-1.7621644,8.275298,1.1219941,"[-4.093588352203369, 20.411840438842773, 4.260160446166992, 7.14688777923584, 13.02327823638916, 1.524263620376587, 0.9014519453048706, -1.7621643543243408, 8.275298118591309, 1.121994137763977]",11.055309,20.359669,1,"[-4.048797  20.437038   4.2164783  7.1701818 13.042211   1.5807805
  0.9519202 -1.7881687  8.2991705  0.8971675]",,I pray for a miracle to happen for all of us on the ship.
510,10650,236,15,Put the crew on restricted duty,pg,1.0,36.6666666666667,Ahmed is the captain of a 50-passenger cruise ship. Four days into their trip they get caught in a storm and the engine breaks under the pressure. They are now stranded at sea. A rescue boat is on its way but might not arrive for a week. Their food supplies are quickly dwindling and Ahmed isn’t sure what to instruct the passengers and crew.,is the captain of a 50-passenger cruise ship . Four days into trip get caught in a storm and the engine breaks under the pressure . are now stranded at sea . A rescue boat is on way but might not arrive for a week . food supplies are quickly dwindling and isn ’ t sure what to instruct the passengers and crew . : Put the crew on restricted duty,-3.3299606,20.707142,3.9487684,7.3462205,13.335104,2.0117595,1.4650455,-2.350014,8.424476,0.27184993,"[-3.329960584640503, 20.707141876220703, 3.948768377304077, 7.34622049331665, 13.335103988647461, 2.0117595195770264, 1.46504545211792, -2.3500139713287354, 8.42447566986084, 0.27184993028640747]",9.464538,19.172737,1,"[-3.4471822  20.666515    3.9385123   7.3813643  13.241526    2.029008
  1.4364113  -2.2672248   8.528932   -0.19538808]",,I pray for a miracle to happen for all of us on the ship.
511,10651,275,15,swim away,pg,1.0,0.0,Ahmed is the captain of a 50-passenger cruise ship. Four days into their trip they get caught in a storm and the engine breaks under the pressure. They are now stranded at sea. A rescue boat is on its way but might not arrive for a week. Their food supplies are quickly dwindling and Ahmed isn’t sure what to instruct the passengers and crew.,is the captain of a 50-passenger cruise ship . Four days into trip get caught in a storm and the engine breaks under the pressure . are now stranded at sea . A rescue boat is on way but might not arrive for a week . food supplies are quickly dwindling and isn ’ t sure what to instruct the passengers and crew . : swim away,-4.117921,20.39684,4.0476623,7.0708,13.057292,1.7693777,0.87944096,-1.8261731,8.5148735,0.0027945945,"[-4.117920875549316, 20.396839141845703, 4.047662258148193, 7.070799827575684, 13.057291984558105, 1.7693777084350586, 0.87944096326828, -1.8261730670928955, 8.514873504638672, 0.0027945945039391518]",10.82437,18.91609,1,"[-3.9400773 20.582375   3.681353   7.343179  12.986776   1.7244117
  1.1226583 -2.1522439  8.818167  -0.388404 ]",,I pray for a miracle to happen for all of us on the ship.
512,10652,279,15,Delegate responsibilities to passengers to optimize their conditions.,pg,1.0,91.6666666666667,Ahmed is the captain of a 50-passenger cruise ship. Four days into their trip they get caught in a storm and the engine breaks under the pressure. They are now stranded at sea. A rescue boat is on its way but might not arrive for a week. Their food supplies are quickly dwindling and Ahmed isn’t sure what to instruct the passengers and crew.,is the captain of a 50-passenger cruise ship . Four days into trip get caught in a storm and the engine breaks under the pressure . are now stranded at sea . A rescue boat is on way but might not arrive for a week . food supplies are quickly dwindling and isn ’ t sure what to instruct the passengers and crew . : Delegate responsibilities to passengers to optimize conditions .,-3.5233629,20.7933,3.6523318,7.42821,12.8645735,1.7259107,1.3604178,-2.4402828,8.468122,0.1384503,"[-3.523362874984741, 20.79330062866211, 3.652331829071045, 7.4282097816467285, 12.86457347869873, 1.7259106636047363, 1.3604178428649902, -2.4402828216552734, 8.468121528625488, 0.13845029473304749]",9.561687,18.920908,1,"[-3.6445827  20.663752    3.607818    7.4420924  12.94147     1.6022452
  1.3908336  -2.3558006   8.766497    0.20558095]",,I pray for a miracle to happen for all of us on the ship.
513,10653,211,15,Appoint some leaders,pg,2.0,88.3333333333333,Ahmed is the captain of a 50-passenger cruise ship. Four days into their trip they get caught in a storm and the engine breaks under the pressure. They are now stranded at sea. A rescue boat is on its way but might not arrive for a week. Their food supplies are quickly dwindling and Ahmed isn’t sure what to instruct the passengers and crew.,is the captain of a 50-passenger cruise ship . Four days into trip get caught in a storm and the engine breaks under the pressure . are now stranded at sea . A rescue boat is on way but might not arrive for a week . food supplies are quickly dwindling and isn ’ t sure what to instruct the passengers and crew . : Appoint some leaders,-3.295247,20.707582,3.750538,7.3620963,12.923611,1.809667,1.4700382,-2.4517295,8.381785,0.33161822,"[-3.2952470779418945, 20.707582473754883, 3.7505381107330322, 7.362096309661865, 12.92361068725586, 1.8096669912338257, 1.4700381755828857, -2.4517295360565186, 8.38178539276123, 0.33161821961402893]",9.423986,19.119667,1,"[-3.6445827  20.663752    3.607818    7.4420924  12.94147     1.6022452
  1.3908336  -2.3558006   8.766497    0.20558095]",,I pray for a miracle to happen for all of us on the ship.
514,10654,237,15,look around the ship for food,pg,2.0,80.6666666666667,Ahmed is the captain of a 50-passenger cruise ship. Four days into their trip they get caught in a storm and the engine breaks under the pressure. They are now stranded at sea. A rescue boat is on its way but might not arrive for a week. Their food supplies are quickly dwindling and Ahmed isn’t sure what to instruct the passengers and crew.,is the captain of a 50-passenger cruise ship . Four days into trip get caught in a storm and the engine breaks under the pressure . are now stranded at sea . A rescue boat is on way but might not arrive for a week . food supplies are quickly dwindling and isn ’ t sure what to instruct the passengers and crew . : look around the ship for food,-2.7743535,21.438055,3.7643893,7.8862195,12.908912,0.7389021,1.9162278,-3.056535,8.6316595,3.0576282,"[-2.774353504180908, 21.43805503845215, 3.7643892765045166, 7.886219501495361, 12.90891170501709, 0.7389020919799805, 1.9162278175354004, -3.056535005569458, 8.631659507751465, 3.0576281547546387]",9.556548,24.256386,0,"[-2.7724068 21.371      3.7459974  7.9590554 12.884674   0.7567073
  2.0065956 -2.9518974  8.444245   3.1534615]",,Do some math and ration food
515,10655,251,15,ask if anybody has food,pg,2.0,44.6666666666667,Ahmed is the captain of a 50-passenger cruise ship. Four days into their trip they get caught in a storm and the engine breaks under the pressure. They are now stranded at sea. A rescue boat is on its way but might not arrive for a week. Their food supplies are quickly dwindling and Ahmed isn’t sure what to instruct the passengers and crew.,is the captain of a 50-passenger cruise ship . Four days into trip get caught in a storm and the engine breaks under the pressure . are now stranded at sea . A rescue boat is on way but might not arrive for a week . food supplies are quickly dwindling and isn ’ t sure what to instruct the passengers and crew . : ask if anybody has food,-2.679789,21.492384,3.8611963,7.9630117,12.970742,0.951756,1.9357083,-2.9948623,8.535264,2.8915348,"[-2.6797890663146973, 21.49238395690918, 3.861196279525757, 7.963011741638184, 12.970742225646973, 0.9517560005187988, 1.9357082843780518, -2.9948623180389404, 8.535264015197754, 2.8915348052978516]",9.293962,23.991692,0,"[-2.7724068 21.371      3.7459974  7.9590554 12.884674   0.7567073
  2.0065956 -2.9518974  8.444245   3.1534615]",,Do some math and ration food
516,10656,256,15,Try to find land,pg,2.0,50.6666666666667,Ahmed is the captain of a 50-passenger cruise ship. Four days into their trip they get caught in a storm and the engine breaks under the pressure. They are now stranded at sea. A rescue boat is on its way but might not arrive for a week. Their food supplies are quickly dwindling and Ahmed isn’t sure what to instruct the passengers and crew.,is the captain of a 50-passenger cruise ship . Four days into trip get caught in a storm and the engine breaks under the pressure . are now stranded at sea . A rescue boat is on way but might not arrive for a week . food supplies are quickly dwindling and isn ’ t sure what to instruct the passengers and crew . : Try to find land,-4.0568614,20.496613,3.7415538,7.246841,12.955168,1.6643727,1.0723689,-1.9449986,8.755887,-0.12136075,"[-4.056861400604248, 20.496612548828125, 3.741553783416748, 7.246840953826904, 12.955167770385742, 1.6643726825714111, 1.072368860244751, -1.9449986219406128, 8.755887031555176, -0.12136074900627136]",10.749263,18.4592,1,"[-3.9400773 20.582375   3.681353   7.343179  12.986776   1.7244117
  1.1226583 -2.1522439  8.818167  -0.388404 ]",,I pray for a miracle to happen for all of us on the ship.
517,10657,258,15,Setup a chain of command,pg,2.0,100.0,Ahmed is the captain of a 50-passenger cruise ship. Four days into their trip they get caught in a storm and the engine breaks under the pressure. They are now stranded at sea. A rescue boat is on its way but might not arrive for a week. Their food supplies are quickly dwindling and Ahmed isn’t sure what to instruct the passengers and crew.,is the captain of a 50-passenger cruise ship . Four days into trip get caught in a storm and the engine breaks under the pressure . are now stranded at sea . A rescue boat is on way but might not arrive for a week . food supplies are quickly dwindling and isn ’ t sure what to instruct the passengers and crew . : Setup a chain of command,-3.29131,20.647608,3.7388072,7.3713875,12.982861,1.8409847,1.5111284,-2.48522,8.482651,0.24012224,"[-3.2913100719451904, 20.647607803344727, 3.738807201385498, 7.371387481689453, 12.982860565185547, 1.8409847021102905, 1.5111284255981445, -2.485219955444336, 8.482650756835938, 0.2401222437620163]",9.554091,18.929506,1,"[-3.6445827  20.663752    3.607818    7.4420924  12.94147     1.6022452
  1.3908336  -2.3558006   8.766497    0.20558095]",,I pray for a miracle to happen for all of us on the ship.
518,10658,260,15,have passengers stay in quarters,pg,2.0,80.3333333333333,Ahmed is the captain of a 50-passenger cruise ship. Four days into their trip they get caught in a storm and the engine breaks under the pressure. They are now stranded at sea. A rescue boat is on its way but might not arrive for a week. Their food supplies are quickly dwindling and Ahmed isn’t sure what to instruct the passengers and crew.,is the captain of a 50-passenger cruise ship . Four days into trip get caught in a storm and the engine breaks under the pressure . are now stranded at sea . A rescue boat is on way but might not arrive for a week . food supplies are quickly dwindling and isn ’ t sure what to instruct the passengers and crew . : have passengers stay in quarters,-3.3196795,20.623955,4.1505575,7.4302883,13.304475,1.738057,1.4771122,-2.3429766,8.434055,0.52377623,"[-3.3196794986724854, 20.62395477294922, 4.150557518005371, 7.430288314819336, 13.304474830627441, 1.738057017326355, 1.4771121740341187, -2.3429765701293945, 8.43405532836914, 0.5237762331962585]",9.432614,19.459023,1,"[-3.4471822  20.666515    3.9385123   7.3813643  13.241526    2.029008
  1.4364113  -2.2672248   8.528932   -0.19538808]",,I pray for a miracle to happen for all of us on the ship.
519,10659,288,15,look for ways to increase food supply,pg,2.0,100.0,Ahmed is the captain of a 50-passenger cruise ship. Four days into their trip they get caught in a storm and the engine breaks under the pressure. They are now stranded at sea. A rescue boat is on its way but might not arrive for a week. Their food supplies are quickly dwindling and Ahmed isn’t sure what to instruct the passengers and crew.,is the captain of a 50-passenger cruise ship . Four days into trip get caught in a storm and the engine breaks under the pressure . are now stranded at sea . A rescue boat is on way but might not arrive for a week . food supplies are quickly dwindling and isn ’ t sure what to instruct the passengers and crew . : look for ways to increase food supply,-2.3596618,21.617159,3.6818008,8.214096,13.0917635,0.6951673,2.3779387,-3.3796532,8.194264,3.7898657,"[-2.359661817550659, 21.617158889770508, 3.6818008422851562, 8.214096069335938, 13.091763496398926, 0.6951673030853271, 2.377938747406006, -3.379653215408325, 8.19426441192627, 3.789865732192993]",8.7713175,25.231281,0,"[-2.539899   21.376513    3.7032785   8.16124    13.059622    0.74750316
  2.236266   -3.401897    8.24102     3.61381   ]",,Do some math and ration food
520,10660,290,15,sleep as much as possible,pg,2.0,100.0,Ahmed is the captain of a 50-passenger cruise ship. Four days into their trip they get caught in a storm and the engine breaks under the pressure. They are now stranded at sea. A rescue boat is on its way but might not arrive for a week. Their food supplies are quickly dwindling and Ahmed isn’t sure what to instruct the passengers and crew.,is the captain of a 50-passenger cruise ship . Four days into trip get caught in a storm and the engine breaks under the pressure . are now stranded at sea . A rescue boat is on way but might not arrive for a week . food supplies are quickly dwindling and isn ’ t sure what to instruct the passengers and crew . : sleep as much as possible,-3.579724,20.604603,3.9346526,7.488936,13.300751,1.8411427,1.4766713,-2.2280831,8.747032,0.121811934,"[-3.579724073410034, 20.604602813720703, 3.93465256690979, 7.488935947418213, 13.300750732421875, 1.8411426544189453, 1.4766713380813599, -2.2280831336975098, 8.747032165527344, 0.12181193381547928]",9.575474,18.970165,1,"[-3.4471822  20.666515    3.9385123   7.3813643  13.241526    2.029008
  1.4364113  -2.2672248   8.528932   -0.19538808]",,I pray for a miracle to happen for all of us on the ship.
521,10661,215,15,scavenge for more supplies,pg,3.0,64.6666666666667,Ahmed is the captain of a 50-passenger cruise ship. Four days into their trip they get caught in a storm and the engine breaks under the pressure. They are now stranded at sea. A rescue boat is on its way but might not arrive for a week. Their food supplies are quickly dwindling and Ahmed isn’t sure what to instruct the passengers and crew.,is the captain of a 50-passenger cruise ship . Four days into trip get caught in a storm and the engine breaks under the pressure . are now stranded at sea . A rescue boat is on way but might not arrive for a week . food supplies are quickly dwindling and isn ’ t sure what to instruct the passengers and crew . : scavenge for more supplies,-3.785077,20.623476,3.404516,7.4975576,12.746459,1.2112852,1.348105,-2.3460946,9.015381,0.6849026,"[-3.7850770950317383, 20.623476028442383, 3.4045159816741943, 7.497557640075684, 12.746459007263184, 1.2112852334976196, 1.3481049537658691, -2.3460946083068848, 9.015380859375, 0.6849026083946228]",10.139631,20.142632,1,"[-3.6445827  20.663752    3.607818    7.4420924  12.94147     1.6022452
  1.3908336  -2.3558006   8.766497    0.20558095]",,I pray for a miracle to happen for all of us on the ship.
522,10662,220,15,Mandate people remain in their rooms.,pg,3.0,70.0,Ahmed is the captain of a 50-passenger cruise ship. Four days into their trip they get caught in a storm and the engine breaks under the pressure. They are now stranded at sea. A rescue boat is on its way but might not arrive for a week. Their food supplies are quickly dwindling and Ahmed isn’t sure what to instruct the passengers and crew.,is the captain of a 50-passenger cruise ship . Four days into trip get caught in a storm and the engine breaks under the pressure . are now stranded at sea . A rescue boat is on way but might not arrive for a week . food supplies are quickly dwindling and isn ’ t sure what to instruct the passengers and crew . : Mandate people remain in rooms .,-3.4751482,20.596836,4.139828,7.3886967,13.352097,1.8028486,1.3806865,-2.2502089,8.492041,0.3154886,"[-3.4751482009887695, 20.59683609008789, 4.139828205108643, 7.388696670532227, 13.352096557617188, 1.8028485774993896, 1.3806865215301514, -2.250208854675293, 8.492040634155273, 0.3154886066913605]",9.696094,19.281336,1,"[-3.4471822  20.666515    3.9385123   7.3813643  13.241526    2.029008
  1.4364113  -2.2672248   8.528932   -0.19538808]",,I pray for a miracle to happen for all of us on the ship.
523,10663,223,15,Check for lifeboats.,pg,3.0,100.0,Ahmed is the captain of a 50-passenger cruise ship. Four days into their trip they get caught in a storm and the engine breaks under the pressure. They are now stranded at sea. A rescue boat is on its way but might not arrive for a week. Their food supplies are quickly dwindling and Ahmed isn’t sure what to instruct the passengers and crew.,is the captain of a 50-passenger cruise ship . Four days into trip get caught in a storm and the engine breaks under the pressure . are now stranded at sea . A rescue boat is on way but might not arrive for a week . food supplies are quickly dwindling and isn ’ t sure what to instruct the passengers and crew . : Check for lifeboats .,-4.0523725,20.621387,3.564565,7.3352995,12.833801,1.5729905,1.0893027,-2.1334846,8.820357,-0.26132438,"[-4.052372455596924, 20.621387481689453, 3.5645649433135986, 7.335299491882324, 12.83380126953125, 1.5729905366897583, 1.089302659034729, -2.1334846019744873, 8.820357322692871, -0.26132437586784363]",10.62833,17.982393,1,"[-3.9400773 20.582375   3.681353   7.343179  12.986776   1.7244117
  1.1226583 -2.1522439  8.818167  -0.388404 ]",,I pray for a miracle to happen for all of us on the ship.
524,10664,239,15,Drink lots of water,pg,3.0,93.3333333333333,Ahmed is the captain of a 50-passenger cruise ship. Four days into their trip they get caught in a storm and the engine breaks under the pressure. They are now stranded at sea. A rescue boat is on its way but might not arrive for a week. Their food supplies are quickly dwindling and Ahmed isn’t sure what to instruct the passengers and crew.,is the captain of a 50-passenger cruise ship . Four days into trip get caught in a storm and the engine breaks under the pressure . are now stranded at sea . A rescue boat is on way but might not arrive for a week . food supplies are quickly dwindling and isn ’ t sure what to instruct the passengers and crew . : Drink lots of water,-2.645896,21.263662,3.630128,8.064155,13.109,1.1565645,2.0522878,-3.0862808,8.174616,2.651136,"[-2.6458959579467773, 21.263662338256836, 3.6301279067993164, 8.064154624938965, 13.109000205993652, 1.156564474105835, 2.0522878170013428, -3.0862808227539062, 8.174615859985352, 2.6511359214782715]",8.895498,23.277666,0,"[-2.7720344 21.198093   3.524655   8.050342  12.951804   1.1348985
  2.1959908 -2.8224287  8.259791   2.3755927]",,Do some math and ration food
525,10665,241,15,Ignore them if they ask about supplies.,pg,3.0,1.0,Ahmed is the captain of a 50-passenger cruise ship. Four days into their trip they get caught in a storm and the engine breaks under the pressure. They are now stranded at sea. A rescue boat is on its way but might not arrive for a week. Their food supplies are quickly dwindling and Ahmed isn’t sure what to instruct the passengers and crew.,is the captain of a 50-passenger cruise ship . Four days into trip get caught in a storm and the engine breaks under the pressure . are now stranded at sea . A rescue boat is on way but might not arrive for a week . food supplies are quickly dwindling and isn ’ t sure what to instruct the passengers and crew . : Ignore if ask about supplies .,-3.6710331,20.66501,3.483453,7.5838866,12.879841,1.4417119,1.468776,-2.374933,8.998083,0.28439173,"[-3.6710331439971924, 20.665010452270508, 3.4834530353546143, 7.583886623382568, 12.879840850830078, 1.4417119026184082, 1.468775987625122, -2.3749330043792725, 8.998083114624023, 0.28439173102378845]",9.866333,19.452868,1,"[-3.6445827  20.663752    3.607818    7.4420924  12.94147     1.6022452
  1.3908336  -2.3558006   8.766497    0.20558095]",,I pray for a miracle to happen for all of us on the ship.
526,10666,249,15,They can look for nearly land ,pg,3.0,65.0,Ahmed is the captain of a 50-passenger cruise ship. Four days into their trip they get caught in a storm and the engine breaks under the pressure. They are now stranded at sea. A rescue boat is on its way but might not arrive for a week. Their food supplies are quickly dwindling and Ahmed isn’t sure what to instruct the passengers and crew.,is the captain of a 50-passenger cruise ship . Four days into trip get caught in a storm and the engine breaks under the pressure . are now stranded at sea . A rescue boat is on way but might not arrive for a week . food supplies are quickly dwindling and isn ’ t sure what to instruct the passengers and crew . : can look for nearly land,-4.0946646,20.485636,3.6300113,7.289328,12.922219,1.6078427,1.0350984,-2.0123804,8.898064,-0.23312835,"[-4.094664573669434, 20.48563575744629, 3.6300113201141357, 7.289328098297119, 12.922219276428223, 1.6078426837921143, 1.0350984334945679, -2.012380361557007, 8.898063659667969, -0.2331283539533615]",10.836,18.09012,1,"[-3.9400773 20.582375   3.681353   7.343179  12.986776   1.7244117
  1.1226583 -2.1522439  8.818167  -0.388404 ]",,I pray for a miracle to happen for all of us on the ship.
527,10667,254,15,try to use the spare boats,pg,3.0,94.0,Ahmed is the captain of a 50-passenger cruise ship. Four days into their trip they get caught in a storm and the engine breaks under the pressure. They are now stranded at sea. A rescue boat is on its way but might not arrive for a week. Their food supplies are quickly dwindling and Ahmed isn’t sure what to instruct the passengers and crew.,is the captain of a 50-passenger cruise ship . Four days into trip get caught in a storm and the engine breaks under the pressure . are now stranded at sea . A rescue boat is on way but might not arrive for a week . food supplies are quickly dwindling and isn ’ t sure what to instruct the passengers and crew . : try to use the spare boats,-3.9721618,20.44403,3.614088,7.3656654,12.928971,1.5504013,1.187814,-2.1334903,8.980249,-0.045012247,"[-3.9721617698669434, 20.44403076171875, 3.6140880584716797, 7.365665435791016, 12.928971290588379, 1.5504013299942017, 1.1878139972686768, -2.1334903240203857, 8.980249404907227, -0.04501224681735039]",10.703745,18.296778,1,"[-3.9400773 20.582375   3.681353   7.343179  12.986776   1.7244117
  1.1226583 -2.1522439  8.818167  -0.388404 ]",,I pray for a miracle to happen for all of us on the ship.
528,10668,260,15,limit food waste,pg,3.0,66.0,Ahmed is the captain of a 50-passenger cruise ship. Four days into their trip they get caught in a storm and the engine breaks under the pressure. They are now stranded at sea. A rescue boat is on its way but might not arrive for a week. Their food supplies are quickly dwindling and Ahmed isn’t sure what to instruct the passengers and crew.,is the captain of a 50-passenger cruise ship . Four days into trip get caught in a storm and the engine breaks under the pressure . are now stranded at sea . A rescue boat is on way but might not arrive for a week . food supplies are quickly dwindling and isn ’ t sure what to instruct the passengers and crew . : limit food waste,-2.181253,21.50646,3.5855846,8.436736,12.954232,0.38952893,2.5276172,-3.2071955,7.9841275,4.2736297,"[-2.181252956390381, 21.506460189819336, 3.5855846405029297, 8.436736106872559, 12.954232215881348, 0.38952893018722534, 2.5276172161102295, -3.207195520401001, 7.984127521514893, 4.273629665374756]",8.962153,25.827684,0,"[-2.2230554 21.91202    3.4240985  8.400845  12.843192   0.5646142
  2.7558246 -3.032961   7.986595   4.058412 ]",,Do some math and ration food
529,10669,285,15,Come up with a action plan.,pg,3.0,100.0,Ahmed is the captain of a 50-passenger cruise ship. Four days into their trip they get caught in a storm and the engine breaks under the pressure. They are now stranded at sea. A rescue boat is on its way but might not arrive for a week. Their food supplies are quickly dwindling and Ahmed isn’t sure what to instruct the passengers and crew.,is the captain of a 50-passenger cruise ship . Four days into trip get caught in a storm and the engine breaks under the pressure . are now stranded at sea . A rescue boat is on way but might not arrive for a week . food supplies are quickly dwindling and isn ’ t sure what to instruct the passengers and crew . : Come up with a action plan .,-3.617586,20.4958,3.6340127,7.081878,13.024829,1.7737126,1.2359719,-2.3952587,8.768277,0.013585559,"[-3.6175858974456787, 20.495800018310547, 3.6340126991271973, 7.081878185272217, 13.024828910827637, 1.7737126350402832, 1.2359719276428223, -2.395258665084839, 8.768277168273926, 0.013585559092462063]",9.873808,18.655718,1,"[-3.6445827  20.663752    3.607818    7.4420924  12.94147     1.6022452
  1.3908336  -2.3558006   8.766497    0.20558095]",,I pray for a miracle to happen for all of us on the ship.
530,10670,286,15,Remain in your cabins.,pg,3.0,94.6666666666667,Ahmed is the captain of a 50-passenger cruise ship. Four days into their trip they get caught in a storm and the engine breaks under the pressure. They are now stranded at sea. A rescue boat is on its way but might not arrive for a week. Their food supplies are quickly dwindling and Ahmed isn’t sure what to instruct the passengers and crew.,is the captain of a 50-passenger cruise ship . Four days into trip get caught in a storm and the engine breaks under the pressure . are now stranded at sea . A rescue boat is on way but might not arrive for a week . food supplies are quickly dwindling and isn ’ t sure what to instruct the passengers and crew . : Remain in cabins .,-3.6616862,20.610384,3.9517488,7.4126167,13.207614,1.791312,1.3372849,-2.1885881,8.5873165,0.13800187,"[-3.6616861820220947, 20.610383987426758, 3.951748847961426, 7.412616729736328, 13.207613945007324, 1.7913119792938232, 1.3372849225997925, -2.1885881423950195, 8.587316513061523, 0.13800187408924103]",9.820781,19.045227,1,"[-3.4471822  20.666515    3.9385123   7.3813643  13.241526    2.029008
  1.4364113  -2.2672248   8.528932   -0.19538808]",,I pray for a miracle to happen for all of us on the ship.
531,10671,290,15,wait for help,pg,3.0,100.0,Ahmed is the captain of a 50-passenger cruise ship. Four days into their trip they get caught in a storm and the engine breaks under the pressure. They are now stranded at sea. A rescue boat is on its way but might not arrive for a week. Their food supplies are quickly dwindling and Ahmed isn’t sure what to instruct the passengers and crew.,is the captain of a 50-passenger cruise ship . Four days into trip get caught in a storm and the engine breaks under the pressure . are now stranded at sea . A rescue boat is on way but might not arrive for a week . food supplies are quickly dwindling and isn ’ t sure what to instruct the passengers and crew . : wait for help,-3.9212708,20.636766,3.7540205,7.331964,13.023975,1.8688201,1.0962043,-2.0240154,8.704661,-0.61455554,"[-3.9212708473205566, 20.63676643371582, 3.7540204524993896, 7.331964015960693, 13.023975372314453, 1.868820071220398, 1.0962042808532715, -2.024015426635742, 8.70466136932373, -0.6145555377006531]",10.251905,18.019945,1,"[-3.9400773 20.582375   3.681353   7.343179  12.986776   1.7244117
  1.1226583 -2.1522439  8.818167  -0.388404 ]",,I pray for a miracle to happen for all of us on the ship.
532,10672,295,15,Hide until the rescue boat comes,pg,3.0,1.0,Ahmed is the captain of a 50-passenger cruise ship. Four days into their trip they get caught in a storm and the engine breaks under the pressure. They are now stranded at sea. A rescue boat is on its way but might not arrive for a week. Their food supplies are quickly dwindling and Ahmed isn’t sure what to instruct the passengers and crew.,is the captain of a 50-passenger cruise ship . Four days into trip get caught in a storm and the engine breaks under the pressure . are now stranded at sea . A rescue boat is on way but might not arrive for a week . food supplies are quickly dwindling and isn ’ t sure what to instruct the passengers and crew . : Hide until the rescue boat comes,-3.6798337,20.664778,4.1582093,7.284082,13.19503,1.9867805,1.138077,-1.9559696,8.365902,-0.19071448,"[-3.6798336505889893, 20.664777755737305, 4.158209323883057, 7.284081935882568, 13.195030212402344, 1.9867805242538452, 1.1380770206451416, -1.9559695720672607, 8.365901947021484, -0.19071447849273682]",9.812269,18.62792,1,"[-3.4471822  20.666515    3.9385123   7.3813643  13.241526    2.029008
  1.4364113  -2.2672248   8.528932   -0.19538808]",,I pray for a miracle to happen for all of us on the ship.
533,10673,298,15,Find another way off the boat,pg,3.0,64.3333333333333,Ahmed is the captain of a 50-passenger cruise ship. Four days into their trip they get caught in a storm and the engine breaks under the pressure. They are now stranded at sea. A rescue boat is on its way but might not arrive for a week. Their food supplies are quickly dwindling and Ahmed isn’t sure what to instruct the passengers and crew.,is the captain of a 50-passenger cruise ship . Four days into trip get caught in a storm and the engine breaks under the pressure . are now stranded at sea . A rescue boat is on way but might not arrive for a week . food supplies are quickly dwindling and isn ’ t sure what to instruct the passengers and crew . : Find another way off the boat,-4.123109,20.409939,3.803799,7.2235136,12.909773,1.635327,0.993782,-1.9403213,8.737886,-0.10116201,"[-4.123108863830566, 20.40993881225586, 3.8037989139556885, 7.223513603210449, 12.909772872924805, 1.6353269815444946, 0.9937819838523865, -1.9403213262557983, 8.737886428833008, -0.10116200894117355]",10.903425,18.49932,1,"[-3.9400773 20.582375   3.681353   7.343179  12.986776   1.7244117
  1.1226583 -2.1522439  8.818167  -0.388404 ]",,I pray for a miracle to happen for all of us on the ship.
534,10674,213,15,He could ask his crew to start dumping heavy items that they don't need in case the ship starts to sink,pg,4.0,69.6666666666667,Ahmed is the captain of a 50-passenger cruise ship. Four days into their trip they get caught in a storm and the engine breaks under the pressure. They are now stranded at sea. A rescue boat is on its way but might not arrive for a week. Their food supplies are quickly dwindling and Ahmed isn’t sure what to instruct the passengers and crew.,is the captain of a 50-passenger cruise ship . Four days into trip get caught in a storm and the engine breaks under the pressure . are now stranded at sea . A rescue boat is on way but might not arrive for a week . food supplies are quickly dwindling and isn ’ t sure what to instruct the passengers and crew . : ask crew to start dumping heavy items that do n't need in case the ship starts to sink,-3.4530666,20.67999,3.755774,7.5905614,13.105306,1.6526175,1.6259261,-2.2913635,8.631372,0.48681745,"[-3.45306658744812, 20.679990768432617, 3.7557740211486816, 7.590561389923096, 13.105305671691895, 1.6526174545288086, 1.62592613697052, -2.291363477706909, 8.631372451782227, 0.48681744933128357]",9.864661,19.315544,1,"[-3.6445827  20.663752    3.607818    7.4420924  12.94147     1.6022452
  1.3908336  -2.3558006   8.766497    0.20558095]",,I pray for a miracle to happen for all of us on the ship.
535,10675,214,15,Control the supplies yourself,pg,4.0,56.6666666666667,Ahmed is the captain of a 50-passenger cruise ship. Four days into their trip they get caught in a storm and the engine breaks under the pressure. They are now stranded at sea. A rescue boat is on its way but might not arrive for a week. Their food supplies are quickly dwindling and Ahmed isn’t sure what to instruct the passengers and crew.,is the captain of a 50-passenger cruise ship . Four days into trip get caught in a storm and the engine breaks under the pressure . are now stranded at sea . A rescue boat is on way but might not arrive for a week . food supplies are quickly dwindling and isn ’ t sure what to instruct the passengers and crew . : Control the supplies,-2.746724,21.22936,3.1896617,8.102515,12.757926,0.9347921,2.4860418,-2.8987799,8.196996,2.5508728,"[-2.7467238903045654, 21.229360580444336, 3.189661741256714, 8.10251522064209, 12.757925987243652, 0.9347921013832092, 2.486041784286499, -2.89877986907959, 8.196995735168457, 2.550872802734375]",8.322498,23.61112,0,"[-2.7720344 21.198093   3.524655   8.050342  12.951804   1.1348985
  2.1959908 -2.8224287  8.259791   2.3755927]",,Do some math and ration food
536,10676,216,15,Let everyone starve,pg,4.0,5.33333333333333,Ahmed is the captain of a 50-passenger cruise ship. Four days into their trip they get caught in a storm and the engine breaks under the pressure. They are now stranded at sea. A rescue boat is on its way but might not arrive for a week. Their food supplies are quickly dwindling and Ahmed isn’t sure what to instruct the passengers and crew.,is the captain of a 50-passenger cruise ship . Four days into trip get caught in a storm and the engine breaks under the pressure . are now stranded at sea . A rescue boat is on way but might not arrive for a week . food supplies are quickly dwindling and isn ’ t sure what to instruct the passengers and crew . : Let everyone starve,-3.0534632,21.08701,3.9657116,7.845482,12.826961,0.62214214,1.7351885,-2.7225196,8.340406,3.486563,"[-3.0534632205963135, 21.08700942993164, 3.9657115936279297, 7.845481872558594, 12.826960563659668, 0.6221421360969543, 1.7351884841918945, -2.722519636154175, 8.34040641784668, 3.486562967300415]",10.290233,24.302252,0,"[-3.1458452  21.047504    3.9430132   7.7608495  12.853509    0.69244516
  1.6887629  -2.9216924   8.4453125   3.4295208 ]",,Do some math and ration food
537,10677,222,15,Wait until the food runs out,pg,4.0,5.33333333333333,Ahmed is the captain of a 50-passenger cruise ship. Four days into their trip they get caught in a storm and the engine breaks under the pressure. They are now stranded at sea. A rescue boat is on its way but might not arrive for a week. Their food supplies are quickly dwindling and Ahmed isn’t sure what to instruct the passengers and crew.,is the captain of a 50-passenger cruise ship . Four days into trip get caught in a storm and the engine breaks under the pressure . are now stranded at sea . A rescue boat is on way but might not arrive for a week . food supplies are quickly dwindling and isn ’ t sure what to instruct the passengers and crew . : Wait until the food runs out,-2.9886873,21.11498,3.826321,7.925657,12.946739,0.9287984,1.9386827,-2.8919864,8.336068,2.9882367,"[-2.98868727684021, 21.114980697631836, 3.8263208866119385, 7.925656795501709, 12.946739196777344, 0.9287983775138855, 1.9386826753616333, -2.89198637008667, 8.336068153381348, 2.988236665725708]",9.296193,23.755005,0,"[-2.7724068 21.371      3.7459974  7.9590554 12.884674   0.7567073
  2.0065956 -2.9518974  8.444245   3.1534615]",,Do some math and ration food
538,10678,227,15,Wait for the boat,pg,4.0,83.3333333333333,Ahmed is the captain of a 50-passenger cruise ship. Four days into their trip they get caught in a storm and the engine breaks under the pressure. They are now stranded at sea. A rescue boat is on its way but might not arrive for a week. Their food supplies are quickly dwindling and Ahmed isn’t sure what to instruct the passengers and crew.,is the captain of a 50-passenger cruise ship . Four days into trip get caught in a storm and the engine breaks under the pressure . are now stranded at sea . A rescue boat is on way but might not arrive for a week . food supplies are quickly dwindling and isn ’ t sure what to instruct the passengers and crew . : Wait for the boat,-3.914504,20.656197,3.776335,7.3389955,13.084717,1.8726233,1.098037,-2.0125155,8.708162,-0.58750325,"[-3.914504051208496, 20.65619659423828, 3.7763350009918213, 7.338995456695557, 13.084716796875, 1.872623324394226, 1.0980370044708252, -2.0125155448913574, 8.708162307739258, -0.5875032544136047]",10.280214,18.056492,1,"[-3.9400773 20.582375   3.681353   7.343179  12.986776   1.7244117
  1.1226583 -2.1522439  8.818167  -0.388404 ]",,I pray for a miracle to happen for all of us on the ship.
539,10679,230,15,Battle for the food.,pg,4.0,66.6666666666667,Ahmed is the captain of a 50-passenger cruise ship. Four days into their trip they get caught in a storm and the engine breaks under the pressure. They are now stranded at sea. A rescue boat is on its way but might not arrive for a week. Their food supplies are quickly dwindling and Ahmed isn’t sure what to instruct the passengers and crew.,is the captain of a 50-passenger cruise ship . Four days into trip get caught in a storm and the engine breaks under the pressure . are now stranded at sea . A rescue boat is on way but might not arrive for a week . food supplies are quickly dwindling and isn ’ t sure what to instruct the passengers and crew . : Battle for the food .,-2.889573,21.301792,3.5748153,7.7873025,12.841033,0.42853814,2.1312294,-3.0145402,8.594606,3.3770688,"[-2.889573097229004, 21.30179214477539, 3.574815273284912, 7.787302494049072, 12.841032981872559, 0.42853814363479614, 2.1312294006347656, -3.014540195465088, 8.594606399536133, 3.3770687580108643]",9.606843,24.277401,0,"[-2.7724068 21.371      3.7459974  7.9590554 12.884674   0.7567073
  2.0065956 -2.9518974  8.444245   3.1534615]",,Do some math and ration food
540,10680,233,15,Make sure that people aren't wasting food,pg,4.0,100.0,Ahmed is the captain of a 50-passenger cruise ship. Four days into their trip they get caught in a storm and the engine breaks under the pressure. They are now stranded at sea. A rescue boat is on its way but might not arrive for a week. Their food supplies are quickly dwindling and Ahmed isn’t sure what to instruct the passengers and crew.,is the captain of a 50-passenger cruise ship . Four days into trip get caught in a storm and the engine breaks under the pressure . are now stranded at sea . A rescue boat is on way but might not arrive for a week . food supplies are quickly dwindling and isn ’ t sure what to instruct the passengers and crew . : Make sure that people are n't wasting food,-2.7132936,21.455359,3.8127952,8.072506,12.819024,0.7784846,1.9898819,-2.913061,8.286421,3.4324965,"[-2.7132935523986816, 21.455358505249023, 3.8127951622009277, 8.072505950927734, 12.819024085998535, 0.778484582901001, 1.9898818731307983, -2.9130609035491943, 8.286420822143555, 3.4324965476989746]",9.342264,24.690397,0,"[-2.7724068 21.371      3.7459974  7.9590554 12.884674   0.7567073
  2.0065956 -2.9518974  8.444245   3.1534615]",,Do some math and ration food
541,10681,235,15,Ahmed could kill himself to avoid the problem.,pg,4.0,0.0,Ahmed is the captain of a 50-passenger cruise ship. Four days into their trip they get caught in a storm and the engine breaks under the pressure. They are now stranded at sea. A rescue boat is on its way but might not arrive for a week. Their food supplies are quickly dwindling and Ahmed isn’t sure what to instruct the passengers and crew.,is the captain of a 50-passenger cruise ship . Four days into trip get caught in a storm and the engine breaks under the pressure . are now stranded at sea . A rescue boat is on way but might not arrive for a week . food supplies are quickly dwindling and isn ’ t sure what to instruct the passengers and crew . : kill to avoid the problem .,-4.1403913,20.33983,4.31999,7.0970106,13.058528,1.4759605,0.89591247,-1.7185392,8.222062,1.3592594,"[-4.1403913497924805, 20.33983039855957, 4.319990158081055, 7.097010612487793, 13.058527946472168, 1.4759604930877686, 0.8959124684333801, -1.7185392379760742, 8.222062110900879, 1.3592593669891357]",11.010465,20.568548,1,"[-4.048797  20.437038   4.2164783  7.1701818 13.042211   1.5807805
  0.9519202 -1.7881687  8.2991705  0.8971675]",,I pray for a miracle to happen for all of us on the ship.
542,10682,243,15,Announce that you have taken charge.,pg,4.0,98.3333333333333,Ahmed is the captain of a 50-passenger cruise ship. Four days into their trip they get caught in a storm and the engine breaks under the pressure. They are now stranded at sea. A rescue boat is on its way but might not arrive for a week. Their food supplies are quickly dwindling and Ahmed isn’t sure what to instruct the passengers and crew.,is the captain of a 50-passenger cruise ship . Four days into trip get caught in a storm and the engine breaks under the pressure . are now stranded at sea . A rescue boat is on way but might not arrive for a week . food supplies are quickly dwindling and isn ’ t sure what to instruct the passengers and crew . : Announce that have taken charge .,-3.3021524,20.687302,3.8137777,7.304133,12.96061,1.9585801,1.3618104,-2.4549553,8.29374,0.025350923,"[-3.302152395248413, 20.687301635742188, 3.8137776851654053, 7.30413293838501, 12.960610389709473, 1.9585801362991333, 1.3618104457855225, -2.4549553394317627, 8.293740272521973, 0.025350922718644142]",9.397308,18.960232,1,"[-3.4471822  20.666515    3.9385123   7.3813643  13.241526    2.029008
  1.4364113  -2.2672248   8.528932   -0.19538808]",,I pray for a miracle to happen for all of us on the ship.
543,10683,244,15,"If there's water, they will survive, if fishing fails, just sit and wait.",pg,4.0,97.0,Ahmed is the captain of a 50-passenger cruise ship. Four days into their trip they get caught in a storm and the engine breaks under the pressure. They are now stranded at sea. A rescue boat is on its way but might not arrive for a week. Their food supplies are quickly dwindling and Ahmed isn’t sure what to instruct the passengers and crew.,"is the captain of a 50-passenger cruise ship . Four days into trip get caught in a storm and the engine breaks under the pressure . are now stranded at sea . A rescue boat is on way but might not arrive for a week . food supplies are quickly dwindling and isn ’ t sure what to instruct the passengers and crew . : If there 's water , will survive , if fishing fails , just sit and wait .",-3.928478,20.667793,3.9019804,7.25033,13.227143,1.9800649,1.0309104,-1.8843756,8.635335,-0.5437879,"[-3.9284780025482178, 20.66779327392578, 3.901980400085449, 7.250329971313477, 13.227143287658691, 1.980064868927002, 1.0309103727340698, -1.8843755722045898, 8.635334968566895, -0.5437878966331482]",10.3809,18.186235,1,"[-3.9400773 20.582375   3.681353   7.343179  12.986776   1.7244117
  1.1226583 -2.1522439  8.818167  -0.388404 ]",,I pray for a miracle to happen for all of us on the ship.
544,10684,245,15,Have to get them in control,pg,4.0,85.0,Ahmed is the captain of a 50-passenger cruise ship. Four days into their trip they get caught in a storm and the engine breaks under the pressure. They are now stranded at sea. A rescue boat is on its way but might not arrive for a week. Their food supplies are quickly dwindling and Ahmed isn’t sure what to instruct the passengers and crew.,is the captain of a 50-passenger cruise ship . Four days into trip get caught in a storm and the engine breaks under the pressure . are now stranded at sea . A rescue boat is on way but might not arrive for a week . food supplies are quickly dwindling and isn ’ t sure what to instruct the passengers and crew . : Have to get in control,-3.540858,20.753527,3.6767097,7.4670577,12.99082,1.7599492,1.4127264,-2.448427,8.576077,0.07246009,"[-3.540858030319214, 20.75352668762207, 3.6767096519470215, 7.467057704925537, 12.990819931030273, 1.7599492073059082, 1.4127264022827148, -2.4484269618988037, 8.576077461242676, 0.07246009260416031]",9.630137,18.836597,1,"[-3.6445827  20.663752    3.607818    7.4420924  12.94147     1.6022452
  1.3908336  -2.3558006   8.766497    0.20558095]",,I pray for a miracle to happen for all of us on the ship.
545,10685,247,15,encourage to drink plenty of liquids,pg,4.0,98.3333333333333,Ahmed is the captain of a 50-passenger cruise ship. Four days into their trip they get caught in a storm and the engine breaks under the pressure. They are now stranded at sea. A rescue boat is on its way but might not arrive for a week. Their food supplies are quickly dwindling and Ahmed isn’t sure what to instruct the passengers and crew.,is the captain of a 50-passenger cruise ship . Four days into trip get caught in a storm and the engine breaks under the pressure . are now stranded at sea . A rescue boat is on way but might not arrive for a week . food supplies are quickly dwindling and isn ’ t sure what to instruct the passengers and crew . : encourage to drink plenty of liquids,-2.554758,21.340843,3.6303706,8.137589,13.097021,1.107816,2.0820343,-3.0549648,8.095413,2.8206918,"[-2.554758071899414, 21.340843200683594, 3.630370616912842, 8.137589454650879, 13.097021102905273, 1.1078159809112549, 2.0820343494415283, -3.054964780807495, 8.095413208007812, 2.8206918239593506]",8.879212,23.525797,0,"[-2.7720344 21.198093   3.524655   8.050342  12.951804   1.1348985
  2.1959908 -2.8224287  8.259791   2.3755927]",,Do some math and ration food
546,10686,250,15,Swim to safety ,pg,4.0,10.3333333333333,Ahmed is the captain of a 50-passenger cruise ship. Four days into their trip they get caught in a storm and the engine breaks under the pressure. They are now stranded at sea. A rescue boat is on its way but might not arrive for a week. Their food supplies are quickly dwindling and Ahmed isn’t sure what to instruct the passengers and crew.,is the captain of a 50-passenger cruise ship . Four days into trip get caught in a storm and the engine breaks under the pressure . are now stranded at sea . A rescue boat is on way but might not arrive for a week . food supplies are quickly dwindling and isn ’ t sure what to instruct the passengers and crew . : Swim to safety,-4.1371813,20.439852,4.012288,7.115354,13.040904,1.7448713,0.8779171,-1.8632151,8.525701,-0.018079365,"[-4.137181282043457, 20.439851760864258, 4.0122880935668945, 7.115354061126709, 13.04090404510498, 1.7448712587356567, 0.8779171109199524, -1.8632150888442993, 8.525700569152832, -0.0180793646723032]",10.8525715,18.82822,1,"[-3.9400773 20.582375   3.681353   7.343179  12.986776   1.7244117
  1.1226583 -2.1522439  8.818167  -0.388404 ]",,I pray for a miracle to happen for all of us on the ship.
547,10687,256,15,Tell the passengers to remain in their cabins,pg,4.0,50.0,Ahmed is the captain of a 50-passenger cruise ship. Four days into their trip they get caught in a storm and the engine breaks under the pressure. They are now stranded at sea. A rescue boat is on its way but might not arrive for a week. Their food supplies are quickly dwindling and Ahmed isn’t sure what to instruct the passengers and crew.,is the captain of a 50-passenger cruise ship . Four days into trip get caught in a storm and the engine breaks under the pressure . are now stranded at sea . A rescue boat is on way but might not arrive for a week . food supplies are quickly dwindling and isn ’ t sure what to instruct the passengers and crew . : Tell the passengers to remain in cabins,-3.3637652,20.57758,4.1202683,7.3989377,13.382481,1.8686894,1.4787111,-2.3272789,8.500983,0.3200119,"[-3.363765239715576, 20.577579498291016, 4.12026834487915, 7.398937702178955, 13.38248062133789, 1.8686894178390503, 1.4787111282348633, -2.3272788524627686, 8.500983238220215, 0.3200119137763977]",9.459958,19.331057,1,"[-3.4471822  20.666515    3.9385123   7.3813643  13.241526    2.029008
  1.4364113  -2.2672248   8.528932   -0.19538808]",,I pray for a miracle to happen for all of us on the ship.
548,10688,258,15,Hide the food and keep it under guard,pg,4.0,42.3333333333333,Ahmed is the captain of a 50-passenger cruise ship. Four days into their trip they get caught in a storm and the engine breaks under the pressure. They are now stranded at sea. A rescue boat is on its way but might not arrive for a week. Their food supplies are quickly dwindling and Ahmed isn’t sure what to instruct the passengers and crew.,is the captain of a 50-passenger cruise ship . Four days into trip get caught in a storm and the engine breaks under the pressure . are now stranded at sea . A rescue boat is on way but might not arrive for a week . food supplies are quickly dwindling and isn ’ t sure what to instruct the passengers and crew . : Hide the food and keep under guard,-2.663344,21.190197,3.803118,8.130939,13.132712,0.8721659,2.0815938,-3.565762,8.262624,3.4812815,"[-2.663343906402588, 21.190196990966797, 3.8031179904937744, 8.130938529968262, 13.132712364196777, 0.8721659183502197, 2.0815937519073486, -3.5657620429992676, 8.26262378692627, 3.4812815189361572]",8.890506,24.505463,0,"[-2.539899   21.376513    3.7032785   8.16124    13.059622    0.74750316
  2.236266   -3.401897    8.24102     3.61381   ]",,Do some math and ration food
549,10689,259,15,Ask passengers if some would be willing to not eat,pg,4.0,50.0,Ahmed is the captain of a 50-passenger cruise ship. Four days into their trip they get caught in a storm and the engine breaks under the pressure. They are now stranded at sea. A rescue boat is on its way but might not arrive for a week. Their food supplies are quickly dwindling and Ahmed isn’t sure what to instruct the passengers and crew.,is the captain of a 50-passenger cruise ship . Four days into trip get caught in a storm and the engine breaks under the pressure . are now stranded at sea . A rescue boat is on way but might not arrive for a week . food supplies are quickly dwindling and isn ’ t sure what to instruct the passengers and crew . : Ask passengers if some be willing to not eat,-2.5808592,21.456469,4.126904,8.115208,12.883278,0.57298476,1.7440983,-2.8747644,8.281858,3.9468248,"[-2.5808591842651367, 21.45646858215332, 4.126904010772705, 8.11520767211914, 12.883277893066406, 0.5729847550392151, 1.7440983057022095, -2.8747644424438477, 8.281858444213867, 3.946824789047241]",10.104573,24.989468,0,"[-2.7441764 21.471848   3.8376455  8.027677  12.746755   0.5944112
  1.9096599 -3.0311432  8.425255   3.7557979]",,Do some math and ration food
550,10690,260,15,limit strenuous activities,pg,4.0,82.0,Ahmed is the captain of a 50-passenger cruise ship. Four days into their trip they get caught in a storm and the engine breaks under the pressure. They are now stranded at sea. A rescue boat is on its way but might not arrive for a week. Their food supplies are quickly dwindling and Ahmed isn’t sure what to instruct the passengers and crew.,is the captain of a 50-passenger cruise ship . Four days into trip get caught in a storm and the engine breaks under the pressure . are now stranded at sea . A rescue boat is on way but might not arrive for a week . food supplies are quickly dwindling and isn ’ t sure what to instruct the passengers and crew . : limit strenuous activities,-3.300996,20.856606,3.8229098,7.573515,13.478903,1.8219638,1.5937631,-2.6033306,8.670377,0.53206956,"[-3.3009960651397705, 20.856605529785156, 3.8229098320007324, 7.573514938354492, 13.478902816772461, 1.8219637870788574, 1.5937631130218506, -2.603330612182617, 8.670376777648926, 0.5320695638656616]",9.266831,19.407349,1,"[-3.6445827  20.663752    3.607818    7.4420924  12.94147     1.6022452
  1.3908336  -2.3558006   8.766497    0.20558095]",,I pray for a miracle to happen for all of us on the ship.
551,10691,264,15,Tell everyone to swim for it,pg,4.0,0.333333333333333,Ahmed is the captain of a 50-passenger cruise ship. Four days into their trip they get caught in a storm and the engine breaks under the pressure. They are now stranded at sea. A rescue boat is on its way but might not arrive for a week. Their food supplies are quickly dwindling and Ahmed isn’t sure what to instruct the passengers and crew.,is the captain of a 50-passenger cruise ship . Four days into trip get caught in a storm and the engine breaks under the pressure . are now stranded at sea . A rescue boat is on way but might not arrive for a week . food supplies are quickly dwindling and isn ’ t sure what to instruct the passengers and crew . : Tell everyone to swim for,-3.9824178,20.394037,4.041395,7.103351,13.208925,1.8615342,1.0034934,-1.9658722,8.564798,-0.028047591,"[-3.9824178218841553, 20.3940372467041, 4.04139518737793, 7.10335111618042, 13.208925247192383, 1.8615342378616333, 1.0034934282302856, -1.9658721685409546, 8.564798355102539, -0.0280475914478302]",10.5909605,18.924667,1,"[-3.9400773 20.582375   3.681353   7.343179  12.986776   1.7244117
  1.1226583 -2.1522439  8.818167  -0.388404 ]",,I pray for a miracle to happen for all of us on the ship.
552,10692,269,15,See if there are any other food sources that are hid amongst the passengers.,pg,4.0,72.6666666666667,Ahmed is the captain of a 50-passenger cruise ship. Four days into their trip they get caught in a storm and the engine breaks under the pressure. They are now stranded at sea. A rescue boat is on its way but might not arrive for a week. Their food supplies are quickly dwindling and Ahmed isn’t sure what to instruct the passengers and crew.,is the captain of a 50-passenger cruise ship . Four days into trip get caught in a storm and the engine breaks under the pressure . are now stranded at sea . A rescue boat is on way but might not arrive for a week . food supplies are quickly dwindling and isn ’ t sure what to instruct the passengers and crew . : See if there are any other food sources that are hid amongst the passengers .,-2.721182,21.461964,3.8782122,7.9246054,12.972823,0.8234952,1.8842683,-3.0869389,8.567174,3.1277606,"[-2.721182107925415, 21.461963653564453, 3.8782122135162354, 7.924605369567871, 12.972823143005371, 0.8234952092170715, 1.8842682838439941, -3.0869388580322266, 8.567173957824707, 3.127760648727417]",9.479829,24.173567,0,"[-2.7724068 21.371      3.7459974  7.9590554 12.884674   0.7567073
  2.0065956 -2.9518974  8.444245   3.1534615]",,Do some math and ration food
553,10693,270,15,Hide food from everyone.,pg,4.0,10.3333333333333,Ahmed is the captain of a 50-passenger cruise ship. Four days into their trip they get caught in a storm and the engine breaks under the pressure. They are now stranded at sea. A rescue boat is on its way but might not arrive for a week. Their food supplies are quickly dwindling and Ahmed isn’t sure what to instruct the passengers and crew.,is the captain of a 50-passenger cruise ship . Four days into trip get caught in a storm and the engine breaks under the pressure . are now stranded at sea . A rescue boat is on way but might not arrive for a week . food supplies are quickly dwindling and isn ’ t sure what to instruct the passengers and crew . : Hide food from everyone .,-2.6786377,21.123293,3.8119888,8.152142,13.13779,0.8454902,2.0609436,-3.6203325,8.256131,3.5408092,"[-2.678637742996216, 21.123292922973633, 3.8119888305664062, 8.152141571044922, 13.137789726257324, 0.8454902172088623, 2.060943603515625, -3.6203324794769287, 8.256131172180176, 3.540809154510498]",8.777521,24.592594,0,"[-2.539899   21.376513    3.7032785   8.16124    13.059622    0.74750316
  2.236266   -3.401897    8.24102     3.61381   ]",,Do some math and ration food
554,10694,272,15,Nobody gets any of it due to fairness.,pg,4.0,4.66666666666667,Ahmed is the captain of a 50-passenger cruise ship. Four days into their trip they get caught in a storm and the engine breaks under the pressure. They are now stranded at sea. A rescue boat is on its way but might not arrive for a week. Their food supplies are quickly dwindling and Ahmed isn’t sure what to instruct the passengers and crew.,is the captain of a 50-passenger cruise ship . Four days into trip get caught in a storm and the engine breaks under the pressure . are now stranded at sea . A rescue boat is on way but might not arrive for a week . food supplies are quickly dwindling and isn ’ t sure what to instruct the passengers and crew . : Nobody gets any of due to fairness .,-3.7691362,21.024797,3.597782,7.48436,12.84121,1.6072538,1.2253407,-2.185426,8.555902,-0.015113398,"[-3.7691361904144287, 21.024797439575195, 3.5977818965911865, 7.484360218048096, 12.84121036529541, 1.6072537899017334, 1.225340723991394, -2.1854259967803955, 8.555901527404785, -0.015113398432731628]",10.282428,18.480465,1,"[-3.6445827  20.663752    3.607818    7.4420924  12.94147     1.6022452
  1.3908336  -2.3558006   8.766497    0.20558095]",,I pray for a miracle to happen for all of us on the ship.
555,10695,273,15,rest,pg,4.0,48.3333333333333,Ahmed is the captain of a 50-passenger cruise ship. Four days into their trip they get caught in a storm and the engine breaks under the pressure. They are now stranded at sea. A rescue boat is on its way but might not arrive for a week. Their food supplies are quickly dwindling and Ahmed isn’t sure what to instruct the passengers and crew.,is the captain of a 50-passenger cruise ship . Four days into trip get caught in a storm and the engine breaks under the pressure . are now stranded at sea . A rescue boat is on way but might not arrive for a week . food supplies are quickly dwindling and isn ’ t sure what to instruct the passengers and crew . : rest,-4.0029345,20.88323,3.5226524,7.446608,12.795684,1.6191826,1.0992504,-2.2144313,8.718613,-0.42105433,"[-4.002934455871582, 20.883230209350586, 3.5226523876190186, 7.446608066558838, 12.795683860778809, 1.6191825866699219, 1.0992504358291626, -2.2144312858581543, 8.718612670898438, -0.42105433344841003]",10.267234,18.04354,1,"[-3.9400773 20.582375   3.681353   7.343179  12.986776   1.7244117
  1.1226583 -2.1522439  8.818167  -0.388404 ]",,I pray for a miracle to happen for all of us on the ship.
556,10696,274,15,make sure everyone has lifejackets,pg,4.0,100.0,Ahmed is the captain of a 50-passenger cruise ship. Four days into their trip they get caught in a storm and the engine breaks under the pressure. They are now stranded at sea. A rescue boat is on its way but might not arrive for a week. Their food supplies are quickly dwindling and Ahmed isn’t sure what to instruct the passengers and crew.,is the captain of a 50-passenger cruise ship . Four days into trip get caught in a storm and the engine breaks under the pressure . are now stranded at sea . A rescue boat is on way but might not arrive for a week . food supplies are quickly dwindling and isn ’ t sure what to instruct the passengers and crew . : make sure everyone has lifejackets,-3.736356,20.525715,3.785817,7.357287,13.305804,1.750833,1.3204935,-2.3122487,8.874887,0.1181495,"[-3.736356019973755, 20.525714874267578, 3.7858169078826904, 7.3572869300842285, 13.305804252624512, 1.7508330345153809, 1.320493459701538, -2.312248706817627, 8.874887466430664, 0.11814949661493301]",9.926208,18.57737,1,"[-3.6445827  20.663752    3.607818    7.4420924  12.94147     1.6022452
  1.3908336  -2.3558006   8.766497    0.20558095]",,I pray for a miracle to happen for all of us on the ship.
557,10697,281,15,Jump off the ship. ,pg,4.0,1.66666666666667,Ahmed is the captain of a 50-passenger cruise ship. Four days into their trip they get caught in a storm and the engine breaks under the pressure. They are now stranded at sea. A rescue boat is on its way but might not arrive for a week. Their food supplies are quickly dwindling and Ahmed isn’t sure what to instruct the passengers and crew.,is the captain of a 50-passenger cruise ship . Four days into trip get caught in a storm and the engine breaks under the pressure . are now stranded at sea . A rescue boat is on way but might not arrive for a week . food supplies are quickly dwindling and isn ’ t sure what to instruct the passengers and crew . : Jump off the ship .,-4.1940656,20.413286,4.137222,7.1520424,13.011474,1.6372865,0.8623926,-1.755684,8.394221,0.4156406,"[-4.194065570831299, 20.413286209106445, 4.137221813201904, 7.152042388916016, 13.011473655700684, 1.6372865438461304, 0.8623926043510437, -1.7556840181350708, 8.394221305847168, 0.41564059257507324]",11.043039,19.28164,1,"[-4.048797  20.437038   4.2164783  7.1701818 13.042211   1.5807805
  0.9519202 -1.7881687  8.2991705  0.8971675]",,I pray for a miracle to happen for all of us on the ship.
558,10698,286,15,Don't go into the sun so you don't sweat.,pg,4.0,94.6666666666667,Ahmed is the captain of a 50-passenger cruise ship. Four days into their trip they get caught in a storm and the engine breaks under the pressure. They are now stranded at sea. A rescue boat is on its way but might not arrive for a week. Their food supplies are quickly dwindling and Ahmed isn’t sure what to instruct the passengers and crew.,is the captain of a 50-passenger cruise ship . Four days into trip get caught in a storm and the engine breaks under the pressure . are now stranded at sea . A rescue boat is on way but might not arrive for a week . food supplies are quickly dwindling and isn ’ t sure what to instruct the passengers and crew . : Do n't go into the sun so do n't sweat .,-3.3477669,20.971455,3.7564728,7.519117,13.984418,2.2096045,1.468272,-2.8463264,8.920534,-0.6409728,"[-3.347766876220703, 20.971454620361328, 3.7564728260040283, 7.5191168785095215, 13.984417915344238, 2.209604501724243, 1.4682719707489014, -2.8463263511657715, 8.920534133911133, -0.6409727931022644]",8.673732,17.491728,1,"[-3.2833366  20.987505    3.8097646   7.5450077  13.942098    2.1630592
  1.5749658  -2.8369474   8.920529   -0.47967017]",,I pray for a miracle to happen for all of us on the ship.
559,10699,298,15,Abandon the boat,pg,4.0,50.0,Ahmed is the captain of a 50-passenger cruise ship. Four days into their trip they get caught in a storm and the engine breaks under the pressure. They are now stranded at sea. A rescue boat is on its way but might not arrive for a week. Their food supplies are quickly dwindling and Ahmed isn’t sure what to instruct the passengers and crew.,is the captain of a 50-passenger cruise ship . Four days into trip get caught in a storm and the engine breaks under the pressure . are now stranded at sea . A rescue boat is on way but might not arrive for a week . food supplies are quickly dwindling and isn ’ t sure what to instruct the passengers and crew . : Abandon the boat,-3.917567,20.543232,4.1161327,7.1475935,13.111154,1.8059266,1.0196445,-1.8002429,8.314711,0.40126404,"[-3.917567014694214, 20.543231964111328, 4.116132736206055, 7.1475934982299805, 13.111153602600098, 1.8059265613555908, 1.0196444988250732, -1.8002429008483887, 8.31471061706543, 0.4012640416622162]",10.753223,19.382807,1,"[-4.048797  20.437038   4.2164783  7.1701818 13.042211   1.5807805
  0.9519202 -1.7881687  8.2991705  0.8971675]",,I pray for a miracle to happen for all of us on the ship.
560,10700,300,15,ask the passengers to donate all the personal food that they may have,pg,4.0,100.0,Ahmed is the captain of a 50-passenger cruise ship. Four days into their trip they get caught in a storm and the engine breaks under the pressure. They are now stranded at sea. A rescue boat is on its way but might not arrive for a week. Their food supplies are quickly dwindling and Ahmed isn’t sure what to instruct the passengers and crew.,is the captain of a 50-passenger cruise ship . Four days into trip get caught in a storm and the engine breaks under the pressure . are now stranded at sea . A rescue boat is on way but might not arrive for a week . food supplies are quickly dwindling and isn ’ t sure what to instruct the passengers and crew . : ask the passengers to donate all the personal food that may have,-2.9442327,21.339254,3.8820546,8.009283,12.752366,0.8261018,1.7618076,-3.308523,8.466007,3.8101964,"[-2.944232702255249, 21.33925437927246, 3.882054567337036, 8.009283065795898, 12.752366065979004, 0.8261017799377441, 1.7618075609207153, -3.308522939682007, 8.466007232666016, 3.8101963996887207]",9.847129,24.707296,0,"[-2.7441764 21.471848   3.8376455  8.027677  12.746755   0.5944112
  1.9096599 -3.0311432  8.425255   3.7557979]",,Do some math and ration food
561,10701,307,15,Give up,pg,4.0,23.3333333333333,Ahmed is the captain of a 50-passenger cruise ship. Four days into their trip they get caught in a storm and the engine breaks under the pressure. They are now stranded at sea. A rescue boat is on its way but might not arrive for a week. Their food supplies are quickly dwindling and Ahmed isn’t sure what to instruct the passengers and crew.,is the captain of a 50-passenger cruise ship . Four days into trip get caught in a storm and the engine breaks under the pressure . are now stranded at sea . A rescue boat is on way but might not arrive for a week . food supplies are quickly dwindling and isn ’ t sure what to instruct the passengers and crew . : Give up,-3.9460902,20.676184,4.0353136,7.1681557,13.137308,1.8672607,1.0052865,-1.7773045,8.361377,0.14008361,"[-3.9460902214050293, 20.676183700561523, 4.035313606262207, 7.168155670166016, 13.137308120727539, 1.8672606945037842, 1.005286455154419, -1.7773045301437378, 8.361376762390137, 0.14008361101150513]",10.711866,19.159792,1,"[-4.048797  20.437038   4.2164783  7.1701818 13.042211   1.5807805
  0.9519202 -1.7881687  8.2991705  0.8971675]",,I pray for a miracle to happen for all of us on the ship.
562,10702,311,15,let there be a free for all and everyone take what they want,pg,4.0,9.0,Ahmed is the captain of a 50-passenger cruise ship. Four days into their trip they get caught in a storm and the engine breaks under the pressure. They are now stranded at sea. A rescue boat is on its way but might not arrive for a week. Their food supplies are quickly dwindling and Ahmed isn’t sure what to instruct the passengers and crew.,is the captain of a 50-passenger cruise ship . Four days into trip get caught in a storm and the engine breaks under the pressure . are now stranded at sea . A rescue boat is on way but might not arrive for a week . food supplies are quickly dwindling and isn ’ t sure what to instruct the passengers and crew . : let there be a free for all and everyone take what want,-3.1087363,21.16996,3.4833484,7.780071,12.666247,0.8964611,1.9760014,-2.9053724,8.475269,2.582006,"[-3.108736276626587, 21.169960021972656, 3.4833483695983887, 7.780070781707764, 12.666247367858887, 0.8964611291885376, 1.9760013818740845, -2.905372381210327, 8.475269317626953, 2.5820059776306152]",9.557151,23.287231,0,"[-2.7720344 21.198093   3.524655   8.050342  12.951804   1.1348985
  2.1959908 -2.8224287  8.259791   2.3755927]",,Do some math and ration food
563,10703,211,15,Have everyone work together. ,pg,5.0,100.0,Ahmed is the captain of a 50-passenger cruise ship. Four days into their trip they get caught in a storm and the engine breaks under the pressure. They are now stranded at sea. A rescue boat is on its way but might not arrive for a week. Their food supplies are quickly dwindling and Ahmed isn’t sure what to instruct the passengers and crew.,is the captain of a 50-passenger cruise ship . Four days into trip get caught in a storm and the engine breaks under the pressure . are now stranded at sea . A rescue boat is on way but might not arrive for a week . food supplies are quickly dwindling and isn ’ t sure what to instruct the passengers and crew . : Have everyone work together .,-3.530284,20.764814,3.6376252,7.3163857,12.839174,1.7494996,1.3241771,-2.401858,8.48957,0.10655934,"[-3.5302839279174805, 20.764814376831055, 3.637625217437744, 7.316385746002197, 12.839174270629883, 1.7494995594024658, 1.3241771459579468, -2.40185809135437, 8.489569664001465, 0.10655934363603592]",9.613782,18.92361,1,"[-3.6445827  20.663752    3.607818    7.4420924  12.94147     1.6022452
  1.3908336  -2.3558006   8.766497    0.20558095]",,I pray for a miracle to happen for all of us on the ship.
564,10704,212,15,Manually paddle/move the boat,pg,5.0,55.3333333333333,Ahmed is the captain of a 50-passenger cruise ship. Four days into their trip they get caught in a storm and the engine breaks under the pressure. They are now stranded at sea. A rescue boat is on its way but might not arrive for a week. Their food supplies are quickly dwindling and Ahmed isn’t sure what to instruct the passengers and crew.,is the captain of a 50-passenger cruise ship . Four days into trip get caught in a storm and the engine breaks under the pressure . are now stranded at sea . A rescue boat is on way but might not arrive for a week . food supplies are quickly dwindling and isn ’ t sure what to instruct the passengers and crew . : Manually paddle/move the boat,-4.0614986,20.328175,3.8923295,7.1553264,13.030745,1.7617346,1.0414045,-1.922613,8.745536,-0.14589633,"[-4.061498641967773, 20.328174591064453, 3.892329454421997, 7.1553263664245605, 13.030744552612305, 1.7617346048355103, 1.0414044857025146, -1.9226130247116089, 8.745535850524902, -0.1458963304758072]",10.915257,18.4702,1,"[-3.9400773 20.582375   3.681353   7.343179  12.986776   1.7244117
  1.1226583 -2.1522439  8.818167  -0.388404 ]",,I pray for a miracle to happen for all of us on the ship.
565,10705,213,15,He could make sure that the lifeboats are in working order,pg,5.0,100.0,Ahmed is the captain of a 50-passenger cruise ship. Four days into their trip they get caught in a storm and the engine breaks under the pressure. They are now stranded at sea. A rescue boat is on its way but might not arrive for a week. Their food supplies are quickly dwindling and Ahmed isn’t sure what to instruct the passengers and crew.,is the captain of a 50-passenger cruise ship . Four days into trip get caught in a storm and the engine breaks under the pressure . are now stranded at sea . A rescue boat is on way but might not arrive for a week . food supplies are quickly dwindling and isn ’ t sure what to instruct the passengers and crew . : make sure that the lifeboats are in working order,-3.7595053,20.534967,3.781194,7.456053,13.241573,1.7461356,1.3792307,-2.2208924,8.889208,0.00032929375,"[-3.759505271911621, 20.53496742248535, 3.781193971633911, 7.456052780151367, 13.241573333740234, 1.7461355924606323, 1.3792307376861572, -2.2208924293518066, 8.88920783996582, 0.0003292937471996993]",9.891575,18.52419,1,"[-3.6445827  20.663752    3.607818    7.4420924  12.94147     1.6022452
  1.3908336  -2.3558006   8.766497    0.20558095]",,I pray for a miracle to happen for all of us on the ship.
566,10706,216,15,Make people fend for themselves,pg,5.0,18.0,Ahmed is the captain of a 50-passenger cruise ship. Four days into their trip they get caught in a storm and the engine breaks under the pressure. They are now stranded at sea. A rescue boat is on its way but might not arrive for a week. Their food supplies are quickly dwindling and Ahmed isn’t sure what to instruct the passengers and crew.,is the captain of a 50-passenger cruise ship . Four days into trip get caught in a storm and the engine breaks under the pressure . are now stranded at sea . A rescue boat is on way but might not arrive for a week . food supplies are quickly dwindling and isn ’ t sure what to instruct the passengers and crew . : Make people fend for,-3.8206007,20.536076,3.6261454,7.3582516,12.920607,1.4495071,1.2715073,-2.232666,8.889354,0.5147805,"[-3.820600748062134, 20.536075592041016, 3.626145362854004, 7.358251571655273, 12.92060661315918, 1.4495071172714233, 1.2715072631835938, -2.232666015625, 8.88935375213623, 0.5147805213928223]",10.208632,19.91986,1,"[-3.6445827  20.663752    3.607818    7.4420924  12.94147     1.6022452
  1.3908336  -2.3558006   8.766497    0.20558095]",,I pray for a miracle to happen for all of us on the ship.
567,10707,219,15,Hope for the best,pg,5.0,100.0,Ahmed is the captain of a 50-passenger cruise ship. Four days into their trip they get caught in a storm and the engine breaks under the pressure. They are now stranded at sea. A rescue boat is on its way but might not arrive for a week. Their food supplies are quickly dwindling and Ahmed isn’t sure what to instruct the passengers and crew.,is the captain of a 50-passenger cruise ship . Four days into trip get caught in a storm and the engine breaks under the pressure . are now stranded at sea . A rescue boat is on way but might not arrive for a week . food supplies are quickly dwindling and isn ’ t sure what to instruct the passengers and crew . : Hope for the best,-3.8601356,20.913208,3.8409731,7.2941227,13.36838,2.0175862,1.1118221,-2.0177872,8.611049,-0.4764393,"[-3.860135555267334, 20.9132080078125, 3.840973138809204, 7.294122695922852, 13.368379592895508, 2.0175862312316895, 1.1118221282958984, -2.017787218093872, 8.611048698425293, -0.47643929719924927]",9.774886,18.223604,1,"[-3.9400773 20.582375   3.681353   7.343179  12.986776   1.7244117
  1.1226583 -2.1522439  8.818167  -0.388404 ]",,I pray for a miracle to happen for all of us on the ship.
568,10708,222,15,Abandon ship,pg,5.0,0.0,Ahmed is the captain of a 50-passenger cruise ship. Four days into their trip they get caught in a storm and the engine breaks under the pressure. They are now stranded at sea. A rescue boat is on its way but might not arrive for a week. Their food supplies are quickly dwindling and Ahmed isn’t sure what to instruct the passengers and crew.,is the captain of a 50-passenger cruise ship . Four days into trip get caught in a storm and the engine breaks under the pressure . are now stranded at sea . A rescue boat is on way but might not arrive for a week . food supplies are quickly dwindling and isn ’ t sure what to instruct the passengers and crew . : Abandon ship,-3.9443164,20.556192,4.097103,7.141031,13.113921,1.8062203,1.0110072,-1.7598546,8.320802,0.36526626,"[-3.9443163871765137, 20.55619239807129, 4.097103118896484, 7.141030788421631, 13.113921165466309, 1.806220293045044, 1.0110071897506714, -1.7598545551300049, 8.320801734924316, 0.36526626348495483]",10.812364,19.376877,1,"[-4.048797  20.437038   4.2164783  7.1701818 13.042211   1.5807805
  0.9519202 -1.7881687  8.2991705  0.8971675]",,I pray for a miracle to happen for all of us on the ship.
569,10709,225,15,let people volunteer to skip meals,pg,5.0,99.3333333333333,Ahmed is the captain of a 50-passenger cruise ship. Four days into their trip they get caught in a storm and the engine breaks under the pressure. They are now stranded at sea. A rescue boat is on its way but might not arrive for a week. Their food supplies are quickly dwindling and Ahmed isn’t sure what to instruct the passengers and crew.,is the captain of a 50-passenger cruise ship . Four days into trip get caught in a storm and the engine breaks under the pressure . are now stranded at sea . A rescue boat is on way but might not arrive for a week . food supplies are quickly dwindling and isn ’ t sure what to instruct the passengers and crew . : let people volunteer to skip meals,-2.727747,21.370092,4.0222716,8.035886,12.81187,0.48315445,1.7531697,-2.9914176,8.384263,4.002869,"[-2.7277469635009766, 21.370092391967773, 4.022271633148193, 8.03588581085205, 12.811869621276855, 0.48315444588661194, 1.7531696557998657, -2.991417646408081, 8.384263038635254, 4.002869129180908]",10.156177,25.164248,0,"[-2.7441764 21.471848   3.8376455  8.027677  12.746755   0.5944112
  1.9096599 -3.0311432  8.425255   3.7557979]",,Do some math and ration food
570,10710,228,15,He should ensure the safety of all the survivors.,pg,5.0,98.0,Ahmed is the captain of a 50-passenger cruise ship. Four days into their trip they get caught in a storm and the engine breaks under the pressure. They are now stranded at sea. A rescue boat is on its way but might not arrive for a week. Their food supplies are quickly dwindling and Ahmed isn’t sure what to instruct the passengers and crew.,is the captain of a 50-passenger cruise ship . Four days into trip get caught in a storm and the engine breaks under the pressure . are now stranded at sea . A rescue boat is on way but might not arrive for a week . food supplies are quickly dwindling and isn ’ t sure what to instruct the passengers and crew . : ensure the safety of all the survivors .,-3.7582817,20.625578,3.798002,7.3449345,13.307339,1.7676195,1.2556386,-2.3406785,8.698954,0.033251833,"[-3.758281707763672, 20.625577926635742, 3.798002004623413, 7.344934463500977, 13.30733871459961, 1.7676194906234741, 1.255638599395752, -2.3406784534454346, 8.698953628540039, 0.03325183317065239]",9.896871,18.710495,1,"[-3.6445827  20.663752    3.607818    7.4420924  12.94147     1.6022452
  1.3908336  -2.3558006   8.766497    0.20558095]",,I pray for a miracle to happen for all of us on the ship.
571,10711,232,15,Kill himself in a cowardly act,pg,5.0,28.0,Ahmed is the captain of a 50-passenger cruise ship. Four days into their trip they get caught in a storm and the engine breaks under the pressure. They are now stranded at sea. A rescue boat is on its way but might not arrive for a week. Their food supplies are quickly dwindling and Ahmed isn’t sure what to instruct the passengers and crew.,is the captain of a 50-passenger cruise ship . Four days into trip get caught in a storm and the engine breaks under the pressure . are now stranded at sea . A rescue boat is on way but might not arrive for a week . food supplies are quickly dwindling and isn ’ t sure what to instruct the passengers and crew . : Kill in a cowardly act,-4.1114106,20.331276,4.335249,7.072599,13.048671,1.4520516,0.8397322,-1.7242601,8.217525,1.4327352,"[-4.111410617828369, 20.331275939941406, 4.335248947143555, 7.072598934173584, 13.048670768737793, 1.4520516395568848, 0.8397322297096252, -1.7242600917816162, 8.217524528503418, 1.4327352046966553]",11.021485,20.648878,1,"[-4.048797  20.437038   4.2164783  7.1701818 13.042211   1.5807805
  0.9519202 -1.7881687  8.2991705  0.8971675]",,I pray for a miracle to happen for all of us on the ship.
572,10712,236,15,Create a plan for the passengers to help,pg,5.0,80.3333333333333,Ahmed is the captain of a 50-passenger cruise ship. Four days into their trip they get caught in a storm and the engine breaks under the pressure. They are now stranded at sea. A rescue boat is on its way but might not arrive for a week. Their food supplies are quickly dwindling and Ahmed isn’t sure what to instruct the passengers and crew.,is the captain of a 50-passenger cruise ship . Four days into trip get caught in a storm and the engine breaks under the pressure . are now stranded at sea . A rescue boat is on way but might not arrive for a week . food supplies are quickly dwindling and isn ’ t sure what to instruct the passengers and crew . : Create a plan for the passengers to help,-3.573365,20.417835,3.673213,7.0153723,13.099747,1.7380278,1.2390742,-2.4551175,8.766104,0.10375184,"[-3.5733649730682373, 20.417835235595703, 3.673213005065918, 7.015372276306152, 13.099746704101562, 1.738027811050415, 1.2390742301940918, -2.4551174640655518, 8.766103744506836, 0.10375183820724487]",10.107351,18.790897,1,"[-3.6445827  20.663752    3.607818    7.4420924  12.94147     1.6022452
  1.3908336  -2.3558006   8.766497    0.20558095]",,I pray for a miracle to happen for all of us on the ship.
573,10713,237,15,abandon ship,pg,5.0,23.0,Ahmed is the captain of a 50-passenger cruise ship. Four days into their trip they get caught in a storm and the engine breaks under the pressure. They are now stranded at sea. A rescue boat is on its way but might not arrive for a week. Their food supplies are quickly dwindling and Ahmed isn’t sure what to instruct the passengers and crew.,is the captain of a 50-passenger cruise ship . Four days into trip get caught in a storm and the engine breaks under the pressure . are now stranded at sea . A rescue boat is on way but might not arrive for a week . food supplies are quickly dwindling and isn ’ t sure what to instruct the passengers and crew . : abandon ship,-3.940404,20.568634,4.086941,7.142951,13.112697,1.818145,1.018238,-1.7547104,8.318246,0.34901273,"[-3.940403938293457, 20.568634033203125, 4.086940765380859, 7.142951011657715, 13.112696647644043, 1.8181450366973877, 1.0182379484176636, -1.7547104358673096, 8.318245887756348, 0.34901273250579834]",10.808761,19.32757,1,"[-4.048797  20.437038   4.2164783  7.1701818 13.042211   1.5807805
  0.9519202 -1.7881687  8.2991705  0.8971675]",,I pray for a miracle to happen for all of us on the ship.
574,10714,239,15,Don't panic ,pg,5.0,88.3333333333333,Ahmed is the captain of a 50-passenger cruise ship. Four days into their trip they get caught in a storm and the engine breaks under the pressure. They are now stranded at sea. A rescue boat is on its way but might not arrive for a week. Their food supplies are quickly dwindling and Ahmed isn’t sure what to instruct the passengers and crew.,is the captain of a 50-passenger cruise ship . Four days into trip get caught in a storm and the engine breaks under the pressure . are now stranded at sea . A rescue boat is on way but might not arrive for a week . food supplies are quickly dwindling and isn ’ t sure what to instruct the passengers and crew . : Do n't panic,-3.3088627,20.99766,3.7473233,7.581416,13.883421,2.2406259,1.5424742,-2.7417846,8.806612,-0.6334822,"[-3.3088626861572266, 20.99765968322754, 3.7473232746124268, 7.581416130065918, 13.883420944213867, 2.2406258583068848, 1.5424741506576538, -2.7417845726013184, 8.806612014770508, -0.6334822177886963]",8.901408,17.61888,1,"[-3.2833366  20.987505    3.8097646   7.5450077  13.942098    2.1630592
  1.5749658  -2.8369474   8.920529   -0.47967017]",,I pray for a miracle to happen for all of us on the ship.
575,10715,243,15,Tell everyone they must do as instructed.,pg,5.0,98.3333333333333,Ahmed is the captain of a 50-passenger cruise ship. Four days into their trip they get caught in a storm and the engine breaks under the pressure. They are now stranded at sea. A rescue boat is on its way but might not arrive for a week. Their food supplies are quickly dwindling and Ahmed isn’t sure what to instruct the passengers and crew.,is the captain of a 50-passenger cruise ship . Four days into trip get caught in a storm and the engine breaks under the pressure . are now stranded at sea . A rescue boat is on way but might not arrive for a week . food supplies are quickly dwindling and isn ’ t sure what to instruct the passengers and crew . : Tell everyone must do as instructed .,-3.27368,20.687925,3.9658985,7.3624916,13.323434,2.0466585,1.524702,-2.3612938,8.421626,0.15490362,"[-3.2736799716949463, 20.687925338745117, 3.9658985137939453, 7.362491607666016, 13.323433876037598, 2.046658515930176, 1.5247019529342651, -2.3612937927246094, 8.421626091003418, 0.1549036204814911]",9.308538,19.041683,1,"[-3.4471822  20.666515    3.9385123   7.3813643  13.241526    2.029008
  1.4364113  -2.2672248   8.528932   -0.19538808]",,I pray for a miracle to happen for all of us on the ship.
576,10716,245,15,make sure everyone is safe for a week.,pg,5.0,77.3333333333333,Ahmed is the captain of a 50-passenger cruise ship. Four days into their trip they get caught in a storm and the engine breaks under the pressure. They are now stranded at sea. A rescue boat is on its way but might not arrive for a week. Their food supplies are quickly dwindling and Ahmed isn’t sure what to instruct the passengers and crew.,is the captain of a 50-passenger cruise ship . Four days into trip get caught in a storm and the engine breaks under the pressure . are now stranded at sea . A rescue boat is on way but might not arrive for a week . food supplies are quickly dwindling and isn ’ t sure what to instruct the passengers and crew . : make sure everyone is safe for a week .,-3.6756113,20.647125,3.7540834,7.262752,13.390844,1.800391,1.2432119,-2.385447,8.635301,-0.047133397,"[-3.6756112575531006, 20.647125244140625, 3.7540833950042725, 7.262752056121826, 13.390844345092773, 1.8003909587860107, 1.2432118654251099, -2.3854470252990723, 8.635300636291504, -0.047133397310972214]",9.638838,18.39474,1,"[-3.4471822  20.666515    3.9385123   7.3813643  13.241526    2.029008
  1.4364113  -2.2672248   8.528932   -0.19538808]",,I pray for a miracle to happen for all of us on the ship.
577,10717,249,15,He can pray and hope for miracle.,pg,5.0,67.0,Ahmed is the captain of a 50-passenger cruise ship. Four days into their trip they get caught in a storm and the engine breaks under the pressure. They are now stranded at sea. A rescue boat is on its way but might not arrive for a week. Their food supplies are quickly dwindling and Ahmed isn’t sure what to instruct the passengers and crew.,is the captain of a 50-passenger cruise ship . Four days into trip get caught in a storm and the engine breaks under the pressure . are now stranded at sea . A rescue boat is on way but might not arrive for a week . food supplies are quickly dwindling and isn ’ t sure what to instruct the passengers and crew . : can pray and hope for miracle .,-3.9868877,20.86508,3.7596245,7.317424,13.047777,1.8474468,1.051352,-1.9923682,8.546569,-0.43345624,"[-3.9868876934051514, 20.865079879760742, 3.759624481201172, 7.3174238204956055, 13.04777717590332, 1.8474467992782593, 1.0513520240783691, -1.992368221282959, 8.546568870544434, -0.4334562420845032]",10.3440695,18.17416,1,"[-3.9400773 20.582375   3.681353   7.343179  12.986776   1.7244117
  1.1226583 -2.1522439  8.818167  -0.388404 ]",,I pray for a miracle to happen for all of us on the ship.
578,10718,251,15,check water,pg,5.0,78.6666666666667,Ahmed is the captain of a 50-passenger cruise ship. Four days into their trip they get caught in a storm and the engine breaks under the pressure. They are now stranded at sea. A rescue boat is on its way but might not arrive for a week. Their food supplies are quickly dwindling and Ahmed isn’t sure what to instruct the passengers and crew.,is the captain of a 50-passenger cruise ship . Four days into trip get caught in a storm and the engine breaks under the pressure . are now stranded at sea . A rescue boat is on way but might not arrive for a week . food supplies are quickly dwindling and isn ’ t sure what to instruct the passengers and crew . : check water,-3.898245,20.649103,3.4403532,7.4828606,12.81514,1.5433754,1.3876723,-2.3041558,8.89667,0.18747407,"[-3.898245096206665, 20.64910316467285, 3.4403531551361084, 7.482860565185547, 12.815139770507812, 1.5433753728866577, 1.3876723051071167, -2.3041558265686035, 8.8966703414917, 0.1874740719795227]",10.639322,18.661848,1,"[-3.6445827  20.663752    3.607818    7.4420924  12.94147     1.6022452
  1.3908336  -2.3558006   8.766497    0.20558095]",,I pray for a miracle to happen for all of us on the ship.
579,10719,256,15,Tell the crew to do what they can to help,pg,5.0,100.0,Ahmed is the captain of a 50-passenger cruise ship. Four days into their trip they get caught in a storm and the engine breaks under the pressure. They are now stranded at sea. A rescue boat is on its way but might not arrive for a week. Their food supplies are quickly dwindling and Ahmed isn’t sure what to instruct the passengers and crew.,is the captain of a 50-passenger cruise ship . Four days into trip get caught in a storm and the engine breaks under the pressure . are now stranded at sea . A rescue boat is on way but might not arrive for a week . food supplies are quickly dwindling and isn ’ t sure what to instruct the passengers and crew . : Tell the crew to do what can to help,-3.3414288,20.43366,3.8669178,7.3962016,13.175362,1.9857247,1.6104866,-2.4134033,8.725555,-0.10527625,"[-3.341428756713867, 20.43366050720215, 3.866917848587036, 7.3962016105651855, 13.175361633300781, 1.985724687576294, 1.610486626625061, -2.413403272628784, 8.725555419921875, -0.10527624934911728]",9.529519,18.587149,1,"[-3.4471822  20.666515    3.9385123   7.3813643  13.241526    2.029008
  1.4364113  -2.2672248   8.528932   -0.19538808]",,I pray for a miracle to happen for all of us on the ship.
580,10720,257,15,"If they have a life boat of their own, have people disembark and head towards the rescue boat",pg,5.0,52.6666666666667,Ahmed is the captain of a 50-passenger cruise ship. Four days into their trip they get caught in a storm and the engine breaks under the pressure. They are now stranded at sea. A rescue boat is on its way but might not arrive for a week. Their food supplies are quickly dwindling and Ahmed isn’t sure what to instruct the passengers and crew.,"is the captain of a 50-passenger cruise ship . Four days into trip get caught in a storm and the engine breaks under the pressure . are now stranded at sea . A rescue boat is on way but might not arrive for a week . food supplies are quickly dwindling and isn ’ t sure what to instruct the passengers and crew . : If have a life boat of own , have people disembark and head towards the rescue boat",-3.9404397,20.324917,3.8970006,7.191088,13.147406,1.7576225,1.1403017,-2.0357428,8.802081,0.006575904,"[-3.9404397010803223, 20.32491683959961, 3.897000551223755, 7.1910881996154785, 13.147405624389648, 1.757622480392456, 1.1403017044067383, -2.03574275970459, 8.802081108093262, 0.006575903855264187]",10.70173,18.762579,1,"[-3.9400773 20.582375   3.681353   7.343179  12.986776   1.7244117
  1.1226583 -2.1522439  8.818167  -0.388404 ]",,I pray for a miracle to happen for all of us on the ship.
581,10721,268,15,Find what other foods are available that passengers might have in rooms.,pg,5.0,96.6666666666667,Ahmed is the captain of a 50-passenger cruise ship. Four days into their trip they get caught in a storm and the engine breaks under the pressure. They are now stranded at sea. A rescue boat is on its way but might not arrive for a week. Their food supplies are quickly dwindling and Ahmed isn’t sure what to instruct the passengers and crew.,is the captain of a 50-passenger cruise ship . Four days into trip get caught in a storm and the engine breaks under the pressure . are now stranded at sea . A rescue boat is on way but might not arrive for a week . food supplies are quickly dwindling and isn ’ t sure what to instruct the passengers and crew . : Find what other foods are available that passengers might have in rooms .,-2.6121378,21.595335,3.8158028,7.8788633,12.978093,0.60768855,2.001153,-3.0920715,8.61233,3.3080285,"[-2.612137794494629, 21.595335006713867, 3.815802812576294, 7.878863334655762, 12.978093147277832, 0.6076885461807251, 2.001152992248535, -3.092071533203125, 8.612330436706543, 3.30802845954895]",9.461224,24.471869,0,"[-2.7724068 21.371      3.7459974  7.9590554 12.884674   0.7567073
  2.0065956 -2.9518974  8.444245   3.1534615]",,Do some math and ration food
582,10722,271,15,Relinquish his role as captain,pg,5.0,39.0,Ahmed is the captain of a 50-passenger cruise ship. Four days into their trip they get caught in a storm and the engine breaks under the pressure. They are now stranded at sea. A rescue boat is on its way but might not arrive for a week. Their food supplies are quickly dwindling and Ahmed isn’t sure what to instruct the passengers and crew.,is the captain of a 50-passenger cruise ship . Four days into trip get caught in a storm and the engine breaks under the pressure . are now stranded at sea . A rescue boat is on way but might not arrive for a week . food supplies are quickly dwindling and isn ’ t sure what to instruct the passengers and crew . : Relinquish role as captain,-3.7541988,20.54158,4.084664,7.1759233,13.120447,1.8766551,1.1281683,-1.936289,8.31869,0.30021507,"[-3.7541987895965576, 20.541580200195312, 4.0846638679504395, 7.1759233474731445, 13.120447158813477, 1.876655101776123, 1.1281683444976807, -1.9362889528274536, 8.318690299987793, 0.30021506547927856]",10.419264,19.299088,1,"[-4.048797  20.437038   4.2164783  7.1701818 13.042211   1.5807805
  0.9519202 -1.7881687  8.2991705  0.8971675]",,I pray for a miracle to happen for all of us on the ship.
583,10723,274,15,create plan for evacuation,pg,5.0,97.3333333333333,Ahmed is the captain of a 50-passenger cruise ship. Four days into their trip they get caught in a storm and the engine breaks under the pressure. They are now stranded at sea. A rescue boat is on its way but might not arrive for a week. Their food supplies are quickly dwindling and Ahmed isn’t sure what to instruct the passengers and crew.,is the captain of a 50-passenger cruise ship . Four days into trip get caught in a storm and the engine breaks under the pressure . are now stranded at sea . A rescue boat is on way but might not arrive for a week . food supplies are quickly dwindling and isn ’ t sure what to instruct the passengers and crew . : create plan for evacuation,-3.635268,20.373928,3.7267506,7.015536,13.162383,1.6746352,1.2020023,-2.46183,8.75875,0.1686019,"[-3.635267972946167, 20.37392807006836, 3.726750612258911, 7.015535831451416, 13.162383079528809, 1.6746351718902588, 1.2020022869110107, -2.461829900741577, 8.758749961853027, 0.1686019003391266]",10.042877,18.815136,1,"[-3.6445827  20.663752    3.607818    7.4420924  12.94147     1.6022452
  1.3908336  -2.3558006   8.766497    0.20558095]",,I pray for a miracle to happen for all of us on the ship.
584,10724,275,15,put someone else in charge,pg,5.0,14.0,Ahmed is the captain of a 50-passenger cruise ship. Four days into their trip they get caught in a storm and the engine breaks under the pressure. They are now stranded at sea. A rescue boat is on its way but might not arrive for a week. Their food supplies are quickly dwindling and Ahmed isn’t sure what to instruct the passengers and crew.,is the captain of a 50-passenger cruise ship . Four days into trip get caught in a storm and the engine breaks under the pressure . are now stranded at sea . A rescue boat is on way but might not arrive for a week . food supplies are quickly dwindling and isn ’ t sure what to instruct the passengers and crew . : put someone else in charge,-3.309062,20.729147,3.8559334,7.2995,13.038881,1.9644209,1.3799301,-2.3830752,8.265746,0.21909481,"[-3.3090620040893555, 20.72914695739746, 3.855933427810669, 7.299499988555908, 13.038881301879883, 1.9644209146499634, 1.3799301385879517, -2.38307523727417, 8.265746116638184, 0.21909481287002563]",9.463467,19.076468,1,"[-3.4471822  20.666515    3.9385123   7.3813643  13.241526    2.029008
  1.4364113  -2.2672248   8.528932   -0.19538808]",,I pray for a miracle to happen for all of us on the ship.
585,10725,281,15,Lock himself in a room and hide from the passengers. ,pg,5.0,0.0,Ahmed is the captain of a 50-passenger cruise ship. Four days into their trip they get caught in a storm and the engine breaks under the pressure. They are now stranded at sea. A rescue boat is on its way but might not arrive for a week. Their food supplies are quickly dwindling and Ahmed isn’t sure what to instruct the passengers and crew.,is the captain of a 50-passenger cruise ship . Four days into trip get caught in a storm and the engine breaks under the pressure . are now stranded at sea . A rescue boat is on way but might not arrive for a week . food supplies are quickly dwindling and isn ’ t sure what to instruct the passengers and crew . : Lock in a room and hide from the passengers .,-3.6198342,20.623478,4.202715,7.335187,13.206836,1.9300402,1.2118179,-2.0255735,8.351419,-0.014363509,"[-3.6198341846466064, 20.623477935791016, 4.202714920043945, 7.335186958312988, 13.206835746765137, 1.9300402402877808, 1.2118178606033325, -2.025573492050171, 8.351419448852539, -0.01436350867152214]",9.815892,19.010696,1,"[-3.4471822  20.666515    3.9385123   7.3813643  13.241526    2.029008
  1.4364113  -2.2672248   8.528932   -0.19538808]",,I pray for a miracle to happen for all of us on the ship.
586,10726,286,15,Don't do much so you don't get hungry.,pg,5.0,93.3333333333333,Ahmed is the captain of a 50-passenger cruise ship. Four days into their trip they get caught in a storm and the engine breaks under the pressure. They are now stranded at sea. A rescue boat is on its way but might not arrive for a week. Their food supplies are quickly dwindling and Ahmed isn’t sure what to instruct the passengers and crew.,is the captain of a 50-passenger cruise ship . Four days into trip get caught in a storm and the engine breaks under the pressure . are now stranded at sea . A rescue boat is on way but might not arrive for a week . food supplies are quickly dwindling and isn ’ t sure what to instruct the passengers and crew . : Do n't do much so do n't get hungry .,-2.5768242,21.420877,4.061686,8.109157,12.85635,0.51449066,1.8370743,-2.6930766,8.209892,3.8614342,"[-2.576824188232422, 21.42087745666504, 4.061686038970947, 8.109156608581543, 12.85634994506836, 0.5144906640052795, 1.8370742797851562, -2.6930766105651855, 8.209892272949219, 3.8614342212677]",10.160317,24.88219,0,"[-2.7441764 21.471848   3.8376455  8.027677  12.746755   0.5944112
  1.9096599 -3.0311432  8.425255   3.7557979]",,Do some math and ration food
587,10727,289,15,Jump into the ocean and drown himself due to his despair at the situation.,pg,5.0,16.6666666666667,Ahmed is the captain of a 50-passenger cruise ship. Four days into their trip they get caught in a storm and the engine breaks under the pressure. They are now stranded at sea. A rescue boat is on its way but might not arrive for a week. Their food supplies are quickly dwindling and Ahmed isn’t sure what to instruct the passengers and crew.,is the captain of a 50-passenger cruise ship . Four days into trip get caught in a storm and the engine breaks under the pressure . are now stranded at sea . A rescue boat is on way but might not arrive for a week . food supplies are quickly dwindling and isn ’ t sure what to instruct the passengers and crew . : Jump into the ocean and drown due to despair at the situation .,-4.20771,20.407606,4.16902,7.1264787,13.00933,1.6156741,0.83382773,-1.7296215,8.3629675,0.5520111,"[-4.207709789276123, 20.40760612487793, 4.169020175933838, 7.126478672027588, 13.009329795837402, 1.6156741380691528, 0.8338277339935303, -1.7296215295791626, 8.362967491149902, 0.5520110726356506]",11.153758,19.414188,1,"[-4.048797  20.437038   4.2164783  7.1701818 13.042211   1.5807805
  0.9519202 -1.7881687  8.2991705  0.8971675]",,I pray for a miracle to happen for all of us on the ship.
588,10728,290,15,conserve energy,pg,5.0,100.0,Ahmed is the captain of a 50-passenger cruise ship. Four days into their trip they get caught in a storm and the engine breaks under the pressure. They are now stranded at sea. A rescue boat is on its way but might not arrive for a week. Their food supplies are quickly dwindling and Ahmed isn’t sure what to instruct the passengers and crew.,is the captain of a 50-passenger cruise ship . Four days into trip get caught in a storm and the engine breaks under the pressure . are now stranded at sea . A rescue boat is on way but might not arrive for a week . food supplies are quickly dwindling and isn ’ t sure what to instruct the passengers and crew . : conserve energy,-2.749309,21.125582,3.5953753,7.938992,13.161564,1.2118387,1.9904666,-3.2145424,8.313678,2.4213424,"[-2.7493090629577637, 21.125581741333008, 3.5953752994537354, 7.938992023468018, 13.161563873291016, 1.211838722229004, 1.990466594696045, -3.2145423889160156, 8.313677787780762, 2.421342372894287]",8.96706,23.197893,0,"[-2.7720344 21.198093   3.524655   8.050342  12.951804   1.1348985
  2.1959908 -2.8224287  8.259791   2.3755927]",,Do some math and ration food
589,10729,292,15,Throw all the food overboard.,pg,5.0,0.0,Ahmed is the captain of a 50-passenger cruise ship. Four days into their trip they get caught in a storm and the engine breaks under the pressure. They are now stranded at sea. A rescue boat is on its way but might not arrive for a week. Their food supplies are quickly dwindling and Ahmed isn’t sure what to instruct the passengers and crew.,is the captain of a 50-passenger cruise ship . Four days into trip get caught in a storm and the engine breaks under the pressure . are now stranded at sea . A rescue boat is on way but might not arrive for a week . food supplies are quickly dwindling and isn ’ t sure what to instruct the passengers and crew . : Throw all the food overboard .,-3.096344,21.08249,3.9588926,7.896904,12.895429,0.8901234,1.6920702,-3.0247982,8.336285,3.319614,"[-3.096343994140625, 21.082490921020508, 3.958892583847046, 7.896903991699219, 12.895428657531738, 0.8901234269142151, 1.6920702457427979, -3.0247981548309326, 8.336284637451172, 3.3196139335632324]",9.779144,23.955408,0,"[-3.1458452  21.047504    3.9430132   7.7608495  12.853509    0.69244516
  1.6887629  -2.9216924   8.4453125   3.4295208 ]",,Do some math and ration food
590,10730,293,15,Swim to shore,pg,5.0,30.0,Ahmed is the captain of a 50-passenger cruise ship. Four days into their trip they get caught in a storm and the engine breaks under the pressure. They are now stranded at sea. A rescue boat is on its way but might not arrive for a week. Their food supplies are quickly dwindling and Ahmed isn’t sure what to instruct the passengers and crew.,is the captain of a 50-passenger cruise ship . Four days into trip get caught in a storm and the engine breaks under the pressure . are now stranded at sea . A rescue boat is on way but might not arrive for a week . food supplies are quickly dwindling and isn ’ t sure what to instruct the passengers and crew . : Swim to shore,-4.1920815,20.440374,4.003352,7.100105,13.007874,1.7032632,0.8304226,-1.8492658,8.50723,0.029285887,"[-4.192081451416016, 20.44037437438965, 4.003352165222168, 7.100104808807373, 13.00787353515625, 1.7032631635665894, 0.830422580242157, -1.8492658138275146, 8.507229804992676, 0.029285887256264687]",10.865014,18.872063,1,"[-3.9400773 20.582375   3.681353   7.343179  12.986776   1.7244117
  1.1226583 -2.1522439  8.818167  -0.388404 ]",,I pray for a miracle to happen for all of us on the ship.
591,10731,295,15,Panic,pg,5.0,51.0,Ahmed is the captain of a 50-passenger cruise ship. Four days into their trip they get caught in a storm and the engine breaks under the pressure. They are now stranded at sea. A rescue boat is on its way but might not arrive for a week. Their food supplies are quickly dwindling and Ahmed isn’t sure what to instruct the passengers and crew.,is the captain of a 50-passenger cruise ship . Four days into trip get caught in a storm and the engine breaks under the pressure . are now stranded at sea . A rescue boat is on way but might not arrive for a week . food supplies are quickly dwindling and isn ’ t sure what to instruct the passengers and crew . : Panic,-3.8055525,20.908401,3.601921,7.5226045,13.036534,1.8402545,1.2098839,-2.3582416,8.753947,-0.6922523,"[-3.8055524826049805, 20.908401489257812, 3.6019210815429688, 7.522604465484619, 13.036534309387207, 1.840254545211792, 1.2098839282989502, -2.358241558074951, 8.753947257995605, -0.6922522783279419]",9.817938,17.551525,1,"[-3.9400773 20.582375   3.681353   7.343179  12.986776   1.7244117
  1.1226583 -2.1522439  8.818167  -0.388404 ]",,I pray for a miracle to happen for all of us on the ship.
592,10732,298,15,"As captain, leave the boat",pg,5.0,10.0,Ahmed is the captain of a 50-passenger cruise ship. Four days into their trip they get caught in a storm and the engine breaks under the pressure. They are now stranded at sea. A rescue boat is on its way but might not arrive for a week. Their food supplies are quickly dwindling and Ahmed isn’t sure what to instruct the passengers and crew.,"is the captain of a 50-passenger cruise ship . Four days into trip get caught in a storm and the engine breaks under the pressure . are now stranded at sea . A rescue boat is on way but might not arrive for a week . food supplies are quickly dwindling and isn ’ t sure what to instruct the passengers and crew . : As captain , leave the boat",-3.7114344,20.553246,4.071239,7.18798,13.142819,1.9091829,1.1698112,-1.9612025,8.328157,0.2901218,"[-3.7114343643188477, 20.553245544433594, 4.071238994598389, 7.1879801750183105, 13.14281940460205, 1.9091829061508179, 1.1698112487792969, -1.9612025022506714, 8.328157424926758, 0.29012179374694824]",10.410674,19.353748,1,"[-3.4471822  20.666515    3.9385123   7.3813643  13.241526    2.029008
  1.4364113  -2.2672248   8.528932   -0.19538808]",,I pray for a miracle to happen for all of us on the ship.
593,10733,302,15,Jump in the ocean,pg,5.0,0.0,Ahmed is the captain of a 50-passenger cruise ship. Four days into their trip they get caught in a storm and the engine breaks under the pressure. They are now stranded at sea. A rescue boat is on its way but might not arrive for a week. Their food supplies are quickly dwindling and Ahmed isn’t sure what to instruct the passengers and crew.,is the captain of a 50-passenger cruise ship . Four days into trip get caught in a storm and the engine breaks under the pressure . are now stranded at sea . A rescue boat is on way but might not arrive for a week . food supplies are quickly dwindling and isn ’ t sure what to instruct the passengers and crew . : Jump in the ocean,-4.276353,20.406235,4.0618196,7.149936,12.968987,1.6090324,0.8100949,-1.7940115,8.4903965,0.20798935,"[-4.276352882385254, 20.406234741210938, 4.061819553375244, 7.149936199188232, 12.968987464904785, 1.609032392501831, 0.8100948929786682, -1.7940114736557007, 8.490396499633789, 0.20798934996128082]",11.09365,19.046648,1,"[-4.048797  20.437038   4.2164783  7.1701818 13.042211   1.5807805
  0.9519202 -1.7881687  8.2991705  0.8971675]",,I pray for a miracle to happen for all of us on the ship.
594,10734,307,15,Swim out to sea to meet the boat,pg,5.0,50.0,Ahmed is the captain of a 50-passenger cruise ship. Four days into their trip they get caught in a storm and the engine breaks under the pressure. They are now stranded at sea. A rescue boat is on its way but might not arrive for a week. Their food supplies are quickly dwindling and Ahmed isn’t sure what to instruct the passengers and crew.,is the captain of a 50-passenger cruise ship . Four days into trip get caught in a storm and the engine breaks under the pressure . are now stranded at sea . A rescue boat is on way but might not arrive for a week . food supplies are quickly dwindling and isn ’ t sure what to instruct the passengers and crew . : Swim out to sea to meet the boat,-4.171918,20.402845,4.0073476,7.090763,13.027743,1.7277668,0.85242295,-1.8424783,8.547879,-0.013920833,"[-4.171917915344238, 20.40284538269043, 4.007347583770752, 7.090763092041016, 13.027743339538574, 1.727766752243042, 0.8524229526519775, -1.8424782752990723, 8.547879219055176, -0.013920833356678486]",10.909545,18.795671,1,"[-3.9400773 20.582375   3.681353   7.343179  12.986776   1.7244117
  1.1226583 -2.1522439  8.818167  -0.388404 ]",,I pray for a miracle to happen for all of us on the ship.
