,index,id,context,response_original,source,answer,value,scenario_text,merged_text,umap_dim_0,umap_dim_1,umap_dim_2,umap_dim_3,umap_dim_4,umap_dim_5,umap_dim_6,umap_dim_7,umap_dim_8,umap_dim_9,umap_embedding_list,umap_dim2_0,umap_dim2_1,cluster,centroid,distance_from_centroid,cluster_name
0,600,1,7,"Say ""sorry Ted""",decision,,,Darya is on her way to a concert with her friends. As they approach the entrance her friend Ted realizes he forgot his ticket at his house. The concert is about to start and Ted would likely miss most of the concert if he returned to his house for his ticket.,is on way to a concert with friends . As approach the entrance friend Ted realizes forgot ticket at house . The concert is about to start and Ted likely miss most of the concert if returned to house for ticket . : Say `` sorry Ted '',6.3961267,1.783164,11.044986,5.265053,6.276448,3.2603552,8.040723,2.181812,4.920144,3.351052,"[6.396126747131348, 1.7831640243530273, 11.0449857711792, 5.265052795410156, 6.276447772979736, 3.260355234146118, 8.040722846984863, 2.181812047958374, 4.920144081115723, 3.3510520458221436]",4.0953336,2.0580575,3,"[ 6.4198093  1.9720458 10.862053   5.365867   6.5569224  3.5447173
  8.288348   2.4836838  4.577658   3.5889297]",0.7521437401434812,Let him go get it and I stay there
1,601,2,7,I would sell my ticket so my friend wouldn't have to miss out on the concert alone.,decision,,,Darya is on her way to a concert with her friends. As they approach the entrance her friend Ted realizes he forgot his ticket at his house. The concert is about to start and Ted would likely miss most of the concert if he returned to his house for his ticket.,is on way to a concert with friends . As approach the entrance friend Ted realizes forgot ticket at house . The concert is about to start and Ted likely miss most of the concert if returned to house for ticket . : sell ticket so friend n't have to miss out on the concert alone .,4.9409513,0.9048567,9.148064,2.6426387,6.6860228,5.4147496,8.004087,2.6127877,4.835925,2.1602511,"[4.940951347351074, 0.9048566818237305, 9.148063659667969, 2.642638683319092, 6.686022758483887, 5.414749622344971, 8.004087448120117, 2.6127877235412598, 4.835925102233887, 2.1602511405944824]",-0.07372303,5.8673377,5,"[4.901328   0.96364546 9.2391     2.67012    6.738846   5.2806845
 8.035381   2.6144583  4.893009   2.0630207 ]",0.2202889747670064,See if there were any tickets available and buy him one but have him reimburse me
2,602,3,7,Give Ted my ticket ,decision,,,Darya is on her way to a concert with her friends. As they approach the entrance her friend Ted realizes he forgot his ticket at his house. The concert is about to start and Ted would likely miss most of the concert if he returned to his house for his ticket.,is on way to a concert with friends . As approach the entrance friend Ted realizes forgot ticket at house . The concert is about to start and Ted likely miss most of the concert if returned to house for ticket . : Give Ted ticket,6.2354894,0.8089648,10.533992,2.7610161,6.4742,3.973715,7.6387625,1.6769452,4.4967337,2.2050061,"[6.235489368438721, 0.8089647889137268, 10.533991813659668, 2.7610161304473877, 6.4741997718811035, 3.97371506690979, 7.638762474060059, 1.6769452095031738, 4.496733665466309, 2.2050061225891113]",-0.45535386,3.4017725,8,"[ 6.206129   0.8477411 10.542283   2.8365161  6.434092   3.902594
  7.6392226  1.7240117  4.5328426  2.3152208]",0.17455100548442276,She could give Ted her ticket instead.
3,603,4,7,try to sneak in,decision,,,Darya is on her way to a concert with her friends. As they approach the entrance her friend Ted realizes he forgot his ticket at his house. The concert is about to start and Ted would likely miss most of the concert if he returned to his house for his ticket.,is on way to a concert with friends . As approach the entrance friend Ted realizes forgot ticket at house . The concert is about to start and Ted likely miss most of the concert if returned to house for ticket . : try to sneak in,6.765682,2.861358,9.371842,6.9411297,4.1627913,4.4604278,6.85298,6.97508,7.5906773,3.5854096,"[6.765682220458984, 2.8613579273223877, 9.371842384338379, 6.941129684448242, 4.1627912521362305, 4.460427761077881, 6.852980136871338, 6.9750800132751465, 7.590677261352539, 3.585409641265869]",3.2077804,-4.0005264,2,"[6.8363514 2.8741455 9.481334  6.758397  4.156641  4.434169  6.7097034
 6.9165583 7.639739  3.608533 ]",0.2795698703850074,Sneak inside without the ticket.
4,604,5,7,Hangout somewhere else with Ted.,decision,,,Darya is on her way to a concert with her friends. As they approach the entrance her friend Ted realizes he forgot his ticket at his house. The concert is about to start and Ted would likely miss most of the concert if he returned to his house for his ticket.,is on way to a concert with friends . As approach the entrance friend Ted realizes forgot ticket at house . The concert is about to start and Ted likely miss most of the concert if returned to house for ticket . : Hangout somewhere else with Ted .,6.4845653,2.0245445,10.712042,5.136948,6.1879034,3.517676,8.075215,2.5412617,4.5304947,3.7782545,"[6.484565258026123, 2.0245444774627686, 10.712041854858398, 5.136948108673096, 6.18790340423584, 3.5176761150360107, 8.075215339660645, 2.541261672973633, 4.530494689941406, 3.778254508972168]",3.5084503,3.0234597,3,"[ 6.4198093  1.9720458 10.862053   5.365867   6.5569224  3.5447173
  8.288348   2.4836838  4.577658   3.5889297]",0.5527857399106191,Let him go get it and I stay there
5,605,6,7,I would ask if there were any more tickets available.,decision,,,Darya is on her way to a concert with her friends. As they approach the entrance her friend Ted realizes he forgot his ticket at his house. The concert is about to start and Ted would likely miss most of the concert if he returned to his house for his ticket.,is on way to a concert with friends . As approach the entrance friend Ted realizes forgot ticket at house . The concert is about to start and Ted likely miss most of the concert if returned to house for ticket . : ask if there were any more tickets available .,5.4202013,1.3128085,9.672166,3.7315078,6.641341,4.9486537,8.157503,2.6465042,4.7279763,2.6935098,"[5.420201301574707, 1.3128085136413574, 9.672165870666504, 3.7315077781677246, 6.641341209411621, 4.948653697967529, 8.157503128051758, 2.6465041637420654, 4.727976322174072, 2.693509817123413]",1.5738641,4.9436154,0,"[5.3655806 1.2702221 9.198152  3.5741282 6.570315  5.561966  8.121828
 2.7489474 4.534417  2.9537492]",0.86741487532536,Look for anyone selling tickets
6,606,7,7,Look for people selling tickets outside the concert or try to find one online.,decision,,,Darya is on her way to a concert with her friends. As they approach the entrance her friend Ted realizes he forgot his ticket at his house. The concert is about to start and Ted would likely miss most of the concert if he returned to his house for his ticket.,is on way to a concert with friends . As approach the entrance friend Ted realizes forgot ticket at house . The concert is about to start and Ted likely miss most of the concert if returned to house for ticket . : Look for people selling tickets outside the concert or try to find one online .,5.5652046,1.1968645,9.0317745,3.6728055,6.4559474,5.8240786,8.075151,2.6766088,4.2619762,3.3834918,"[5.565204620361328, 1.1968644857406616, 9.031774520874023, 3.6728055477142334, 6.455947399139404, 5.824078559875488, 8.075151443481445, 2.6766088008880615, 4.26197624206543, 3.3834917545318604]",2.0044935,6.193426,0,"[5.3655806 1.2702221 9.198152  3.5741282 6.570315  5.561966  8.121828
 2.7489474 4.534417  2.9537492]",0.6563131209350229,Look for anyone selling tickets
7,607,8,7,tell ted to run,decision,,,Darya is on her way to a concert with her friends. As they approach the entrance her friend Ted realizes he forgot his ticket at his house. The concert is about to start and Ted would likely miss most of the concert if he returned to his house for his ticket.,is on way to a concert with friends . As approach the entrance friend Ted realizes forgot ticket at house . The concert is about to start and Ted likely miss most of the concert if returned to house for ticket . : tell ted to run,6.3509235,1.9476769,10.836401,5.119975,6.3116493,3.2095346,8.324411,2.5418468,4.444116,3.756316,"[6.350923538208008, 1.9476768970489502, 10.836400985717773, 5.1199750900268555, 6.311649322509766, 3.2095346450805664, 8.324411392211914, 2.541846752166748, 4.444116115570068, 3.7563159465789795]",3.8166761,2.7393541,3,"[ 6.4198093  1.9720458 10.862053   5.365867   6.5569224  3.5447173
  8.288348   2.4836838  4.577658   3.5889297]",0.538053408763187,Let him go get it and I stay there
8,608,9,7,Offer to loan money to Ted to buy another ticket and then ask why he doesn't have a ticket on his cell phone in 2021. Seriously.,decision,,,Darya is on her way to a concert with her friends. As they approach the entrance her friend Ted realizes he forgot his ticket at his house. The concert is about to start and Ted would likely miss most of the concert if he returned to his house for his ticket.,is on way to a concert with friends . As approach the entrance friend Ted realizes forgot ticket at house . The concert is about to start and Ted likely miss most of the concert if returned to house for ticket . : Offer to loan money to Ted to buy another ticket and then ask why does n't have a ticket on cell phone in 2021 . Seriously .,5.7892184,1.0137671,10.132339,3.1256554,6.421572,4.2793894,7.851675,2.1733387,4.681985,2.564341,"[5.789218425750732, 1.013767123222351, 10.132338523864746, 3.12565541267395, 6.421572208404541, 4.279389381408691, 7.851675033569336, 2.1733386516571045, 4.681984901428223, 2.5643410682678223]",0.5697566,4.029857,4,"[ 5.6905556  1.0821797 10.038611   3.213778   6.430102   4.3516946
  7.912626   2.3025432  4.7172823  2.5783617]",0.2410748499008734,TELL HIM TO BUY ANOTHER TICKET
9,609,10,7,I would likely go with him home and miss the concert. Then have him pay for the next one we go to.,decision,,,Darya is on her way to a concert with her friends. As they approach the entrance her friend Ted realizes he forgot his ticket at his house. The concert is about to start and Ted would likely miss most of the concert if he returned to his house for his ticket.,is on way to a concert with friends . As approach the entrance friend Ted realizes forgot ticket at house . The concert is about to start and Ted likely miss most of the concert if returned to house for ticket . : likely go with home and miss the concert . Then have pay for the next one go to .,6.07827,1.5778599,10.923069,4.786591,5.971086,2.265999,8.443983,2.8972807,4.6622233,4.1553974,"[6.078269958496094, 1.577859878540039, 10.92306900024414, 4.786591053009033, 5.971086025238037, 2.2659990787506104, 8.44398307800293, 2.897280693054199, 4.6622233390808105, 4.155397415161133]",2.5943062,1.5923172,6,"[ 6.265687   1.6498485 10.972007   4.614988   5.8489113  2.325574
  8.286291   2.8224268  4.7236633  3.9598396]",0.4038731145197102,Decide not to go to concert and instead hang out with Ted.
10,610,11,7,Give him my ticket and go get his.,decision,,,Darya is on her way to a concert with her friends. As they approach the entrance her friend Ted realizes he forgot his ticket at his house. The concert is about to start and Ted would likely miss most of the concert if he returned to his house for his ticket.,is on way to a concert with friends . As approach the entrance friend Ted realizes forgot ticket at house . The concert is about to start and Ted likely miss most of the concert if returned to house for ticket . : Give ticket and go get .,6.344642,0.96687645,10.62642,3.1743917,6.575397,3.975394,7.7070045,1.7200316,4.377008,2.508314,"[6.344642162322998, 0.9668764472007751, 10.626420021057129, 3.174391746520996, 6.57539701461792, 3.9753940105438232, 7.707004547119141, 1.7200316190719604, 4.377007961273193, 2.5083138942718506]",0.23835474,3.0608199,8,"[ 6.206129   0.8477411 10.542283   2.8365161  6.434092   3.902594
  7.6392226  1.7240117  4.5328426  2.3152208]",0.49604897158494643,She could give Ted her ticket instead.
11,611,12,7,look for a ticket scalper and pay for a ticket for my friend,decision,,,Darya is on her way to a concert with her friends. As they approach the entrance her friend Ted realizes he forgot his ticket at his house. The concert is about to start and Ted would likely miss most of the concert if he returned to his house for his ticket.,is on way to a concert with friends . As approach the entrance friend Ted realizes forgot ticket at house . The concert is about to start and Ted likely miss most of the concert if returned to house for ticket . : look for a ticket scalper and pay for a ticket for friend,5.4771185,1.0623534,8.846839,3.4731793,6.4490633,6.009982,8.0168495,2.622533,4.272112,3.3672454,"[5.477118492126465, 1.0623533725738525, 8.84683895111084, 3.473179340362549, 6.449063301086426, 6.009982109069824, 8.016849517822266, 2.622533082962036, 4.272111892700195, 3.3672454357147217]",1.9223012,6.438577,0,"[5.3655806 1.2702221 9.198152  3.5741282 6.570315  5.561966  8.121828
 2.7489474 4.534417  2.9537492]",0.8194303172358222,Look for anyone selling tickets
12,612,13,7,Let him go back and get his ticket. We will see him at our seats.,decision,,,Darya is on her way to a concert with her friends. As they approach the entrance her friend Ted realizes he forgot his ticket at his house. The concert is about to start and Ted would likely miss most of the concert if he returned to his house for his ticket.,is on way to a concert with friends . As approach the entrance friend Ted realizes forgot ticket at house . The concert is about to start and Ted likely miss most of the concert if returned to house for ticket . : Let go back and get ticket . will see at seats .,6.3686805,2.0908813,10.600344,5.3191843,6.8671827,4.07116,8.389313,2.6250613,4.5189137,3.4491174,"[6.368680477142334, 2.09088134765625, 10.600343704223633, 5.319184303283691, 6.867182731628418, 4.071159839630127, 8.389312744140625, 2.625061273574829, 4.518913745880127, 3.449117422103882]",3.869092,3.688546,3,"[ 6.4198093  1.9720458 10.862053   5.365867   6.5569224  3.5447173
  8.288348   2.4836838  4.577658   3.5889297]",0.7169309795495206,Let him go get it and I stay there
13,613,14,7,Try to figure out how to get him in without a ticket,decision,,,Darya is on her way to a concert with her friends. As they approach the entrance her friend Ted realizes he forgot his ticket at his house. The concert is about to start and Ted would likely miss most of the concert if he returned to his house for his ticket.,is on way to a concert with friends . As approach the entrance friend Ted realizes forgot ticket at house . The concert is about to start and Ted likely miss most of the concert if returned to house for ticket . : Try to figure out how to get in without a ticket,6.766989,2.8375127,9.507177,6.7125373,4.238905,4.399571,6.7696733,6.791809,7.528579,3.6393037,"[6.766989231109619, 2.837512731552124, 9.507177352905273, 6.7125372886657715, 4.23890495300293, 4.399570941925049, 6.7696733474731445, 6.79180908203125, 7.528579235076904, 3.639303684234619]",3.4951055,-3.7614279,2,"[6.8363514 2.8741455 9.481334  6.758397  4.156641  4.434169  6.7097034
 6.9165583 7.639739  3.608533 ]",0.22214982617770296,Sneak inside without the ticket.
14,614,15,7,Check with the venue to see if they have any way of finding the ticket in their system,decision,,,Darya is on her way to a concert with her friends. As they approach the entrance her friend Ted realizes he forgot his ticket at his house. The concert is about to start and Ted would likely miss most of the concert if he returned to his house for his ticket.,is on way to a concert with friends . As approach the entrance friend Ted realizes forgot ticket at house . The concert is about to start and Ted likely miss most of the concert if returned to house for ticket . : Check with the venue to see if have any way of finding the ticket in system,5.72192,1.4815462,9.682634,4.3390436,6.488094,4.979454,8.207196,2.7745397,4.51767,3.3113632,"[5.721920013427734, 1.48154616355896, 9.682634353637695, 4.339043617248535, 6.488093852996826, 4.979454040527344, 8.207196235656738, 2.7745397090911865, 4.517670154571533, 3.3113632202148438]",2.6346312,5.097051,7,"[ 6.0744877  1.6136857 10.175958   4.596031   6.4566236  4.374307
  8.231861   2.6766467  4.3928285  3.4267533]",0.9259914610491398,I would wait for my friend to retrieve the ticket himself or have someone bring the ticket to him.
15,615,16,7,"I would suggest we do something else, like go to a bar instead.",decision,,,Darya is on her way to a concert with her friends. As they approach the entrance her friend Ted realizes he forgot his ticket at his house. The concert is about to start and Ted would likely miss most of the concert if he returned to his house for his ticket.,"is on way to a concert with friends . As approach the entrance friend Ted realizes forgot ticket at house . The concert is about to start and Ted likely miss most of the concert if returned to house for ticket . : suggest do something else , like go to a bar instead .",6.2998815,2.0404058,10.847114,4.9484267,6.5329394,3.048504,8.272579,2.5789344,4.7433796,3.7595553,"[6.299881458282471, 2.040405750274658, 10.847113609313965, 4.948426723480225, 6.532939434051514, 3.048504114151001, 8.272579193115234, 2.57893443107605, 4.743379592895508, 3.7595553398132324]",3.2928722,2.189911,3,"[ 6.4198093  1.9720458 10.862053   5.365867   6.5569224  3.5447173
  8.288348   2.4836838  4.577658   3.5889297]",0.711502803687655,Let him go get it and I stay there
16,616,17,7,buy a new ticked online or at the front,decision,,,Darya is on her way to a concert with her friends. As they approach the entrance her friend Ted realizes he forgot his ticket at his house. The concert is about to start and Ted would likely miss most of the concert if he returned to his house for his ticket.,is on way to a concert with friends . As approach the entrance friend Ted realizes forgot ticket at house . The concert is about to start and Ted likely miss most of the concert if returned to house for ticket . : buy a new ticked online or at the front,5.2532706,1.3829758,9.220142,3.3442705,6.5974994,5.486769,8.11501,2.8173537,4.6710258,2.6184123,"[5.253270626068115, 1.3829758167266846, 9.220142364501953, 3.3442704677581787, 6.597499370574951, 5.486769199371338, 8.115010261535645, 2.8173537254333496, 4.67102575302124, 2.6184122562408447]",1.1204091,5.836084,0,"[5.3655806 1.2702221 9.198152  3.5741282 6.570315  5.561966  8.121828
 2.7489474 4.534417  2.9537492]",0.4699758468675847,Look for anyone selling tickets
17,617,18,7,Try and buy another ticket at the show,decision,,,Darya is on her way to a concert with her friends. As they approach the entrance her friend Ted realizes he forgot his ticket at his house. The concert is about to start and Ted would likely miss most of the concert if he returned to his house for his ticket.,is on way to a concert with friends . As approach the entrance friend Ted realizes forgot ticket at house . The concert is about to start and Ted likely miss most of the concert if returned to house for ticket . : Try and buy another ticket at the show,5.1561923,1.4164882,9.4352665,3.6841397,6.7429624,5.2640004,8.229611,2.8794081,4.8757,2.5356467,"[5.156192302703857, 1.4164881706237793, 9.435266494750977, 3.6841397285461426, 6.74296236038208, 5.264000415802002, 8.22961139678955, 2.879408121109009, 4.875699996948242, 2.535646677017212]",1.3955597,5.5271554,0,"[5.3655806 1.2702221 9.198152  3.5741282 6.570315  5.561966  8.121828
 2.7489474 4.534417  2.9537492]",0.7563562504035516,Look for anyone selling tickets
18,618,19,7,I would advise Ted to see if he can purchase another ticket from a scalper.,decision,,,Darya is on her way to a concert with her friends. As they approach the entrance her friend Ted realizes he forgot his ticket at his house. The concert is about to start and Ted would likely miss most of the concert if he returned to his house for his ticket.,is on way to a concert with friends . As approach the entrance friend Ted realizes forgot ticket at house . The concert is about to start and Ted likely miss most of the concert if returned to house for ticket . : advise Ted to see if can purchase another ticket from a scalper .,5.379193,1.0059323,8.826634,3.4178927,6.4560027,6.0714383,8.064799,2.6657758,4.269414,3.312354,"[5.37919282913208, 1.005932331085205, 8.826634407043457, 3.4178926944732666, 6.456002712249756, 6.071438312530518, 8.064799308776855, 2.665775775909424, 4.269413948059082, 3.31235408782959]",1.6838881,6.450338,0,"[5.3655806 1.2702221 9.198152  3.5741282 6.570315  5.561966  8.121828
 2.7489474 4.534417  2.9537492]",0.8450397839408312,Look for anyone selling tickets
19,619,20,7,I would offer to pay for another ticket if he didn't have the money. ,decision,,,Darya is on her way to a concert with her friends. As they approach the entrance her friend Ted realizes he forgot his ticket at his house. The concert is about to start and Ted would likely miss most of the concert if he returned to his house for his ticket.,is on way to a concert with friends . As approach the entrance friend Ted realizes forgot ticket at house . The concert is about to start and Ted likely miss most of the concert if returned to house for ticket . : offer to pay for another ticket if did n't have the money .,5.574469,0.9374227,10.011003,2.8827016,6.4208922,4.301206,7.8519135,2.2409997,4.8340545,2.379516,"[5.574469089508057, 0.9374226927757263, 10.011002540588379, 2.8827016353607178, 6.420892238616943, 4.301206111907959, 7.8519134521484375, 2.240999698638916, 4.834054470062256, 2.3795158863067627]",0.4197205,3.8911922,4,"[ 5.6905556  1.0821797 10.038611   3.213778   6.430102   4.3516946
  7.912626   2.3025432  4.7172823  2.5783617]",0.4561659583455054,TELL HIM TO BUY ANOTHER TICKET
20,620,21,7,I have purchase for another some ticket,decision,,,Darya is on her way to a concert with her friends. As they approach the entrance her friend Ted realizes he forgot his ticket at his house. The concert is about to start and Ted would likely miss most of the concert if he returned to his house for his ticket.,is on way to a concert with friends . As approach the entrance friend Ted realizes forgot ticket at house . The concert is about to start and Ted likely miss most of the concert if returned to house for ticket . : have purchase for another some ticket,4.658373,0.796415,9.147261,2.415614,6.8181543,5.3601294,8.028265,2.62801,4.994069,1.8631313,"[4.65837287902832, 0.7964149713516235, 9.147260665893555, 2.415613889694214, 6.818154335021973, 5.360129356384277, 8.028264999389648, 2.6280100345611572, 4.9940690994262695, 1.8631312847137451]",-0.3483551,6.129706,5,"[4.901328   0.96364546 9.2391     2.67012    6.738846   5.2806845
 8.035381   2.6144583  4.893009   2.0630207 ]",0.4724464877704412,See if there were any tickets available and buy him one but have him reimburse me
21,621,22,7,"The price of tickets are expensive, so buying another one would be pointless. I would offer to take Ted back and would miss some of the concert with them.",decision,,,Darya is on her way to a concert with her friends. As they approach the entrance her friend Ted realizes he forgot his ticket at his house. The concert is about to start and Ted would likely miss most of the concert if he returned to his house for his ticket.,"is on way to a concert with friends . As approach the entrance friend Ted realizes forgot ticket at house . The concert is about to start and Ted likely miss most of the concert if returned to house for ticket . : The price of tickets are expensive , so buying another one be pointless . offer to take Ted back and miss some of the concert with .",5.4649835,1.4450204,9.791321,3.557623,6.4534535,4.5924234,8.088824,2.7219508,4.8139224,2.686366,"[5.4649834632873535, 1.4450204372406006, 9.79132080078125, 3.5576229095458984, 6.453453540802002, 4.592423439025879, 8.088824272155762, 2.7219507694244385, 4.81392240524292, 2.686366081237793]",1.2964795,4.453613,4,"[ 5.6905556  1.0821797 10.038611   3.213778   6.430102   4.3516946
  7.912626   2.3025432  4.7172823  2.5783617]",0.8052122274482503,TELL HIM TO BUY ANOTHER TICKET
22,622,23,7,We buy him a ticket,decision,,,Darya is on her way to a concert with her friends. As they approach the entrance her friend Ted realizes he forgot his ticket at his house. The concert is about to start and Ted would likely miss most of the concert if he returned to his house for his ticket.,is on way to a concert with friends . As approach the entrance friend Ted realizes forgot ticket at house . The concert is about to start and Ted likely miss most of the concert if returned to house for ticket . : buy a ticket,5.1374526,0.9885875,9.385517,2.668202,6.7417502,5.181148,8.024498,2.5313764,4.7499824,2.1315246,"[5.137452602386475, 0.988587498664856, 9.385517120361328, 2.6682019233703613, 6.741750240325928, 5.181148052215576, 8.024497985839844, 2.531376361846924, 4.7499823570251465, 2.1315245628356934]",0.0211165,5.615762,5,"[4.901328   0.96364546 9.2391     2.67012    6.738846   5.2806845
 8.035381   2.6144583  4.893009   2.0630207 ]",0.3462728061853924,See if there were any tickets available and buy him one but have him reimburse me
23,623,24,7,look for a scalper,decision,,,Darya is on her way to a concert with her friends. As they approach the entrance her friend Ted realizes he forgot his ticket at his house. The concert is about to start and Ted would likely miss most of the concert if he returned to his house for his ticket.,is on way to a concert with friends . As approach the entrance friend Ted realizes forgot ticket at house . The concert is about to start and Ted likely miss most of the concert if returned to house for ticket . : look for a scalper,5.4523244,0.9765507,8.756968,3.4630651,6.394569,6.1632214,8.060388,2.657043,4.193315,3.4479125,"[5.452324390411377, 0.9765506982803345, 8.756967544555664, 3.4630651473999023, 6.394568920135498, 6.16322135925293, 8.06038761138916, 2.657042980194092, 4.193315029144287, 3.4479124546051025]",1.8900411,6.5068984,0,"[5.3655806 1.2702221 9.198152  3.5741282 6.570315  5.561966  8.121828
 2.7489474 4.534417  2.9537492]",1.0324290716189657,Look for anyone selling tickets
24,624,25,7,"Maybe Ted could call someone from home to bring him the ticket and we could meet at a point halfway, so Ted would still see most of the concert.",decision,,,Darya is on her way to a concert with her friends. As they approach the entrance her friend Ted realizes he forgot his ticket at his house. The concert is about to start and Ted would likely miss most of the concert if he returned to his house for his ticket.,"is on way to a concert with friends . As approach the entrance friend Ted realizes forgot ticket at house . The concert is about to start and Ted likely miss most of the concert if returned to house for ticket . : Maybe Ted call someone from home to bring the ticket and meet at a point halfway , so Ted still see most of the concert .",6.244087,1.941713,10.515109,5.0935736,6.396297,3.591524,8.369501,2.6254704,4.46743,3.7718713,"[6.244087219238281, 1.9417129755020142, 10.515109062194824, 5.093573570251465, 6.396296977996826, 3.5915238857269287, 8.369501113891602, 2.6254703998565674, 4.467430114746094, 3.771871328353882]",3.363043,3.1222272,10,"[ 6.0350957  1.7044297 10.5954275  5.2186604  6.316846   3.4331267
  8.475936   2.7918687  4.4011946  3.9598694]",0.48190027125260876,Darya and her friends could all listen to the concert from the parking lot
25,625,26,7,Ask around for a ticket if not too expensive.,decision,,,Darya is on her way to a concert with her friends. As they approach the entrance her friend Ted realizes he forgot his ticket at his house. The concert is about to start and Ted would likely miss most of the concert if he returned to his house for his ticket.,is on way to a concert with friends . As approach the entrance friend Ted realizes forgot ticket at house . The concert is about to start and Ted likely miss most of the concert if returned to house for ticket . : Ask around for a ticket if not too expensive .,5.9138823,1.6957133,9.93535,4.412013,6.574101,4.784513,8.175833,2.724289,4.462315,3.2354574,"[5.913882255554199, 1.6957132816314697, 9.93535041809082, 4.412013053894043, 6.574100971221924, 4.784512996673584, 8.175832748413086, 2.7242889404296875, 4.462315082550049, 3.235457420349121]",2.6867046,4.6125607,7,"[ 6.0744877  1.6136857 10.175958   4.596031   6.4566236  4.374307
  8.231861   2.6766467  4.3928285  3.4267533]",0.5942881329315938,I would wait for my friend to retrieve the ticket himself or have someone bring the ticket to him.
26,626,27,7,I would ask everyone to pool some money together to get a new ticket for him.,decision,,,Darya is on her way to a concert with her friends. As they approach the entrance her friend Ted realizes he forgot his ticket at his house. The concert is about to start and Ted would likely miss most of the concert if he returned to his house for his ticket.,is on way to a concert with friends . As approach the entrance friend Ted realizes forgot ticket at house . The concert is about to start and Ted likely miss most of the concert if returned to house for ticket . : ask everyone to pool some money together to get a new ticket for .,5.267596,0.9938576,9.427529,2.908248,6.5203624,5.149604,7.897257,2.5074286,4.7879086,2.3730154,"[5.2675957679748535, 0.9938576221466064, 9.427529335021973, 2.908247947692871, 6.520362377166748, 5.149603843688965, 7.897256851196289, 2.5074286460876465, 4.787908554077148, 2.3730154037475586]",0.300317,5.20898,5,"[4.901328   0.96364546 9.2391     2.67012    6.738846   5.2806845
 8.035381   2.6144583  4.893009   2.0630207 ]",0.6556438617936575,See if there were any tickets available and buy him one but have him reimburse me
27,627,28,7,not go in without him,decision,,,Darya is on her way to a concert with her friends. As they approach the entrance her friend Ted realizes he forgot his ticket at his house. The concert is about to start and Ted would likely miss most of the concert if he returned to his house for his ticket.,is on way to a concert with friends . As approach the entrance friend Ted realizes forgot ticket at house . The concert is about to start and Ted likely miss most of the concert if returned to house for ticket . : not go in without,6.298826,1.7331612,10.583583,5.063457,5.6703415,3.0806868,8.474548,3.4861376,4.5286593,4.22713,"[6.298826217651367, 1.733161211013794, 10.583582878112793, 5.063457012176514, 5.670341491699219, 3.0806868076324463, 8.47454833984375, 3.486137628555298, 4.528659343719482, 4.227129936218262]",2.0080643,2.5236773,1,"[ 6.5916095  1.8438394 10.823863   5.022656   5.6287236  2.7807322
  8.377738   3.243035   4.359949   4.1942124]",0.5891465135149141,"I would return with him for his ticket and we would see what we could of the concert together. If that were not an option, I would sell my ticket to someone outside of the theater and take the loss. I would not want to go alone, without my friend. That would be unkind to my friend and not very much fun for me either."
28,628,29,7,pitch in to buy him a ticket,decision,,,Darya is on her way to a concert with her friends. As they approach the entrance her friend Ted realizes he forgot his ticket at his house. The concert is about to start and Ted would likely miss most of the concert if he returned to his house for his ticket.,is on way to a concert with friends . As approach the entrance friend Ted realizes forgot ticket at house . The concert is about to start and Ted likely miss most of the concert if returned to house for ticket . : pitch in to buy a ticket,5.520219,1.0465457,9.374972,3.1593087,6.4760084,5.300695,7.952364,2.4742005,4.506013,2.8172512,"[5.520218849182129, 1.0465457439422607, 9.374972343444824, 3.159308671951294, 6.476008415222168, 5.300694942474365, 7.952363967895508, 2.474200487136841, 4.506012916564941, 2.817251205444336]",0.64294916,4.9267187,0,"[5.3655806 1.2702221 9.198152  3.5741282 6.570315  5.561966  8.121828
 2.7489474 4.534417  2.9537492]",0.6914358702276381,Look for anyone selling tickets
29,629,30,7,Explain the situation to a sympathetic guard and get Ted in.,decision,,,Darya is on her way to a concert with her friends. As they approach the entrance her friend Ted realizes he forgot his ticket at his house. The concert is about to start and Ted would likely miss most of the concert if he returned to his house for his ticket.,is on way to a concert with friends . As approach the entrance friend Ted realizes forgot ticket at house . The concert is about to start and Ted likely miss most of the concert if returned to house for ticket . : Explain the situation to a sympathetic guard and get Ted in .,6.2032075,1.8169749,9.964357,5.073326,5.652002,4.2057652,7.9541025,3.8098948,5.094348,3.7466168,"[6.203207492828369, 1.8169748783111572, 9.964357376098633, 5.073326110839844, 5.652001857757568, 4.205765247344971, 7.954102516174316, 3.8098948001861572, 5.094347953796387, 3.746616840362549]",3.1100717,-3.251544,7,"[ 6.0744877  1.6136857 10.175958   4.596031   6.4566236  4.374307
  8.231861   2.6766467  4.3928285  3.4267533]",1.7210886704173174,I would wait for my friend to retrieve the ticket himself or have someone bring the ticket to him.
30,630,31,7,Try to get another ticket,decision,,,Darya is on her way to a concert with her friends. As they approach the entrance her friend Ted realizes he forgot his ticket at his house. The concert is about to start and Ted would likely miss most of the concert if he returned to his house for his ticket.,is on way to a concert with friends . As approach the entrance friend Ted realizes forgot ticket at house . The concert is about to start and Ted likely miss most of the concert if returned to house for ticket . : Try to get another ticket,5.2408133,1.448932,9.442596,3.7256205,6.732401,5.291699,8.209561,2.8386834,4.7886586,2.5956209,"[5.240813255310059, 1.4489320516586304, 9.442596435546875, 3.7256205081939697, 6.732400894165039, 5.291698932647705, 8.209561347961426, 2.8386833667755127, 4.788658618927002, 2.59562087059021]",1.4539865,5.389276,0,"[5.3655806 1.2702221 9.198152  3.5741282 6.570315  5.561966  8.121828
 2.7489474 4.534417  2.9537492]",0.6619424217380286,Look for anyone selling tickets
31,631,32,7,continue to the concert,decision,,,Darya is on her way to a concert with her friends. As they approach the entrance her friend Ted realizes he forgot his ticket at his house. The concert is about to start and Ted would likely miss most of the concert if he returned to his house for his ticket.,is on way to a concert with friends . As approach the entrance friend Ted realizes forgot ticket at house . The concert is about to start and Ted likely miss most of the concert if returned to house for ticket . : continue to the concert,6.199371,1.8539834,10.558202,5.088001,6.472788,3.3798385,8.655201,3.0422535,4.470215,3.8880339,"[6.199370861053467, 1.8539834022521973, 10.558201789855957, 5.088000774383545, 6.472787857055664, 3.379838466644287, 8.655200958251953, 3.0422534942626953, 4.47021484375, 3.888033866882324]",3.3178015,3.240738,10,"[ 6.0350957  1.7044297 10.5954275  5.2186604  6.316846   3.4331267
  8.475936   2.7918687  4.4011946  3.9598694]",0.4469009709438786,Darya and her friends could all listen to the concert from the parking lot
32,632,33,7,buy another ticket,decision,,,Darya is on her way to a concert with her friends. As they approach the entrance her friend Ted realizes he forgot his ticket at his house. The concert is about to start and Ted would likely miss most of the concert if he returned to his house for his ticket.,is on way to a concert with friends . As approach the entrance friend Ted realizes forgot ticket at house . The concert is about to start and Ted likely miss most of the concert if returned to house for ticket . : buy another ticket,4.70757,0.74192375,9.159041,2.3531342,6.7628026,5.3601427,8.03328,2.5681417,4.932055,1.7970583,"[4.7075700759887695, 0.7419237494468689, 9.159041404724121, 2.3531341552734375, 6.762802600860596, 5.360142707824707, 8.033280372619629, 2.5681416988372803, 4.9320549964904785, 1.797058343887329]",-0.3441888,6.081218,5,"[4.901328   0.96364546 9.2391     2.67012    6.738846   5.2806845
 8.035381   2.6144583  4.893009   2.0630207 ]",0.5242994340056306,See if there were any tickets available and buy him one but have him reimburse me
33,633,34,7,Go without him,decision,,,Darya is on her way to a concert with her friends. As they approach the entrance her friend Ted realizes he forgot his ticket at his house. The concert is about to start and Ted would likely miss most of the concert if he returned to his house for his ticket.,is on way to a concert with friends . As approach the entrance friend Ted realizes forgot ticket at house . The concert is about to start and Ted likely miss most of the concert if returned to house for ticket . : Go without,6.669147,1.8926104,10.879778,5.038379,5.3902626,2.5353503,8.395535,3.421209,4.35898,4.3415694,"[6.66914701461792, 1.8926104307174683, 10.879777908325195, 5.038379192352295, 5.390262603759766, 2.5353503227233887, 8.395535469055176, 3.4212090969085693, 4.358980178833008, 4.341569423675537]",1.7746276,1.9477417,1,"[ 6.5916095  1.8438394 10.823863   5.022656   5.6287236  2.7807322
  8.377738   3.243035   4.359949   4.1942124]",0.4273383059994019,"I would return with him for his ticket and we would see what we could of the concert together. If that were not an option, I would sell my ticket to someone outside of the theater and take the loss. I would not want to go alone, without my friend. That would be unkind to my friend and not very much fun for me either."
34,634,35,7,See if you can buy a new ticket.,decision,,,Darya is on her way to a concert with her friends. As they approach the entrance her friend Ted realizes he forgot his ticket at his house. The concert is about to start and Ted would likely miss most of the concert if he returned to his house for his ticket.,is on way to a concert with friends . As approach the entrance friend Ted realizes forgot ticket at house . The concert is about to start and Ted likely miss most of the concert if returned to house for ticket . : See if can buy a new ticket .,5.4974103,1.6135058,9.448804,3.7617447,6.562023,5.26371,8.130569,2.8470628,4.601879,2.8512816,"[5.497410297393799, 1.6135058403015137, 9.448803901672363, 3.761744737625122, 6.562023162841797, 5.263710021972656, 8.130569458007812, 2.847062826156616, 4.601879119873047, 2.8512816429138184]",1.604585,5.220061,0,"[5.3655806 1.2702221 9.198152  3.5741282 6.570315  5.561966  8.121828
 2.7489474 4.534417  2.9537492]",0.5890912544958973,Look for anyone selling tickets
35,635,36,7,Go with Ted to get his ticket.,decision,,,Darya is on her way to a concert with her friends. As they approach the entrance her friend Ted realizes he forgot his ticket at his house. The concert is about to start and Ted would likely miss most of the concert if he returned to his house for his ticket.,is on way to a concert with friends . As approach the entrance friend Ted realizes forgot ticket at house . The concert is about to start and Ted likely miss most of the concert if returned to house for ticket . : Go with Ted to get ticket .,6.5026073,1.855143,10.601171,4.6764836,6.7386184,4.1295824,8.285783,2.4573417,4.2080226,3.2551289,"[6.502607345581055, 1.8551429510116577, 10.601170539855957, 4.676483631134033, 6.73861837387085, 4.129582405090332, 8.285782814025879, 2.4573416709899902, 4.208022594451904, 3.255128860473633]",3.494846,4.142539,7,"[ 6.0744877  1.6136857 10.175958   4.596031   6.4566236  4.374307
  8.231861   2.6766467  4.3928285  3.4267533]",0.8263705517846192,I would wait for my friend to retrieve the ticket himself or have someone bring the ticket to him.
36,636,37,7,sorry ted...,decision,,,Darya is on her way to a concert with her friends. As they approach the entrance her friend Ted realizes he forgot his ticket at his house. The concert is about to start and Ted would likely miss most of the concert if he returned to his house for his ticket.,is on way to a concert with friends . As approach the entrance friend Ted realizes forgot ticket at house . The concert is about to start and Ted likely miss most of the concert if returned to house for ticket . : sorry ted ...,6.4392915,1.9423174,11.035159,5.6651134,6.4588127,3.4950588,8.090452,2.208616,4.772435,3.5213878,"[6.439291477203369, 1.9423173666000366, 11.03515911102295, 5.66511344909668, 6.458812713623047, 3.49505877494812, 8.090452194213867, 2.208616018295288, 4.772435188293457, 3.521387815475464]",4.280418,2.5302098,3,"[ 6.4198093  1.9720458 10.862053   5.365867   6.5569224  3.5447173
  8.288348   2.4836838  4.577658   3.5889297]",0.538696611752591,Let him go get it and I stay there
37,637,38,7,"It would be silly for all of us to miss the concert and waste our money, so I would tell tell to hurry back and get it, or else look around for a scalper",decision,,,Darya is on her way to a concert with her friends. As they approach the entrance her friend Ted realizes he forgot his ticket at his house. The concert is about to start and Ted would likely miss most of the concert if he returned to his house for his ticket.,"is on way to a concert with friends . As approach the entrance friend Ted realizes forgot ticket at house . The concert is about to start and Ted likely miss most of the concert if returned to house for ticket . : be silly for all of to miss the concert and waste money , so tell tell to hurry back and get , or else look around for a scalper",6.08321,1.7787443,10.817243,4.619846,6.5550475,3.1163645,8.293487,2.4968581,4.8102455,3.391941,"[6.083209991455078, 1.7787443399429321, 10.817242622375488, 4.619845867156982, 6.555047512054443, 3.1163644790649414, 8.293486595153809, 2.4968581199645996, 4.810245513916016, 3.3919410705566406]",3.525439,1.8561946,3,"[ 6.4198093  1.9720458 10.862053   5.365867   6.5569224  3.5447173
  8.288348   2.4836838  4.577658   3.5889297]",0.9928802893223075,Let him go get it and I stay there
38,638,39,7,Offer my ticket.,decision,,,Darya is on her way to a concert with her friends. As they approach the entrance her friend Ted realizes he forgot his ticket at his house. The concert is about to start and Ted would likely miss most of the concert if he returned to his house for his ticket.,is on way to a concert with friends . As approach the entrance friend Ted realizes forgot ticket at house . The concert is about to start and Ted likely miss most of the concert if returned to house for ticket . : Offer ticket .,6.037317,0.95519906,10.334307,2.9780982,6.411643,4.145482,7.704655,1.9370589,4.5151153,2.4538255,"[6.037316799163818, 0.9551990628242493, 10.334306716918945, 2.978098154067993, 6.411643028259277, 4.145482063293457, 7.704655170440674, 1.937058925628662, 4.515115261077881, 2.4538254737854004]",0.21558061,3.6374047,8,"[ 6.206129   0.8477411 10.542283   2.8365161  6.434092   3.902594
  7.6392226  1.7240117  4.5328426  2.3152208]",0.48170427158390855,She could give Ted her ticket instead.
39,639,40,7,I would attend the concert without Ted.,decision,,,Darya is on her way to a concert with her friends. As they approach the entrance her friend Ted realizes he forgot his ticket at his house. The concert is about to start and Ted would likely miss most of the concert if he returned to his house for his ticket.,is on way to a concert with friends . As approach the entrance friend Ted realizes forgot ticket at house . The concert is about to start and Ted likely miss most of the concert if returned to house for ticket . : attend the concert without Ted .,6.6119866,1.7935963,10.924276,4.8169794,5.487167,2.3829095,8.327143,3.1708596,4.3900337,4.238464,"[6.6119866371154785, 1.7935962677001953, 10.924276351928711, 4.81697940826416, 5.487166881561279, 2.3829095363616943, 8.327142715454102, 3.1708595752716064, 4.390033721923828, 4.238463878631592]",2.174426,1.7489582,1,"[ 6.5916095  1.8438394 10.823863   5.022656   5.6287236  2.7807322
  8.377738   3.243035   4.359949   4.1942124]",0.49422554433156646,"I would return with him for his ticket and we would see what we could of the concert together. If that were not an option, I would sell my ticket to someone outside of the theater and take the loss. I would not want to go alone, without my friend. That would be unkind to my friend and not very much fun for me either."
40,640,41,7,Buy another ticket at the box office ,decision,,,Darya is on her way to a concert with her friends. As they approach the entrance her friend Ted realizes he forgot his ticket at his house. The concert is about to start and Ted would likely miss most of the concert if he returned to his house for his ticket.,is on way to a concert with friends . As approach the entrance friend Ted realizes forgot ticket at house . The concert is about to start and Ted likely miss most of the concert if returned to house for ticket . : Buy another ticket at the box office,4.78933,0.9967895,9.094972,2.919328,6.736445,5.4607897,8.136102,2.821217,4.9303427,2.2029765,"[4.789330005645752, 0.9967895150184631, 9.094971656799316, 2.919327974319458, 6.73644495010376, 5.460789680480957, 8.136101722717285, 2.8212170600891113, 4.930342674255371, 2.2029764652252197]",0.041031882,6.0947833,5,"[4.901328   0.96364546 9.2391     2.67012    6.738846   5.2806845
 8.035381   2.6144583  4.893009   2.0630207 ]",0.4503761247179531,See if there were any tickets available and buy him one but have him reimburse me
41,641,42,7,go home with ted and come back with his ticket.,decision,,,Darya is on her way to a concert with her friends. As they approach the entrance her friend Ted realizes he forgot his ticket at his house. The concert is about to start and Ted would likely miss most of the concert if he returned to his house for his ticket.,is on way to a concert with friends . As approach the entrance friend Ted realizes forgot ticket at house . The concert is about to start and Ted likely miss most of the concert if returned to house for ticket . : go home with ted and come back with ticket .,6.505054,2.074594,10.795092,5.3817115,6.7563443,3.79374,8.393161,2.5232205,4.3649225,3.5881062,"[6.505053997039795, 2.074594020843506, 10.79509162902832, 5.381711483001709, 6.756344318389893, 3.7937400341033936, 8.393160820007324, 2.5232205390930176, 4.364922523498535, 3.588106155395508]",3.9893584,3.3746734,3,"[ 6.4198093  1.9720458 10.862053   5.365867   6.5569224  3.5447173
  8.288348   2.4836838  4.577658   3.5889297]",0.4267376568486359,Let him go get it and I stay there
42,642,43,7,leave with Ted to go get his ticket then go back together,decision,,,Darya is on her way to a concert with her friends. As they approach the entrance her friend Ted realizes he forgot his ticket at his house. The concert is about to start and Ted would likely miss most of the concert if he returned to his house for his ticket.,is on way to a concert with friends . As approach the entrance friend Ted realizes forgot ticket at house . The concert is about to start and Ted likely miss most of the concert if returned to house for ticket . : leave with Ted to go get ticket then go back together,6.2565575,1.7849299,10.871278,5.184897,6.1476345,3.026974,8.342041,2.6240919,4.486729,3.955562,"[6.256557464599609, 1.784929871559143, 10.871277809143066, 5.184896945953369, 6.147634506225586, 3.0269739627838135, 8.342041015625, 2.624091863632202, 4.486729145050049, 3.955562114715576]",2.9699674,2.5101585,10,"[ 6.0350957  1.7044297 10.5954275  5.2186604  6.316846   3.4331267
  8.475936   2.7918687  4.4011946  3.9598694]",0.6162492177282494,Darya and her friends could all listen to the concert from the parking lot
43,643,44,7,Drive him home quickly to get it,decision,,,Darya is on her way to a concert with her friends. As they approach the entrance her friend Ted realizes he forgot his ticket at his house. The concert is about to start and Ted would likely miss most of the concert if he returned to his house for his ticket.,is on way to a concert with friends . As approach the entrance friend Ted realizes forgot ticket at house . The concert is about to start and Ted likely miss most of the concert if returned to house for ticket . : Drive home quickly to get,5.817437,1.5811421,10.660862,5.5231767,6.7228317,3.4904435,8.750949,2.4884443,4.1273675,3.9722397,"[5.817437171936035, 1.5811420679092407, 10.66086196899414, 5.523176670074463, 6.722831726074219, 3.490443468093872, 8.750948905944824, 2.4884443283081055, 4.1273674964904785, 3.9722397327423096]",4.606459,3.758919,10,"[ 6.0350957  1.7044297 10.5954275  5.2186604  6.316846   3.4331267
  8.475936   2.7918687  4.4011946  3.9598694]",0.7553339753258594,Darya and her friends could all listen to the concert from the parking lot
44,644,45,7,Buy Ted another ticket and have him reimburse me later,decision,,,Darya is on her way to a concert with her friends. As they approach the entrance her friend Ted realizes he forgot his ticket at his house. The concert is about to start and Ted would likely miss most of the concert if he returned to his house for his ticket.,is on way to a concert with friends . As approach the entrance friend Ted realizes forgot ticket at house . The concert is about to start and Ted likely miss most of the concert if returned to house for ticket . : Buy Ted another ticket and have reimburse later,4.860586,1.0210329,9.172308,2.6646817,6.6593556,5.284679,7.973164,2.6936963,5.0368714,2.019213,"[4.860586166381836, 1.0210329294204712, 9.172307968139648, 2.6646816730499268, 6.659355640411377, 5.284678936004639, 7.973164081573486, 2.6936962604522705, 5.036871433258057, 2.0192129611968994]",-0.13436006,5.7880974,5,"[4.901328   0.96364546 9.2391     2.67012    6.738846   5.2806845
 8.035381   2.6144583  4.893009   2.0630207 ]",0.22032653723785994,See if there were any tickets available and buy him one but have him reimburse me
45,645,46,7,ask if someone is home so they can bring it to him,decision,,,Darya is on her way to a concert with her friends. As they approach the entrance her friend Ted realizes he forgot his ticket at his house. The concert is about to start and Ted would likely miss most of the concert if he returned to his house for his ticket.,is on way to a concert with friends . As approach the entrance friend Ted realizes forgot ticket at house . The concert is about to start and Ted likely miss most of the concert if returned to house for ticket . : ask if someone is home so can bring to,6.1041193,1.4783409,10.201603,4.2550125,6.553501,4.4676633,8.144318,2.3901718,4.3280816,3.1621382,"[6.104119300842285, 1.4783408641815186, 10.201602935791016, 4.255012512207031, 6.553501129150391, 4.467663288116455, 8.144317626953125, 2.390171766281128, 4.3280816078186035, 3.1621382236480713]",2.5049152,4.3749137,7,"[ 6.0744877  1.6136857 10.175958   4.596031   6.4566236  4.374307
  8.231861   2.6766467  4.3928285  3.4267533]",0.5640862998561998,I would wait for my friend to retrieve the ticket himself or have someone bring the ticket to him.
46,646,47,7,See if we can find a ticket scalper and pitch in to help Ted buy a new ticket,decision,,,Darya is on her way to a concert with her friends. As they approach the entrance her friend Ted realizes he forgot his ticket at his house. The concert is about to start and Ted would likely miss most of the concert if he returned to his house for his ticket.,is on way to a concert with friends . As approach the entrance friend Ted realizes forgot ticket at house . The concert is about to start and Ted likely miss most of the concert if returned to house for ticket . : See if can find a ticket scalper and pitch in to help Ted buy a new ticket,5.423791,1.1234596,9.084274,3.3847742,6.5044417,5.710015,8.038407,2.634576,4.4290586,3.0517254,"[5.42379093170166, 1.1234595775604248, 9.084274291992188, 3.3847742080688477, 6.504441738128662, 5.710014820098877, 8.038407325744629, 2.6345760822296143, 4.42905855178833, 3.051725387573242]",1.6353453,6.134291,0,"[5.3655806 1.2702221 9.198152  3.5741282 6.570315  5.561966  8.121828
 2.7489474 4.534417  2.9537492]",0.3751639112178183,Look for anyone selling tickets
47,647,48,7,Have someone bring it to him if possible,decision,,,Darya is on her way to a concert with her friends. As they approach the entrance her friend Ted realizes he forgot his ticket at his house. The concert is about to start and Ted would likely miss most of the concert if he returned to his house for his ticket.,is on way to a concert with friends . As approach the entrance friend Ted realizes forgot ticket at house . The concert is about to start and Ted likely miss most of the concert if returned to house for ticket . : Have someone bring to if possible,5.9533725,1.3538986,10.085855,4.184553,6.387552,4.398527,8.160253,2.4821827,4.393089,3.2521024,"[5.953372478485107, 1.3538986444473267, 10.085854530334473, 4.184553146362305, 6.387551784515381, 4.398527145385742, 8.160252571105957, 2.482182741165161, 4.3930888175964355, 3.2521023750305176]",2.3336444,4.192041,7,"[ 6.0744877  1.6136857 10.175958   4.596031   6.4566236  4.374307
  8.231861   2.6766467  4.3928285  3.4267533]",0.5817177338991301,I would wait for my friend to retrieve the ticket himself or have someone bring the ticket to him.
48,648,49,7,see if ticket window has any records,decision,,,Darya is on her way to a concert with her friends. As they approach the entrance her friend Ted realizes he forgot his ticket at his house. The concert is about to start and Ted would likely miss most of the concert if he returned to his house for his ticket.,is on way to a concert with friends . As approach the entrance friend Ted realizes forgot ticket at house . The concert is about to start and Ted likely miss most of the concert if returned to house for ticket . : see if ticket window has any records,5.673851,1.4685098,9.6121855,4.3482375,6.5015507,5.0749135,8.221922,2.7912898,4.5037518,3.343657,"[5.673851013183594, 1.4685097932815552, 9.61218547821045, 4.34823751449585, 6.501550674438477, 5.074913501739502, 8.221921920776367, 2.791289806365967, 4.503751754760742, 3.3436570167541504]",2.5395463,5.176715,7,"[ 6.0744877  1.6136857 10.175958   4.596031   6.4566236  4.374307
  8.231861   2.6766467  4.3928285  3.4267533]",1.0421828472743297,I would wait for my friend to retrieve the ticket himself or have someone bring the ticket to him.
49,649,50,7,"If it's not too expensive, buy an additional ticket and offer to pay for part of it so you can both attend",decision,,,Darya is on her way to a concert with her friends. As they approach the entrance her friend Ted realizes he forgot his ticket at his house. The concert is about to start and Ted would likely miss most of the concert if he returned to his house for his ticket.,"is on way to a concert with friends . As approach the entrance friend Ted realizes forgot ticket at house . The concert is about to start and Ted likely miss most of the concert if returned to house for ticket . : If 's not too expensive , buy an additional ticket and offer to pay for part of so can both attend",5.636725,0.9586198,10.051482,2.9521778,6.4083343,4.281842,7.862626,2.2334707,4.776424,2.4673405,"[5.636724948883057, 0.9586197733879089, 10.051482200622559, 2.9521777629852295, 6.408334255218506, 4.281842231750488, 7.862626075744629, 2.2334706783294678, 4.776423931121826, 2.4673404693603516]",0.4652548,3.8566296,4,"[ 5.6905556  1.0821797 10.038611   3.213778   6.430102   4.3516946
  7.912626   2.3025432  4.7172823  2.5783617]",0.3394300394427408,TELL HIM TO BUY ANOTHER TICKET
50,650,51,7,Give him my ticket and wait outside.,decision,,,Darya is on her way to a concert with her friends. As they approach the entrance her friend Ted realizes he forgot his ticket at his house. The concert is about to start and Ted would likely miss most of the concert if he returned to his house for his ticket.,is on way to a concert with friends . As approach the entrance friend Ted realizes forgot ticket at house . The concert is about to start and Ted likely miss most of the concert if returned to house for ticket . : Give ticket and wait outside .,5.9627433,1.5017511,10.182093,4.4016376,6.179862,4.14542,8.120088,2.8661194,4.3724146,3.641817,"[5.962743282318115, 1.5017510652542114, 10.182092666625977, 4.401637554168701, 6.179862022399902, 4.145420074462891, 8.120087623596191, 2.866119384765625, 4.372414588928223, 3.641817092895508]",2.116489,3.7053003,7,"[ 6.0744877  1.6136857 10.175958   4.596031   6.4566236  4.374307
  8.231861   2.6766467  4.3928285  3.4267533]",0.5356223686957405,I would wait for my friend to retrieve the ticket himself or have someone bring the ticket to him.
51,651,52,7,I would offer to loan him money for a new ticket,decision,,,Darya is on her way to a concert with her friends. As they approach the entrance her friend Ted realizes he forgot his ticket at his house. The concert is about to start and Ted would likely miss most of the concert if he returned to his house for his ticket.,is on way to a concert with friends . As approach the entrance friend Ted realizes forgot ticket at house . The concert is about to start and Ted likely miss most of the concert if returned to house for ticket . : offer to loan money for a new ticket,5.6900306,0.940023,10.022576,2.918989,6.4535303,4.4201856,7.818828,2.1557212,4.7071805,2.4144297,"[5.690030574798584, 0.9400230050086975, 10.022576332092285, 2.9189889430999756, 6.453530311584473, 4.420185565948486, 7.818828105926514, 2.1557211875915527, 4.707180500030518, 2.4144296646118164]",0.257007,4.138475,4,"[ 5.6905556  1.0821797 10.038611   3.213778   6.430102   4.3516946
  7.912626   2.3025432  4.7172823  2.5783617]",0.4122340282098135,TELL HIM TO BUY ANOTHER TICKET
52,652,53,7,Buy Ted a ticket in a random section and then figure out a way to sneak him in to the seats that we have.,decision,,,Darya is on her way to a concert with her friends. As they approach the entrance her friend Ted realizes he forgot his ticket at his house. The concert is about to start and Ted would likely miss most of the concert if he returned to his house for his ticket.,is on way to a concert with friends . As approach the entrance friend Ted realizes forgot ticket at house . The concert is about to start and Ted likely miss most of the concert if returned to house for ticket . : Buy Ted a ticket in a random section and then figure out a way to sneak in to the seats that have .,7.035294,2.946856,9.523589,6.786511,4.03591,4.4312773,6.779174,7.0049143,7.6208835,3.498437,"[7.035294055938721, 2.9468560218811035, 9.523589134216309, 6.786510944366455, 4.035910129547119, 4.431277275085449, 6.779173851013184, 7.004914283752441, 7.620883464813232, 3.49843692779541]",2.9518707,-4.3186326,2,"[6.8363514 2.8741455 9.481334  6.758397  4.156641  4.434169  6.7097034
 6.9165583 7.639739  3.608533 ]",0.2951860331252725,Sneak inside without the ticket.
53,653,54,7,"See if the ticket office could look up his ticket. If not, I would go to the concert",decision,,,Darya is on her way to a concert with her friends. As they approach the entrance her friend Ted realizes he forgot his ticket at his house. The concert is about to start and Ted would likely miss most of the concert if he returned to his house for his ticket.,"is on way to a concert with friends . As approach the entrance friend Ted realizes forgot ticket at house . The concert is about to start and Ted likely miss most of the concert if returned to house for ticket . : See if the ticket office look up ticket . If not , go to the concert",5.93368,1.7375606,9.9218235,4.573454,6.6684036,4.8678474,8.236378,2.7385912,4.457719,3.2754416,"[5.933680057525635, 1.7375606298446655, 9.921823501586914, 4.573453903198242, 6.668403625488281, 4.867847442626953, 8.236377716064453, 2.738591194152832, 4.457718849182129, 3.2754416465759277]",2.958973,4.8032374,7,"[ 6.0744877  1.6136857 10.175958   4.596031   6.4566236  4.374307
  8.231861   2.6766467  4.3928285  3.4267533]",0.6478132444767946,I would wait for my friend to retrieve the ticket himself or have someone bring the ticket to him.
54,654,55,7,Go and watch the concert and let him go home and get the ticket.,decision,,,Darya is on her way to a concert with her friends. As they approach the entrance her friend Ted realizes he forgot his ticket at his house. The concert is about to start and Ted would likely miss most of the concert if he returned to his house for his ticket.,is on way to a concert with friends . As approach the entrance friend Ted realizes forgot ticket at house . The concert is about to start and Ted likely miss most of the concert if returned to house for ticket . : Go and watch the concert and let go home and get the ticket .,6.6112294,2.0425432,10.978724,5.4568634,6.800263,3.6776507,8.406938,2.4493482,4.331337,3.5490086,"[6.611229419708252, 2.0425431728363037, 10.978723526000977, 5.4568634033203125, 6.800262928009033, 3.6776506900787354, 8.406937599182129, 2.449348211288452, 4.331336975097656, 3.54900860786438]",4.111819,3.21365,3,"[ 6.4198093  1.9720458 10.862053   5.365867   6.5569224  3.5447173
  8.288348   2.4836838  4.577658   3.5889297]",0.4667975608359035,Let him go get it and I stay there
55,655,56,7,Try buy another ticket at the door,decision,,,Darya is on her way to a concert with her friends. As they approach the entrance her friend Ted realizes he forgot his ticket at his house. The concert is about to start and Ted would likely miss most of the concert if he returned to his house for his ticket.,is on way to a concert with friends . As approach the entrance friend Ted realizes forgot ticket at house . The concert is about to start and Ted likely miss most of the concert if returned to house for ticket . : Try buy another ticket at the door,5.079938,1.2692316,9.345853,3.4361157,6.7261596,5.305476,8.205165,2.8357334,4.8351936,2.4719493,"[5.079937934875488, 1.2692315578460693, 9.345852851867676, 3.4361157417297363, 6.726159572601318, 5.305476188659668, 8.205164909362793, 2.835733413696289, 4.835193634033203, 2.471949338912964]",1.0916562,5.691689,0,"[5.3655806 1.2702221 9.198152  3.5741282 6.570315  5.561966  8.121828
 2.7489474 4.534417  2.9537492]",0.7413533299741649,Look for anyone selling tickets
56,656,57,7,I would go to the concert and record it for Ted so he can watch it if he doesn't make it back in time. ,decision,,,Darya is on her way to a concert with her friends. As they approach the entrance her friend Ted realizes he forgot his ticket at his house. The concert is about to start and Ted would likely miss most of the concert if he returned to his house for his ticket.,is on way to a concert with friends . As approach the entrance friend Ted realizes forgot ticket at house . The concert is about to start and Ted likely miss most of the concert if returned to house for ticket . : go to the concert and record for Ted so can watch if does n't make back in time .,6.054481,1.7984585,10.688515,5.193121,6.3554034,3.3969016,8.431994,2.980509,4.7703166,3.6958609,"[6.054481029510498, 1.798458456993103, 10.688514709472656, 5.193120956420898, 6.355403423309326, 3.3969016075134277, 8.431994438171387, 2.980509042739868, 4.7703166007995605, 3.6958608627319336]",3.3019753,2.646723,10,"[ 6.0350957  1.7044297 10.5954275  5.2186604  6.316846   3.4331267
  8.475936   2.7918687  4.4011946  3.9598694]",0.5145884055033902,Darya and her friends could all listen to the concert from the parking lot
57,657,58,7,"I would feel bad for Ted but would still go in, maybe help buy a replacement ticket if available. ",decision,,,Darya is on her way to a concert with her friends. As they approach the entrance her friend Ted realizes he forgot his ticket at his house. The concert is about to start and Ted would likely miss most of the concert if he returned to his house for his ticket.,"is on way to a concert with friends . As approach the entrance friend Ted realizes forgot ticket at house . The concert is about to start and Ted likely miss most of the concert if returned to house for ticket . : feel bad for Ted but still go in , maybe help buy a replacement ticket if available .",6.1212173,1.5939075,10.907339,4.5193944,6.235683,2.8049023,8.255935,2.5099928,4.8615904,3.5005972,"[6.121217250823975, 1.5939074754714966, 10.907339096069336, 4.519394397735596, 6.235682964324951, 2.8049023151397705, 8.255934715270996, 2.509992837905884, 4.861590385437012, 3.5005972385406494]",3.3698034,1.5851569,6,"[ 6.265687   1.6498485 10.972007   4.614988   5.8489113  2.325574
  8.286291   2.8224268  4.7236633  3.9598396]",0.8632107809579825,Decide not to go to concert and instead hang out with Ted.
58,658,59,7,I would try to buy a new ticket for him.,decision,,,Darya is on her way to a concert with her friends. As they approach the entrance her friend Ted realizes he forgot his ticket at his house. The concert is about to start and Ted would likely miss most of the concert if he returned to his house for his ticket.,is on way to a concert with friends . As approach the entrance friend Ted realizes forgot ticket at house . The concert is about to start and Ted likely miss most of the concert if returned to house for ticket . : try to buy a new ticket for .,5.3481827,1.5850129,9.4488325,3.7918334,6.657713,5.310217,8.166646,2.8763065,4.69544,2.6933994,"[5.348182678222656, 1.5850129127502441, 9.448832511901855, 3.7918334007263184, 6.657712936401367, 5.310216903686523, 8.166646003723145, 2.8763065338134766, 4.69543981552124, 2.693399429321289]",1.4631985,5.2508874,0,"[5.3655806 1.2702221 9.198152  3.5741282 6.570315  5.561966  8.121828
 2.7489474 4.534417  2.9537492]",0.6265682341338339,Look for anyone selling tickets
59,659,60,7,See if Ted can buy a ticket at the door. If not then see if someone can bring the ticket to the venue so that Ted can at least catch some of the concert. ,decision,,,Darya is on her way to a concert with her friends. As they approach the entrance her friend Ted realizes he forgot his ticket at his house. The concert is about to start and Ted would likely miss most of the concert if he returned to his house for his ticket.,is on way to a concert with friends . As approach the entrance friend Ted realizes forgot ticket at house . The concert is about to start and Ted likely miss most of the concert if returned to house for ticket . : See if Ted can buy a ticket at the door . If not then see if someone can bring the ticket to the venue so that Ted can at least catch some of the concert .,5.8154173,1.569984,9.833637,4.2182126,6.549077,4.870718,8.1470785,2.717141,4.475524,3.175773,"[5.815417289733887, 1.569983959197998, 9.833637237548828, 4.218212604522705, 6.549077033996582, 4.870718002319336, 8.147078514099121, 2.7171409130096436, 4.475523948669434, 3.1757729053497314]",2.0254009,4.831486,7,"[ 6.0744877  1.6136857 10.175958   4.596031   6.4566236  4.374307
  8.231861   2.6766467  4.3928285  3.4267533]",0.8139941154977789,I would wait for my friend to retrieve the ticket himself or have someone bring the ticket to him.
60,660,61,7,I would pitch the idea that we all chip in to buy another ticket for him there.,decision,,,Darya is on her way to a concert with her friends. As they approach the entrance her friend Ted realizes he forgot his ticket at his house. The concert is about to start and Ted would likely miss most of the concert if he returned to his house for his ticket.,is on way to a concert with friends . As approach the entrance friend Ted realizes forgot ticket at house . The concert is about to start and Ted likely miss most of the concert if returned to house for ticket . : pitch the idea that all chip in to buy another ticket for there .,5.493905,1.0773786,9.467082,3.1417878,6.4714093,5.1526213,7.950647,2.475815,4.580626,2.7297316,"[5.493905067443848, 1.0773786306381226, 9.467082023620605, 3.1417877674102783, 6.471409320831299, 5.152621269226074, 7.950646877288818, 2.4758150577545166, 4.580626010894775, 2.729731559753418]",0.70421696,4.8460145,0,"[5.3655806 1.2702221 9.198152  3.5741282 6.570315  5.561966  8.121828
 2.7489474 4.534417  2.9537492]",0.804031312845632,Look for anyone selling tickets
61,661,62,7,Buy his ticket for him.,decision,,,Darya is on her way to a concert with her friends. As they approach the entrance her friend Ted realizes he forgot his ticket at his house. The concert is about to start and Ted would likely miss most of the concert if he returned to his house for his ticket.,is on way to a concert with friends . As approach the entrance friend Ted realizes forgot ticket at house . The concert is about to start and Ted likely miss most of the concert if returned to house for ticket . : Buy ticket for .,5.2528143,1.1242479,9.506815,2.8078485,6.696312,5.04848,8.040955,2.534049,4.700931,2.2148657,"[5.252814292907715, 1.1242479085922241, 9.506814956665039, 2.8078484535217285, 6.696311950683594, 5.048480033874512, 8.04095458984375, 2.5340490341186523, 4.700931072235107, 2.2148656845092773]",0.31438872,5.389176,5,"[4.901328   0.96364546 9.2391     2.67012    6.738846   5.2806845
 8.035381   2.6144583  4.893009   2.0630207 ]",0.6017902673474348,See if there were any tickets available and buy him one but have him reimburse me
62,662,63,7,Nothing,decision,,,Darya is on her way to a concert with her friends. As they approach the entrance her friend Ted realizes he forgot his ticket at his house. The concert is about to start and Ted would likely miss most of the concert if he returned to his house for his ticket.,is on way to a concert with friends . As approach the entrance friend Ted realizes forgot ticket at house . The concert is about to start and Ted likely miss most of the concert if returned to house for ticket . : Nothing,5.696689,1.4452966,10.590215,5.034136,6.3431354,3.0624955,8.666027,2.8338087,4.608461,3.9617505,"[5.696689128875732, 1.4452966451644897, 10.590214729309082, 5.034135818481445, 6.343135356903076, 3.062495470046997, 8.666027069091797, 2.833808660507202, 4.608460903167725, 3.9617505073547363]",2.3291621,3.9251401,10,"[ 6.0350957  1.7044297 10.5954275  5.2186604  6.316846   3.4331267
  8.475936   2.7918687  4.4011946  3.9598694]",0.6592879108836696,Darya and her friends could all listen to the concert from the parking lot
63,663,64,7,"The like and ted on the returns,",decision,,,Darya is on her way to a concert with her friends. As they approach the entrance her friend Ted realizes he forgot his ticket at his house. The concert is about to start and Ted would likely miss most of the concert if he returned to his house for his ticket.,"is on way to a concert with friends . As approach the entrance friend Ted realizes forgot ticket at house . The concert is about to start and Ted likely miss most of the concert if returned to house for ticket . : The like and ted on the returns ,",6.4860654,2.1476889,10.682259,5.4454165,6.75424,3.915602,8.409434,2.6221597,4.411317,3.604837,"[6.48606538772583, 2.147688865661621, 10.682258605957031, 5.445416450500488, 6.754240036010742, 3.915601968765259, 8.40943431854248, 2.622159719467163, 4.411316871643066, 3.604836940765381]",3.9276872,3.4551837,3,"[ 6.4198093  1.9720458 10.862053   5.365867   6.5569224  3.5447173
  8.288348   2.4836838  4.577658   3.5889297]",0.558698489995353,Let him go get it and I stay there
64,664,65,7,I'd ask Ted if he wants me to go back with him to his house and if we miss the concert then oh well we can go do something else,decision,,,Darya is on her way to a concert with her friends. As they approach the entrance her friend Ted realizes he forgot his ticket at his house. The concert is about to start and Ted would likely miss most of the concert if he returned to his house for his ticket.,is on way to a concert with friends . As approach the entrance friend Ted realizes forgot ticket at house . The concert is about to start and Ted likely miss most of the concert if returned to house for ticket . : 'd ask Ted if wants to go back with to house and if miss the concert then oh well can go do something else,6.364467,1.8551874,11.026296,5.1987658,6.3229394,3.1223931,8.162604,2.3444595,4.761428,3.587056,"[6.364467144012451, 1.8551874160766602, 11.02629566192627, 5.198765754699707, 6.322939395904541, 3.1223931312561035, 8.162604331970215, 2.3444595336914062, 4.761427879333496, 3.5870559215545654]",3.834424,2.1730843,3,"[ 6.4198093  1.9720458 10.862053   5.365867   6.5569224  3.5447173
  8.288348   2.4836838  4.577658   3.5889297]",0.6113040988394822,Let him go get it and I stay there
65,665,66,7,I would suggest he try to find an extra online,decision,,,Darya is on her way to a concert with her friends. As they approach the entrance her friend Ted realizes he forgot his ticket at his house. The concert is about to start and Ted would likely miss most of the concert if he returned to his house for his ticket.,is on way to a concert with friends . As approach the entrance friend Ted realizes forgot ticket at house . The concert is about to start and Ted likely miss most of the concert if returned to house for ticket . : suggest try to find an extra online,5.131595,1.2582742,9.390867,3.8340368,6.7476773,5.333423,8.276391,2.8258944,4.7888494,2.7295732,"[5.131595134735107, 1.2582741975784302, 9.390867233276367, 3.8340368270874023, 6.747677326202393, 5.333423137664795, 8.27639102935791, 2.825894355773926, 4.788849353790283, 2.7295732498168945]",1.6702955,5.48324,0,"[5.3655806 1.2702221 9.198152  3.5741282 6.570315  5.561966  8.121828
 2.7489474 4.534417  2.9537492]",0.6229559811338644,Look for anyone selling tickets
66,666,67,7,Go to the concert without Ted,decision,,,Darya is on her way to a concert with her friends. As they approach the entrance her friend Ted realizes he forgot his ticket at his house. The concert is about to start and Ted would likely miss most of the concert if he returned to his house for his ticket.,is on way to a concert with friends . As approach the entrance friend Ted realizes forgot ticket at house . The concert is about to start and Ted likely miss most of the concert if returned to house for ticket . : Go to the concert without Ted,6.7207813,1.8728366,10.95956,5.020333,5.587924,2.5203848,8.315034,3.1229317,4.2792544,4.2509575,"[6.720781326293945, 1.8728365898132324, 10.95956039428711, 5.0203328132629395, 5.587924003601074, 2.5203847885131836, 8.315033912658691, 3.122931718826294, 4.27925443649292, 4.250957489013672]",2.1228168,2.030897,1,"[ 6.5916095  1.8438394 10.823863   5.022656   5.6287236  2.7807322
  8.377738   3.243035   4.359949   4.1942124]",0.36534776003449654,"I would return with him for his ticket and we would see what we could of the concert together. If that were not an option, I would sell my ticket to someone outside of the theater and take the loss. I would not want to go alone, without my friend. That would be unkind to my friend and not very much fun for me either."
67,667,68,7,I'd tell Ted he can take my car back to the house to get his ticket but that I am already angry about the situation and don't want to miss the show. ,decision,,,Darya is on her way to a concert with her friends. As they approach the entrance her friend Ted realizes he forgot his ticket at his house. The concert is about to start and Ted would likely miss most of the concert if he returned to his house for his ticket.,is on way to a concert with friends . As approach the entrance friend Ted realizes forgot ticket at house . The concert is about to start and Ted likely miss most of the concert if returned to house for ticket . : 'd tell Ted can take car back to the house to get ticket but that am already angry about the situation and do n't want to miss the show .,6.22767,1.687877,11.032184,4.965038,6.1468763,2.806162,8.167072,2.4077811,4.8741517,3.6221378,"[6.227670192718506, 1.6878770589828491, 11.032183647155762, 4.965037822723389, 6.146876335144043, 2.806162118911743, 8.167072296142578, 2.4077811241149902, 4.874151706695557, 3.6221377849578857]",3.7729025,1.7607491,6,"[ 6.265687   1.6498485 10.972007   4.614988   5.8489113  2.325574
  8.286291   2.8224268  4.7236633  3.9598396]",0.8784243230919329,Decide not to go to concert and instead hang out with Ted.
68,668,69,7,"If this was the case, I would see if we can show the entrance staff he bought the ticket with his receipt online and showcase that, otherwise I would be willing to give up my ticket to him.",decision,,,Darya is on her way to a concert with her friends. As they approach the entrance her friend Ted realizes he forgot his ticket at his house. The concert is about to start and Ted would likely miss most of the concert if he returned to his house for his ticket.,"is on way to a concert with friends . As approach the entrance friend Ted realizes forgot ticket at house . The concert is about to start and Ted likely miss most of the concert if returned to house for ticket . : If this was the case , see if can show the entrance staff bought the ticket with receipt online and showcase that , otherwise be willing to give up ticket to .",5.676552,1.4078988,9.627618,4.20468,6.4060993,4.9530883,8.1667185,2.8122976,4.565149,3.295378,"[5.676551818847656, 1.4078987836837769, 9.627617835998535, 4.2046799659729, 6.406099319458008, 4.953088283538818, 8.166718482971191, 2.8122975826263428, 4.565148830413818, 3.2953779697418213]",2.423823,5.289009,7,"[ 6.0744877  1.6136857 10.175958   4.596031   6.4566236  4.374307
  8.231861   2.6766467  4.3928285  3.4267533]",1.030374873561488,I would wait for my friend to retrieve the ticket himself or have someone bring the ticket to him.
69,669,70,7,Go into the concert while he goes to get his ticket.,decision,,,Darya is on her way to a concert with her friends. As they approach the entrance her friend Ted realizes he forgot his ticket at his house. The concert is about to start and Ted would likely miss most of the concert if he returned to his house for his ticket.,is on way to a concert with friends . As approach the entrance friend Ted realizes forgot ticket at house . The concert is about to start and Ted likely miss most of the concert if returned to house for ticket . : Go into the concert while goes to get ticket .,6.3331823,1.9330621,10.449121,5.095343,6.37449,3.8396559,8.437696,3.0614676,4.4411325,3.7773545,"[6.333182334899902, 1.9330620765686035, 10.449121475219727, 5.095343112945557, 6.374489784240723, 3.839655876159668, 8.43769645690918, 3.0614676475524902, 4.441132545471191, 3.7773544788360596]",3.2026126,3.4086118,10,"[ 6.0350957  1.7044297 10.5954275  5.2186604  6.316846   3.4331267
  8.475936   2.7918687  4.4011946  3.9598694]",0.6748202556066155,Darya and her friends could all listen to the concert from the parking lot
70,670,71,7,"See if another ticket is available at the box office. If not, sorry Ted, I'm going in.",decision,,,Darya is on her way to a concert with her friends. As they approach the entrance her friend Ted realizes he forgot his ticket at his house. The concert is about to start and Ted would likely miss most of the concert if he returned to his house for his ticket.,"is on way to a concert with friends . As approach the entrance friend Ted realizes forgot ticket at house . The concert is about to start and Ted likely miss most of the concert if returned to house for ticket . : See if another ticket is available at the box office . If not , sorry Ted , 'm going in .",6.314991,2.0496912,10.516809,5.269515,6.7632213,4.247343,8.257313,2.5785975,4.5886827,3.381202,"[6.314990997314453, 2.0496912002563477, 10.516809463500977, 5.269515037536621, 6.763221263885498, 4.247343063354492, 8.257312774658203, 2.5785975456237793, 4.588682651519775, 3.381201982498169]",3.512829,3.925912,3,"[ 6.4198093  1.9720458 10.862053   5.365867   6.5569224  3.5447173
  8.288348   2.4836838  4.577658   3.5889297]",0.8573090199823599,Let him go get it and I stay there
71,671,72,7, friend Ted realizes he forgot his ticket at his house,decision,,,Darya is on her way to a concert with her friends. As they approach the entrance her friend Ted realizes he forgot his ticket at his house. The concert is about to start and Ted would likely miss most of the concert if he returned to his house for his ticket.,is on way to a concert with friends . As approach the entrance friend Ted realizes forgot ticket at house . The concert is about to start and Ted likely miss most of the concert if returned to house for ticket . : friend Ted realizes forgot ticket at house,6.293266,1.8995938,10.4716015,5.221549,6.5033817,3.8241835,8.456261,2.762337,4.475479,3.6883123,"[6.2932658195495605, 1.8995938301086426, 10.471601486206055, 5.221549034118652, 6.503381729125977, 3.824183464050293, 8.456260681152344, 2.7623369693756104, 4.4754791259765625, 3.688312292098999]",3.5008311,3.3395383,10,"[ 6.0350957  1.7044297 10.5954275  5.2186604  6.316846   3.4331267
  8.475936   2.7918687  4.4011946  3.9598694]",0.623156297864334,Darya and her friends could all listen to the concert from the parking lot
72,672,73,7,Ask Ted if there is someone he can call to bring the ticket and then offer to miss the concert with him,decision,,,Darya is on her way to a concert with her friends. As they approach the entrance her friend Ted realizes he forgot his ticket at his house. The concert is about to start and Ted would likely miss most of the concert if he returned to his house for his ticket.,is on way to a concert with friends . As approach the entrance friend Ted realizes forgot ticket at house . The concert is about to start and Ted likely miss most of the concert if returned to house for ticket . : Ask Ted if there is someone can call to bring the ticket and then offer to miss the concert with,5.8244653,1.0176741,10.231803,3.1955152,6.3423653,3.985684,7.8737936,2.2135508,4.7648263,2.6520011,"[5.824465274810791, 1.0176740884780884, 10.231802940368652, 3.1955151557922363, 6.342365264892578, 3.9856839179992676, 7.873793601989746, 2.2135508060455322, 4.76482629776001, 2.652001142501831]",0.7129193,3.6736171,4,"[ 5.6905556  1.0821797 10.038611   3.213778   6.430102   4.3516946
  7.912626   2.3025432  4.7172823  2.5783617]",0.4674629045394833,TELL HIM TO BUY ANOTHER TICKET
73,673,74,7,call and stop it,decision,,,Darya is on her way to a concert with her friends. As they approach the entrance her friend Ted realizes he forgot his ticket at his house. The concert is about to start and Ted would likely miss most of the concert if he returned to his house for his ticket.,is on way to a concert with friends . As approach the entrance friend Ted realizes forgot ticket at house . The concert is about to start and Ted likely miss most of the concert if returned to house for ticket . : call and stop,5.9670343,1.4192449,10.227748,4.7058134,6.3038883,4.046632,8.272281,2.328157,4.398162,3.5991309,"[5.967034339904785, 1.4192448854446411, 10.227747917175293, 4.705813407897949, 6.303888320922852, 4.046631813049316, 8.2722806930542, 2.3281569480895996, 4.398161888122559, 3.599130868911743]",2.9341166,3.781248,7,"[ 6.0744877  1.6136857 10.175958   4.596031   6.4566236  4.374307
  8.231861   2.6766467  4.3928285  3.4267533]",0.5895831936376139,I would wait for my friend to retrieve the ticket himself or have someone bring the ticket to him.
74,674,75,7,"I would return with him for his ticket and we would see what we could of the concert together. If that were not an option, I would sell my ticket to someone outside of the theater and take the loss. I would not want to go alone, without my friend. That would be unkind to my friend and not very much fun for me either.",decision,,,Darya is on her way to a concert with her friends. As they approach the entrance her friend Ted realizes he forgot his ticket at his house. The concert is about to start and Ted would likely miss most of the concert if he returned to his house for his ticket.,"is on way to a concert with friends . As approach the entrance friend Ted realizes forgot ticket at house . The concert is about to start and Ted likely miss most of the concert if returned to house for ticket . : return with for ticket and see what of the concert together . If that were not an option , sell ticket to someone outside of the theater and take the loss . not want to go alone , without friend . That be unkind to friend and not very much fun for either .",6.657737,1.8227443,10.938301,4.985322,5.698775,2.7879915,8.477664,3.1605139,4.2989216,4.0582466,"[6.657736778259277, 1.8227442502975464, 10.938301086425781, 4.985321998596191, 5.698774814605713, 2.787991523742676, 8.47766399383545, 3.1605138778686523, 4.298921585083008, 4.058246612548828]",2.3292096,1.9966522,1,"[ 6.5916095  1.8438394 10.823863   5.022656   5.6287236  2.7807322
  8.377738   3.243035   4.359949   4.1942124]",0.2515424511360539,"I would return with him for his ticket and we would see what we could of the concert together. If that were not an option, I would sell my ticket to someone outside of the theater and take the loss. I would not want to go alone, without my friend. That would be unkind to my friend and not very much fun for me either."
75,675,76,7,I would give my friend my ticket and tell him he owes me one.,decision,,,Darya is on her way to a concert with her friends. As they approach the entrance her friend Ted realizes he forgot his ticket at his house. The concert is about to start and Ted would likely miss most of the concert if he returned to his house for his ticket.,is on way to a concert with friends . As approach the entrance friend Ted realizes forgot ticket at house . The concert is about to start and Ted likely miss most of the concert if returned to house for ticket . : give friend ticket and tell owes one .,6.2191415,0.9257095,10.6344385,2.7448306,6.5850744,4.013167,7.68211,1.6285869,4.5477114,2.0210435,"[6.219141483306885, 0.9257094860076904, 10.634438514709473, 2.74483060836792, 6.585074424743652, 4.013166904449463, 7.682109832763672, 1.6285868883132935, 4.547711372375488, 2.021043539047241]",-0.51619005,3.4269338,8,"[ 6.206129   0.8477411 10.542283   2.8365161  6.434092   3.902594
  7.6392226  1.7240117  4.5328426  2.3152208]",0.3948111432064884,She could give Ted her ticket instead.
76,676,77,7,"I would say that Ted should go back and get his ticket, he forgot it and I do not see them letting him into to concert without it.",decision,,,Darya is on her way to a concert with her friends. As they approach the entrance her friend Ted realizes he forgot his ticket at his house. The concert is about to start and Ted would likely miss most of the concert if he returned to his house for his ticket.,"is on way to a concert with friends . As approach the entrance friend Ted realizes forgot ticket at house . The concert is about to start and Ted likely miss most of the concert if returned to house for ticket . : say that Ted go back and get ticket , forgot and do not see letting into to concert without .",6.0856,1.6355821,10.640687,5.035736,6.079753,2.9992943,8.615596,3.146774,4.559007,4.0360494,"[6.085599899291992, 1.6355820894241333, 10.640686988830566, 5.035736083984375, 6.0797529220581055, 2.9992942810058594, 8.615595817565918, 3.1467740535736084, 4.559007167816162, 4.0360493659973145]",2.7138252,2.3261237,10,"[ 6.0350957  1.7044297 10.5954275  5.2186604  6.316846   3.4331267
  8.475936   2.7918687  4.4011946  3.9598694]",0.6807311694785089,Darya and her friends could all listen to the concert from the parking lot
77,677,78,7,Help Him buy another ticket,decision,,,Darya is on her way to a concert with her friends. As they approach the entrance her friend Ted realizes he forgot his ticket at his house. The concert is about to start and Ted would likely miss most of the concert if he returned to his house for his ticket.,is on way to a concert with friends . As approach the entrance friend Ted realizes forgot ticket at house . The concert is about to start and Ted likely miss most of the concert if returned to house for ticket . : Help Him buy another ticket,5.339515,1.1160544,9.554752,3.0200262,6.615141,5.064546,7.933464,2.4658716,4.7706995,2.3283606,"[5.339515209197998, 1.1160544157028198, 9.554752349853516, 3.020026206970215, 6.615140914916992, 5.06454610824585, 7.933464050292969, 2.465871572494507, 4.770699501037598, 2.3283605575561523]",0.3445367,4.9503727,5,"[4.901328   0.96364546 9.2391     2.67012    6.738846   5.2806845
 8.035381   2.6144583  4.893009   2.0630207 ]",0.7855925531466772,See if there were any tickets available and buy him one but have him reimburse me
78,678,79,7,I would give Ted my ticket and I would skip out.,decision,,,Darya is on her way to a concert with her friends. As they approach the entrance her friend Ted realizes he forgot his ticket at his house. The concert is about to start and Ted would likely miss most of the concert if he returned to his house for his ticket.,is on way to a concert with friends . As approach the entrance friend Ted realizes forgot ticket at house . The concert is about to start and Ted likely miss most of the concert if returned to house for ticket . : give Ted ticket and skip out .,6.201637,1.032897,10.699954,3.3253522,6.1420255,3.217106,7.8032126,2.0987244,4.669919,2.931258,"[6.201636791229248, 1.0328969955444336, 10.69995403289795, 3.325352191925049, 6.142025470733643, 3.2171061038970947, 7.803212642669678, 2.098724365234375, 4.669919013977051, 2.931257963180542]",0.94143045,2.187302,8,"[ 6.206129   0.8477411 10.542283   2.8365161  6.434092   3.902594
  7.6392226  1.7240117  4.5328426  2.3152208]",1.1911819241674895,She could give Ted her ticket instead.
79,679,80,7,"If tickets are available, have Ted and/or friends purchase another ticket.  Other than that, that is Ted's problem.",decision,,,Darya is on her way to a concert with her friends. As they approach the entrance her friend Ted realizes he forgot his ticket at his house. The concert is about to start and Ted would likely miss most of the concert if he returned to his house for his ticket.,"is on way to a concert with friends . As approach the entrance friend Ted realizes forgot ticket at house . The concert is about to start and Ted likely miss most of the concert if returned to house for ticket . : If tickets are available , have Ted and/or friends purchase another ticket . Other than that , that is Ted 's problem .",5.6461124,1.6068413,9.644284,4.0357337,6.5603237,5.0732408,8.156197,2.7507231,4.5464244,3.0300636,"[5.646112442016602, 1.6068413257598877, 9.64428424835205, 4.035733699798584, 6.560323715209961, 5.073240756988525, 8.156196594238281, 2.750723123550415, 4.546424388885498, 3.0300636291503906]",2.2050993,5.036338,0,"[5.3655806 1.2702221 9.198152  3.5741282 6.570315  5.561966  8.121828
 2.7489474 4.534417  2.9537492]",0.9220787615918441,Look for anyone selling tickets
80,680,81,7,I would throw him the keys and tell him to go get his ticket and get back to the concert I will save you a spot man!,decision,,,Darya is on her way to a concert with her friends. As they approach the entrance her friend Ted realizes he forgot his ticket at his house. The concert is about to start and Ted would likely miss most of the concert if he returned to his house for his ticket.,is on way to a concert with friends . As approach the entrance friend Ted realizes forgot ticket at house . The concert is about to start and Ted likely miss most of the concert if returned to house for ticket . : throw the keys and tell to go get ticket and get back to the concert will save a spot man !,6.2837396,1.8189212,10.907287,5.5508494,6.456215,3.6462507,8.067079,2.1475034,4.635664,3.5338624,"[6.2837395668029785, 1.8189212083816528, 10.907286643981934, 5.550849437713623, 6.456214904785156, 3.6462507247924805, 8.067078590393066, 2.14750337600708, 4.635663986206055, 3.533862352371216]",4.6503253,2.911153,3,"[ 6.4198093  1.9720458 10.862053   5.365867   6.5569224  3.5447173
  8.288348   2.4836838  4.577658   3.5889297]",0.5167710465371077,Let him go get it and I stay there
81,681,82,7,I would wait for my friend to retrieve the ticket himself or have someone bring the ticket to him.,decision,,,Darya is on her way to a concert with her friends. As they approach the entrance her friend Ted realizes he forgot his ticket at his house. The concert is about to start and Ted would likely miss most of the concert if he returned to his house for his ticket.,is on way to a concert with friends . As approach the entrance friend Ted realizes forgot ticket at house . The concert is about to start and Ted likely miss most of the concert if returned to house for ticket . : wait for friend to retrieve the ticket or have someone bring the ticket to .,6.0233407,1.5202994,10.136745,4.4265146,6.343734,4.3715067,8.171103,2.6691833,4.2928424,3.5130603,"[6.023340702056885, 1.5202994346618652, 10.13674545288086, 4.426514625549316, 6.343733787536621, 4.371506690979004, 8.171102523803711, 2.6691832542419434, 4.292842388153076, 3.5130603313446045]",2.5800836,4.0673685,7,"[ 6.0744877  1.6136857 10.175958   4.596031   6.4566236  4.374307
  8.231861   2.6766467  4.3928285  3.4267533]",0.27487424630185886,I would wait for my friend to retrieve the ticket himself or have someone bring the ticket to him.
82,682,83,7,"I would tell Ted to drop us at the concert and go get his ticket, this is why you ensure you have these things before leaving your house.",decision,,,Darya is on her way to a concert with her friends. As they approach the entrance her friend Ted realizes he forgot his ticket at his house. The concert is about to start and Ted would likely miss most of the concert if he returned to his house for his ticket.,"is on way to a concert with friends . As approach the entrance friend Ted realizes forgot ticket at house . The concert is about to start and Ted likely miss most of the concert if returned to house for ticket . : tell Ted to drop at the concert and go get ticket , this is why ensure have these things before leaving house .",6.5532656,2.0609522,10.854355,5.2755175,6.7599764,3.7851043,8.309026,2.4432309,4.367041,3.5337045,"[6.553265571594238, 2.0609521865844727, 10.854354858398438, 5.275517463684082, 6.759976387023926, 3.785104274749756, 8.309025764465332, 2.4432308673858643, 4.367041110992432, 3.5337045192718506]",3.8691773,3.3402543,3,"[ 6.4198093  1.9720458 10.862053   5.365867   6.5569224  3.5447173
  8.288348   2.4836838  4.577658   3.5889297]",0.4271152123258071,Let him go get it and I stay there
83,683,84,7,get the ticket,decision,,,Darya is on her way to a concert with her friends. As they approach the entrance her friend Ted realizes he forgot his ticket at his house. The concert is about to start and Ted would likely miss most of the concert if he returned to his house for his ticket.,is on way to a concert with friends . As approach the entrance friend Ted realizes forgot ticket at house . The concert is about to start and Ted likely miss most of the concert if returned to house for ticket . : get the ticket,6.1123314,1.6501975,10.46924,4.504672,6.962876,4.1192894,8.514627,2.7239463,4.3446584,3.1084461,"[6.112331390380859, 1.6501975059509277, 10.469240188598633, 4.504672050476074, 6.962875843048096, 4.119289398193359, 8.514627456665039, 2.7239463329315186, 4.344658374786377, 3.1084461212158203]",3.3497996,4.2773914,7,"[ 6.0744877  1.6136857 10.175958   4.596031   6.4566236  4.374307
  8.231861   2.6766467  4.3928285  3.4267533]",0.7773581412694244,I would wait for my friend to retrieve the ticket himself or have someone bring the ticket to him.
84,684,85,7,I would buy him another ticket.,decision,,,Darya is on her way to a concert with her friends. As they approach the entrance her friend Ted realizes he forgot his ticket at his house. The concert is about to start and Ted would likely miss most of the concert if he returned to his house for his ticket.,is on way to a concert with friends . As approach the entrance friend Ted realizes forgot ticket at house . The concert is about to start and Ted likely miss most of the concert if returned to house for ticket . : buy another ticket .,5.1599884,1.3718872,9.392628,3.3109145,6.6611094,5.215194,8.142176,2.8599334,4.795218,2.4551566,"[5.1599884033203125, 1.37188720703125, 9.392627716064453, 3.3109145164489746, 6.661109447479248, 5.215194225311279, 8.142175674438477, 2.859933376312256, 4.795217990875244, 2.4551565647125244]",0.92470485,5.4732513,0,"[5.3655806 1.2702221 9.198152  3.5741282 6.570315  5.561966  8.121828
 2.7489474 4.534417  2.9537492]",0.7858397939610304,Look for anyone selling tickets
85,685,86,7,Don't forgot the ticket at any time,decision,,,Darya is on her way to a concert with her friends. As they approach the entrance her friend Ted realizes he forgot his ticket at his house. The concert is about to start and Ted would likely miss most of the concert if he returned to his house for his ticket.,is on way to a concert with friends . As approach the entrance friend Ted realizes forgot ticket at house . The concert is about to start and Ted likely miss most of the concert if returned to house for ticket . : Do n't forgot the ticket at any time,6.2235956,1.992482,10.417846,5.139576,6.8752093,3.971424,8.625414,2.9783728,4.5055475,3.5649443,"[6.22359561920166, 1.9924819469451904, 10.417845726013184, 5.139575958251953, 6.875209331512451, 3.971424102783203, 8.62541389465332, 2.978372812271118, 4.505547523498535, 3.564944267272949]",3.635784,3.7810748,3,"[ 6.4198093  1.9720458 10.862053   5.365867   6.5569224  3.5447173
  8.288348   2.4836838  4.577658   3.5889297]",0.9669209614025008,Let him go get it and I stay there
86,686,87,7,try to sneak ted in ,decision,,,Darya is on her way to a concert with her friends. As they approach the entrance her friend Ted realizes he forgot his ticket at his house. The concert is about to start and Ted would likely miss most of the concert if he returned to his house for his ticket.,is on way to a concert with friends . As approach the entrance friend Ted realizes forgot ticket at house . The concert is about to start and Ted likely miss most of the concert if returned to house for ticket . : try to sneak ted in,6.702839,2.880316,9.467312,6.5750484,4.326788,4.5376463,6.540545,6.839116,7.7254505,3.8521836,"[6.702838897705078, 2.8803160190582275, 9.46731185913086, 6.575048446655273, 4.326787948608398, 4.537646293640137, 6.5405449867248535, 6.839116096496582, 7.72545051574707, 3.8521835803985596]",3.7652662,-4.2493725,2,"[6.8363514 2.8741455 9.481334  6.758397  4.156641  4.434169  6.7097034
 6.9165583 7.639739  3.608533 ]",0.43892887537487857,Sneak inside without the ticket.
87,687,88,7,It was his responsibility and I have my ticket. So I would proceed to go in.,decision,,,Darya is on her way to a concert with her friends. As they approach the entrance her friend Ted realizes he forgot his ticket at his house. The concert is about to start and Ted would likely miss most of the concert if he returned to his house for his ticket.,is on way to a concert with friends . As approach the entrance friend Ted realizes forgot ticket at house . The concert is about to start and Ted likely miss most of the concert if returned to house for ticket . : was responsibility and have ticket . So proceed to go in .,6.167583,1.6532712,10.564606,4.9951515,5.9747357,3.2156293,8.558995,3.2881706,4.527283,4.0135965,"[6.167582988739014, 1.653271198272705, 10.564605712890625, 4.995151519775391, 5.974735736846924, 3.2156293392181396, 8.558995246887207, 3.288170576095581, 4.527283191680908, 4.013596534729004]",2.6328604,2.6100228,10,"[ 6.0350957  1.7044297 10.5954275  5.2186604  6.316846   3.4331267
  8.475936   2.7918687  4.4011946  3.9598694]",0.712334247982287,Darya and her friends could all listen to the concert from the parking lot
88,688,89,7,I buy another tickets,decision,,,Darya is on her way to a concert with her friends. As they approach the entrance her friend Ted realizes he forgot his ticket at his house. The concert is about to start and Ted would likely miss most of the concert if he returned to his house for his ticket.,is on way to a concert with friends . As approach the entrance friend Ted realizes forgot ticket at house . The concert is about to start and Ted likely miss most of the concert if returned to house for ticket . : buy another tickets,4.68837,0.799884,9.06909,2.5118582,6.789973,5.2482424,7.985097,2.6196914,4.999,1.9298471,"[4.688370227813721, 0.799884021282196, 9.069089889526367, 2.5118582248687744, 6.78997278213501, 5.248242378234863, 7.9850969314575195, 2.6196913719177246, 4.999000072479248, 1.9298471212387085]",-0.36978495,6.031726,5,"[4.901328   0.96364546 9.2391     2.67012    6.738846   5.2806845
 8.035381   2.6144583  4.893009   2.0630207 ]",0.4016352470024449,See if there were any tickets available and buy him one but have him reimburse me
89,689,90,7,II would go in the concert and hope Ted doesn't miss too much of it.,decision,,,Darya is on her way to a concert with her friends. As they approach the entrance her friend Ted realizes he forgot his ticket at his house. The concert is about to start and Ted would likely miss most of the concert if he returned to his house for his ticket.,is on way to a concert with friends . As approach the entrance friend Ted realizes forgot ticket at house . The concert is about to start and Ted likely miss most of the concert if returned to house for ticket . : II go in the concert and hope Ted does n't miss too much of .,6.4995713,2.0354247,10.939277,5.7210793,6.492335,3.6058722,8.203364,2.4082904,4.60353,3.677288,"[6.499571323394775, 2.0354247093200684, 10.939276695251465, 5.721079349517822, 6.492334842681885, 3.60587215423584, 8.203364372253418, 2.408290386199951, 4.603529930114746, 3.677288055419922]",4.05257,2.8417015,3,"[ 6.4198093  1.9720458 10.862053   5.365867   6.5569224  3.5447173
  8.288348   2.4836838  4.577658   3.5889297]",0.41450275953443966,Let him go get it and I stay there
90,690,91,7,Offer to buy Ted a ticket if I had the money.,decision,,,Darya is on her way to a concert with her friends. As they approach the entrance her friend Ted realizes he forgot his ticket at his house. The concert is about to start and Ted would likely miss most of the concert if he returned to his house for his ticket.,is on way to a concert with friends . As approach the entrance friend Ted realizes forgot ticket at house . The concert is about to start and Ted likely miss most of the concert if returned to house for ticket . : Offer to buy Ted a ticket if had the money .,5.766222,0.9717753,10.177909,2.9712377,6.3889465,4.1654463,7.8036003,2.129181,4.7303376,2.4609947,"[5.76622200012207, 0.9717752933502197, 10.177908897399902, 2.9712376594543457, 6.388946533203125, 4.1654462814331055, 7.803600311279297, 2.129180908203125, 4.730337619781494, 2.4609947204589844]",0.36024722,3.8674648,4,"[ 5.6905556  1.0821797 10.038611   3.213778   6.430102   4.3516946
  7.912626   2.3025432  4.7172823  2.5783617]",0.4340654657828696,TELL HIM TO BUY ANOTHER TICKET
91,691,92,7,return and get the ticket. ,decision,,,Darya is on her way to a concert with her friends. As they approach the entrance her friend Ted realizes he forgot his ticket at his house. The concert is about to start and Ted would likely miss most of the concert if he returned to his house for his ticket.,is on way to a concert with friends . As approach the entrance friend Ted realizes forgot ticket at house . The concert is about to start and Ted likely miss most of the concert if returned to house for ticket . : return and get the ticket .,6.4019527,2.1051495,10.550348,5.243386,6.9323726,4.091921,8.503982,2.7416358,4.3907847,3.4871786,"[6.401952743530273, 2.105149507522583, 10.550348281860352, 5.2433857917785645, 6.932372570037842, 4.091920852661133, 8.503981590270996, 2.741635799407959, 4.390784740447998, 3.4871785640716553]",3.8773656,3.834601,3,"[ 6.4198093  1.9720458 10.862053   5.365867   6.5569224  3.5447173
  8.288348   2.4836838  4.577658   3.5889297]",0.8537583881987414,Let him go get it and I stay there
92,692,93,7,Try to find a scalper close by and go to the concert with or without him,decision,,,Darya is on her way to a concert with her friends. As they approach the entrance her friend Ted realizes he forgot his ticket at his house. The concert is about to start and Ted would likely miss most of the concert if he returned to his house for his ticket.,is on way to a concert with friends . As approach the entrance friend Ted realizes forgot ticket at house . The concert is about to start and Ted likely miss most of the concert if returned to house for ticket . : Try to find a scalper close by and go to the concert with or without,5.5310826,1.1119039,8.862917,3.5439126,6.417216,5.9681463,8.0087805,2.6224515,4.2704487,3.4172196,"[5.531082630157471, 1.1119039058685303, 8.862916946411133, 3.543912649154663, 6.417215824127197, 5.968146324157715, 8.008780479431152, 2.6224515438079834, 4.270448684692383, 3.417219638824463]",1.9560505,6.3705306,0,"[5.3655806 1.2702221 9.198152  3.5741282 6.570315  5.561966  8.121828
 2.7489474 4.534417  2.9537492]",0.8169686760963449,Look for anyone selling tickets
93,693,94,7,Give him my ticket.,decision,,,Darya is on her way to a concert with her friends. As they approach the entrance her friend Ted realizes he forgot his ticket at his house. The concert is about to start and Ted would likely miss most of the concert if he returned to his house for his ticket.,is on way to a concert with friends . As approach the entrance friend Ted realizes forgot ticket at house . The concert is about to start and Ted likely miss most of the concert if returned to house for ticket . : Give ticket .,6.278484,0.84705013,10.563889,2.8781178,6.4866858,3.9740965,7.624201,1.658612,4.406286,2.3106194,"[6.278483867645264, 0.847050130367279, 10.563888549804688, 2.878117799758911, 6.486685752868652, 3.9740965366363525, 7.624200820922852, 1.6586120128631592, 4.406285762786865, 2.310619354248047]",-0.11780593,3.1460834,8,"[ 6.206129   0.8477411 10.542283   2.8365161  6.434092   3.902594
  7.6392226  1.7240117  4.5328426  2.3152208]",0.189347487424514,She could give Ted her ticket instead.
94,694,95,7,Pay for another ticket,decision,,,Darya is on her way to a concert with her friends. As they approach the entrance her friend Ted realizes he forgot his ticket at his house. The concert is about to start and Ted would likely miss most of the concert if he returned to his house for his ticket.,is on way to a concert with friends . As approach the entrance friend Ted realizes forgot ticket at house . The concert is about to start and Ted likely miss most of the concert if returned to house for ticket . : Pay for another ticket,4.7830553,0.8357721,9.205514,2.482697,6.7854586,5.2692776,8.004583,2.5818458,4.9844904,1.9269295,"[4.783055305480957, 0.8357720971107483, 9.205513954162598, 2.482697010040283, 6.785458564758301, 5.269277572631836, 8.004583358764648, 2.581845760345459, 4.984490394592285, 1.9269294738769531]",-0.30135763,5.8485575,5,"[4.901328   0.96364546 9.2391     2.67012    6.738846   5.2806845
 8.035381   2.6144583  4.893009   2.0630207 ]",0.3127300293294011,See if there were any tickets available and buy him one but have him reimburse me
95,695,96,7,Let him go get it and I stay there,decision,,,Darya is on her way to a concert with her friends. As they approach the entrance her friend Ted realizes he forgot his ticket at his house. The concert is about to start and Ted would likely miss most of the concert if he returned to his house for his ticket.,is on way to a concert with friends . As approach the entrance friend Ted realizes forgot ticket at house . The concert is about to start and Ted likely miss most of the concert if returned to house for ticket . : Let go get and stay there,6.405015,1.9628804,10.862156,5.2569222,6.788671,3.56368,8.404448,2.5676997,4.3680406,3.7370956,"[6.405014991760254, 1.9628803730010986, 10.86215591430664, 5.256922245025635, 6.788671016693115, 3.5636799335479736, 8.404447555541992, 2.567699670791626, 4.368040561676025, 3.737095594406128]",3.4398868,2.9025807,3,"[ 6.4198093  1.9720458 10.862053   5.365867   6.5569224  3.5447173
  8.288348   2.4836838  4.577658   3.5889297]",0.3907291611148075,Let him go get it and I stay there
96,696,97,7,See if there were any tickets available and buy him one but have him reimburse me,decision,,,Darya is on her way to a concert with her friends. As they approach the entrance her friend Ted realizes he forgot his ticket at his house. The concert is about to start and Ted would likely miss most of the concert if he returned to his house for his ticket.,is on way to a concert with friends . As approach the entrance friend Ted realizes forgot ticket at house . The concert is about to start and Ted likely miss most of the concert if returned to house for ticket . : See if there were any tickets available and buy one but have reimburse,4.900232,1.050619,9.192782,2.7440064,6.679866,5.2913156,8.007861,2.6882699,5.001082,2.06324,"[4.900231838226318, 1.0506190061569214, 9.192782402038574, 2.744006395339966, 6.679865837097168, 5.29131555557251, 8.007861137390137, 2.688269853591919, 5.001081943511963, 2.0632400512695312]",-0.26152322,5.905238,5,"[4.901328   0.96364546 9.2391     2.67012    6.738846   5.2806845
 8.035381   2.6144583  4.893009   2.0630207 ]",0.1914343012018528,See if there were any tickets available and buy him one but have him reimburse me
97,697,98,7,"Skip the concert, go out to eat with Ted.",decision,,,Darya is on her way to a concert with her friends. As they approach the entrance her friend Ted realizes he forgot his ticket at his house. The concert is about to start and Ted would likely miss most of the concert if he returned to his house for his ticket.,"is on way to a concert with friends . As approach the entrance friend Ted realizes forgot ticket at house . The concert is about to start and Ted likely miss most of the concert if returned to house for ticket . : Skip the concert , go out to eat with Ted .",6.3318577,1.6708959,10.972778,4.5113974,5.743867,2.096389,8.235069,2.812536,4.7065845,4.060775,"[6.331857681274414, 1.6708959341049194, 10.9727783203125, 4.511397361755371, 5.743866920471191, 2.096389055252075, 8.235069274902344, 2.8125360012054443, 4.706584453582764, 4.060774803161621]",2.3058517,1.1935362,6,"[ 6.265687   1.6498485 10.972007   4.614988   5.8489113  2.325574
  8.286291   2.8224268  4.7236633  3.9598396]",0.30383264286659367,Decide not to go to concert and instead hang out with Ted.
98,698,99,7,Tell Ted I will video the concert and he should really hurry to get his ticket.,decision,,,Darya is on her way to a concert with her friends. As they approach the entrance her friend Ted realizes he forgot his ticket at his house. The concert is about to start and Ted would likely miss most of the concert if he returned to his house for his ticket.,is on way to a concert with friends . As approach the entrance friend Ted realizes forgot ticket at house . The concert is about to start and Ted likely miss most of the concert if returned to house for ticket . : Tell Ted will video the concert and really hurry to get ticket .,6.0557785,1.8032099,10.738964,5.264915,6.4156084,3.4197967,8.419115,2.8869588,4.738314,3.696541,"[6.055778503417969, 1.803209900856018, 10.738964080810547, 5.2649149894714355, 6.4156084060668945, 3.4197967052459717, 8.41911506652832, 2.8869588375091553, 4.738314151763916, 3.6965410709381104]",3.3972938,2.720464,10,"[ 6.0350957  1.7044297 10.5954275  5.2186604  6.316846   3.4331267
  8.475936   2.7918687  4.4011946  3.9598694]",0.487976861272358,Darya and her friends could all listen to the concert from the parking lot
99,699,100,7,"Ted has to go get his ticket, or call home to see if someone can bring it.",decision,,,Darya is on her way to a concert with her friends. As they approach the entrance her friend Ted realizes he forgot his ticket at his house. The concert is about to start and Ted would likely miss most of the concert if he returned to his house for his ticket.,"is on way to a concert with friends . As approach the entrance friend Ted realizes forgot ticket at house . The concert is about to start and Ted likely miss most of the concert if returned to house for ticket . : Ted has to go get ticket , or call home to see if someone can bring .",6.272889,1.8295262,10.284168,4.6903763,6.6184835,4.5055447,8.181775,2.5454962,4.2673707,3.3726141,"[6.272889137268066, 1.8295261859893799, 10.284168243408203, 4.690376281738281, 6.618483543395996, 4.505544662475586, 8.181775093078613, 2.5454962253570557, 4.267370700836182, 3.3726141452789307]",3.3658626,4.164445,7,"[ 6.0744877  1.6136857 10.175958   4.596031   6.4566236  4.374307
  8.231861   2.6766467  4.3928285  3.4267533]",0.4340074389626476,I would wait for my friend to retrieve the ticket himself or have someone bring the ticket to him.
100,2277,122,7,go in with the rest of her friends,pg,1.0,65.6666666666667,Darya is on her way to a concert with her friends. As they approach the entrance her friend Ted realizes he forgot his ticket at his house. The concert is about to start and Ted would likely miss most of the concert if he returned to his house for his ticket.,is on way to a concert with friends . As approach the entrance friend Ted realizes forgot ticket at house . The concert is about to start and Ted likely miss most of the concert if returned to house for ticket . : go in with the rest of friends,6.3715954,1.7863764,10.564458,4.9930263,5.784513,3.2676597,8.439272,3.412627,4.458457,4.0870166,"[6.37159538269043, 1.7863763570785522, 10.564457893371582, 4.993026256561279, 5.784512996673584, 3.2676596641540527, 8.439271926879883, 3.4126269817352295, 4.458456993103027, 4.087016582489014]",2.1200883,2.7440295,1,"[ 6.5916095  1.8438394 10.823863   5.022656   5.6287236  2.7807322
  8.377738   3.243035   4.359949   4.1942124]",0.65953655630175,"I would return with him for his ticket and we would see what we could of the concert together. If that were not an option, I would sell my ticket to someone outside of the theater and take the loss. I would not want to go alone, without my friend. That would be unkind to my friend and not very much fun for me either."
101,2278,123,7,Go inside without Ted,pg,1.0,8.33333333333333,Darya is on her way to a concert with her friends. As they approach the entrance her friend Ted realizes he forgot his ticket at his house. The concert is about to start and Ted would likely miss most of the concert if he returned to his house for his ticket.,is on way to a concert with friends . As approach the entrance friend Ted realizes forgot ticket at house . The concert is about to start and Ted likely miss most of the concert if returned to house for ticket . : Go inside without Ted,6.388983,1.8539356,10.55186,5.128857,5.800224,3.408101,8.285567,3.22906,4.435172,4.122967,"[6.388982772827148, 1.8539355993270874, 10.551859855651855, 5.128857135772705, 5.8002238273620605, 3.4081010818481445, 8.285567283630371, 3.229059934616089, 4.435172080993652, 4.122966766357422]",2.4516525,2.737815,1,"[ 6.5916095  1.8438394 10.823863   5.022656   5.6287236  2.7807322
  8.377738   3.243035   4.359949   4.1942124]",0.7542235792277615,"I would return with him for his ticket and we would see what we could of the concert together. If that were not an option, I would sell my ticket to someone outside of the theater and take the loss. I would not want to go alone, without my friend. That would be unkind to my friend and not very much fun for me either."
102,2279,127,7,go without him,pg,1.0,10.0,Darya is on her way to a concert with her friends. As they approach the entrance her friend Ted realizes he forgot his ticket at his house. The concert is about to start and Ted would likely miss most of the concert if he returned to his house for his ticket.,is on way to a concert with friends . As approach the entrance friend Ted realizes forgot ticket at house . The concert is about to start and Ted likely miss most of the concert if returned to house for ticket . : go without,6.6422544,1.8966304,10.841533,5.049836,5.382153,2.5687351,8.41292,3.4636948,4.3708763,4.35212,"[6.64225435256958, 1.8966304063796997, 10.841532707214355, 5.049836158752441, 5.382153034210205, 2.568735122680664, 8.412919998168945, 3.4636948108673096, 4.370876312255859, 4.3521199226379395]",1.7584648,1.9614391,1,"[ 6.5916095  1.8438394 10.823863   5.022656   5.6287236  2.7807322
  8.377738   3.243035   4.359949   4.1942124]",0.43257974770776103,"I would return with him for his ticket and we would see what we could of the concert together. If that were not an option, I would sell my ticket to someone outside of the theater and take the loss. I would not want to go alone, without my friend. That would be unkind to my friend and not very much fun for me either."
103,2280,139,7,Leave Ted behind to get his ticket and drive off with the rest of her friends,pg,1.0,33.3333333333333,Darya is on her way to a concert with her friends. As they approach the entrance her friend Ted realizes he forgot his ticket at his house. The concert is about to start and Ted would likely miss most of the concert if he returned to his house for his ticket.,is on way to a concert with friends . As approach the entrance friend Ted realizes forgot ticket at house . The concert is about to start and Ted likely miss most of the concert if returned to house for ticket . : Leave Ted behind to get ticket and drive off with the rest of friends,5.797471,1.5121804,10.692037,5.4355335,6.5164094,3.3452892,8.650458,2.4451354,4.115068,4.0418067,"[5.797471046447754, 1.5121804475784302, 10.692036628723145, 5.43553352355957, 6.516409397125244, 3.3452892303466797, 8.650458335876465, 2.4451353549957275, 4.115067958831787, 4.041806697845459]",4.6898437,3.7119026,10,"[ 6.0350957  1.7044297 10.5954275  5.2186604  6.316846   3.4331267
  8.475936   2.7918687  4.4011946  3.9598694]",0.6607554780170878,Darya and her friends could all listen to the concert from the parking lot
104,2281,142,7,Go into the concert and let Ted figure things out for himself. ,pg,1.0,68.3333333333333,Darya is on her way to a concert with her friends. As they approach the entrance her friend Ted realizes he forgot his ticket at his house. The concert is about to start and Ted would likely miss most of the concert if he returned to his house for his ticket.,is on way to a concert with friends . As approach the entrance friend Ted realizes forgot ticket at house . The concert is about to start and Ted likely miss most of the concert if returned to house for ticket . : Go into the concert and let Ted figure things out for .,6.352211,1.9377575,10.449165,5.119678,6.4683027,4.1667023,8.220086,2.6928194,4.5148435,3.5039413,"[6.352210998535156, 1.9377574920654297, 10.449165344238281, 5.119678020477295, 6.4683027267456055, 4.1667022705078125, 8.220086097717285, 2.692819356918335, 4.514843463897705, 3.503941297531128]",3.3419602,3.7170234,7,"[ 6.0744877  1.6136857 10.175958   4.596031   6.4566236  4.374307
  8.231861   2.6766467  4.3928285  3.4267533]",0.77167559623902,I would wait for my friend to retrieve the ticket himself or have someone bring the ticket to him.
105,2282,145,7,forget Ted,pg,1.0,92.6666666666667,Darya is on her way to a concert with her friends. As they approach the entrance her friend Ted realizes he forgot his ticket at his house. The concert is about to start and Ted would likely miss most of the concert if he returned to his house for his ticket.,is on way to a concert with friends . As approach the entrance friend Ted realizes forgot ticket at house . The concert is about to start and Ted likely miss most of the concert if returned to house for ticket . : forget Ted,6.4957623,1.9190805,10.929408,5.124021,5.786204,2.572624,8.141787,2.862122,4.551699,4.1062217,"[6.495762348175049, 1.9190804958343506, 10.929408073425293, 5.124021053314209, 5.786203861236572, 2.5726239681243896, 8.141786575317383, 2.862122058868408, 4.551699161529541, 4.106221675872803]",3.2020452,2.013622,1,"[ 6.5916095  1.8438394 10.823863   5.022656   5.6287236  2.7807322
  8.377738   3.243035   4.359949   4.1942124]",0.5913119589002612,"I would return with him for his ticket and we would see what we could of the concert together. If that were not an option, I would sell my ticket to someone outside of the theater and take the loss. I would not want to go alone, without my friend. That would be unkind to my friend and not very much fun for me either."
106,2283,148,7,Go in without him,pg,1.0,93.3333333333333,Darya is on her way to a concert with her friends. As they approach the entrance her friend Ted realizes he forgot his ticket at his house. The concert is about to start and Ted would likely miss most of the concert if he returned to his house for his ticket.,is on way to a concert with friends . As approach the entrance friend Ted realizes forgot ticket at house . The concert is about to start and Ted likely miss most of the concert if returned to house for ticket . : Go in without,6.4218082,1.7872043,10.615748,5.068382,5.568364,3.0607913,8.4584,3.5619135,4.4811096,4.2649937,"[6.421808242797852, 1.7872042655944824, 10.615748405456543, 5.0683817863464355, 5.568364143371582, 3.060791254043579, 8.458399772644043, 3.56191349029541, 4.481109619140625, 4.264993667602539]",1.930049,2.5586004,1,"[ 6.5916095  1.8438394 10.823863   5.022656   5.6287236  2.7807322
  8.377738   3.243035   4.359949   4.1942124]",0.5360956319530441,"I would return with him for his ticket and we would see what we could of the concert together. If that were not an option, I would sell my ticket to someone outside of the theater and take the loss. I would not want to go alone, without my friend. That would be unkind to my friend and not very much fun for me either."
107,2284,149,7,Go without him,pg,1.0,11.3333333333333,Darya is on her way to a concert with her friends. As they approach the entrance her friend Ted realizes he forgot his ticket at his house. The concert is about to start and Ted would likely miss most of the concert if he returned to his house for his ticket.,is on way to a concert with friends . As approach the entrance friend Ted realizes forgot ticket at house . The concert is about to start and Ted likely miss most of the concert if returned to house for ticket . : Go without,6.682124,1.890007,10.890686,5.0407186,5.381989,2.5135844,8.3940525,3.4183497,4.348068,4.350559,"[6.682124137878418, 1.8900070190429688, 10.89068603515625, 5.0407185554504395, 5.381989002227783, 2.5135843753814697, 8.394052505493164, 3.4183497428894043, 4.3480682373046875, 4.350559234619141]",1.7959428,1.9984839,1,"[ 6.5916095  1.8438394 10.823863   5.022656   5.6287236  2.7807322
  8.377738   3.243035   4.359949   4.1942124]",0.45049828296626454,"I would return with him for his ticket and we would see what we could of the concert together. If that were not an option, I would sell my ticket to someone outside of the theater and take the loss. I would not want to go alone, without my friend. That would be unkind to my friend and not very much fun for me either."
108,2285,157,7,go to the concert,pg,1.0,62.6666666666667,Darya is on her way to a concert with her friends. As they approach the entrance her friend Ted realizes he forgot his ticket at his house. The concert is about to start and Ted would likely miss most of the concert if he returned to his house for his ticket.,is on way to a concert with friends . As approach the entrance friend Ted realizes forgot ticket at house . The concert is about to start and Ted likely miss most of the concert if returned to house for ticket . : go to the concert,6.536009,1.9677322,10.650107,4.922207,6.3759713,3.4337487,8.526798,3.1491785,4.4222903,3.7629504,"[6.536008834838867, 1.9677321910858154, 10.650107383728027, 4.922206878662109, 6.37597131729126, 3.433748722076416, 8.526798248291016, 3.1491785049438477, 4.422290325164795, 3.7629504203796387]",3.056032,2.88929,10,"[ 6.0350957  1.7044297 10.5954275  5.2186604  6.316846   3.4331267
  8.475936   2.7918687  4.4011946  3.9598694]",0.7642593142293664,Darya and her friends could all listen to the concert from the parking lot
109,2286,173,7,go without Ted,pg,1.0,43.0,Darya is on her way to a concert with her friends. As they approach the entrance her friend Ted realizes he forgot his ticket at his house. The concert is about to start and Ted would likely miss most of the concert if he returned to his house for his ticket.,is on way to a concert with friends . As approach the entrance friend Ted realizes forgot ticket at house . The concert is about to start and Ted likely miss most of the concert if returned to house for ticket . : go without Ted,6.695972,1.8432556,10.938266,5.036899,5.5288014,2.481535,8.351748,3.2246473,4.296693,4.283709,"[6.695971965789795, 1.843255639076233, 10.938265800476074, 5.036899089813232, 5.528801441192627, 2.481534957885742, 8.3517484664917, 3.224647283554077, 4.296692848205566, 4.2837090492248535]",2.0462286,1.9536791,1,"[ 6.5916095  1.8438394 10.823863   5.022656   5.6287236  2.7807322
  8.377738   3.243035   4.359949   4.1942124]",0.36974410122999174,"I would return with him for his ticket and we would see what we could of the concert together. If that were not an option, I would sell my ticket to someone outside of the theater and take the loss. I would not want to go alone, without my friend. That would be unkind to my friend and not very much fun for me either."
110,2287,174,7,You didn't give us enough time for this survey. I gotta pick up speed. Um. Darya could smile and wave goodby to Ted.,pg,1.0,3.33333333333333,Darya is on her way to a concert with her friends. As they approach the entrance her friend Ted realizes he forgot his ticket at his house. The concert is about to start and Ted would likely miss most of the concert if he returned to his house for his ticket.,is on way to a concert with friends . As approach the entrance friend Ted realizes forgot ticket at house . The concert is about to start and Ted likely miss most of the concert if returned to house for ticket . : did n't give enough time for this survey . got ta pick up speed . Um . smile and wave goodby to Ted .,6.1170697,1.8752226,10.666095,5.214001,6.700957,3.712216,8.416502,2.5889766,4.5020437,3.5998883,"[6.117069721221924, 1.8752225637435913, 10.666094779968262, 5.214001178741455, 6.70095682144165, 3.7122159004211426, 8.416501998901367, 2.5889766216278076, 4.502043724060059, 3.599888324737549]",4.3766093,3.3544035,3,"[ 6.4198093  1.9720458 10.862053   5.365867   6.5569224  3.5447173
  8.288348   2.4836838  4.577658   3.5889297]",0.49460910126056656,Let him go get it and I stay there
111,2288,178,7,talk Ted into waiting outside for her,pg,1.0,33.6666666666667,Darya is on her way to a concert with her friends. As they approach the entrance her friend Ted realizes he forgot his ticket at his house. The concert is about to start and Ted would likely miss most of the concert if he returned to his house for his ticket.,is on way to a concert with friends . As approach the entrance friend Ted realizes forgot ticket at house . The concert is about to start and Ted likely miss most of the concert if returned to house for ticket . : talk Ted into waiting outside for,6.144712,1.6801729,10.346106,4.65675,6.148238,4.0774155,8.082093,2.8122787,4.2888875,3.7224185,"[6.144711971282959, 1.6801729202270508, 10.346105575561523, 4.656750202178955, 6.148238182067871, 4.077415466308594, 8.082093238830566, 2.8122787475585938, 4.2888875007629395, 3.7224185466766357]",2.6994376,3.599304,7,"[ 6.0744877  1.6136857 10.175958   4.596031   6.4566236  4.374307
  8.231861   2.6766467  4.3928285  3.4267533]",0.6035589894343601,I would wait for my friend to retrieve the ticket himself or have someone bring the ticket to him.
112,2289,181,7,Tell him your sorry and go anyway,pg,1.0,4.0,Darya is on her way to a concert with her friends. As they approach the entrance her friend Ted realizes he forgot his ticket at his house. The concert is about to start and Ted would likely miss most of the concert if he returned to his house for his ticket.,is on way to a concert with friends . As approach the entrance friend Ted realizes forgot ticket at house . The concert is about to start and Ted likely miss most of the concert if returned to house for ticket . : Tell sorry and go anyway,6.275977,1.6951013,11.016548,5.0350876,6.1576877,2.983113,8.075554,2.321679,5.0019298,3.4496775,"[6.27597713470459, 1.695101261138916, 11.016548156738281, 5.035087585449219, 6.157687664031982, 2.9831130504608154, 8.075553894042969, 2.32167911529541, 5.001929759979248, 3.4496774673461914]",3.7291813,1.8385545,3,"[ 6.4198093  1.9720458 10.862053   5.365867   6.5569224  3.5447173
  8.288348   2.4836838  4.577658   3.5889297]",0.9881204885564863,Let him go get it and I stay there
113,2290,184,7,Leave Ted behind,pg,1.0,25.6666666666667,Darya is on her way to a concert with her friends. As they approach the entrance her friend Ted realizes he forgot his ticket at his house. The concert is about to start and Ted would likely miss most of the concert if he returned to his house for his ticket.,is on way to a concert with friends . As approach the entrance friend Ted realizes forgot ticket at house . The concert is about to start and Ted likely miss most of the concert if returned to house for ticket . : Leave Ted behind,6.2787223,1.8432087,10.84783,5.222414,6.092245,3.0080051,8.289307,2.6406925,4.4628425,4.013741,"[6.278722286224365, 1.84320867061615, 10.847829818725586, 5.222414016723633, 6.092245101928711, 3.008005142211914, 8.289306640625, 2.6406924724578857, 4.4628424644470215, 4.0137410163879395]",3.1781316,2.341653,10,"[ 6.0350957  1.7044297 10.5954275  5.2186604  6.316846   3.4331267
  8.475936   2.7918687  4.4011946  3.9598694]",0.6617368984509956,Darya and her friends could all listen to the concert from the parking lot
114,2291,185,7,go into the concert by herself,pg,1.0,37.0,Darya is on her way to a concert with her friends. As they approach the entrance her friend Ted realizes he forgot his ticket at his house. The concert is about to start and Ted would likely miss most of the concert if he returned to his house for his ticket.,is on way to a concert with friends . As approach the entrance friend Ted realizes forgot ticket at house . The concert is about to start and Ted likely miss most of the concert if returned to house for ticket . : go into the concert by herself,6.706983,1.8971951,10.784312,5.006702,5.7319975,3.0512416,8.381593,3.202476,4.2424173,4.05989,"[6.7069830894470215, 1.8971951007843018, 10.78431224822998, 5.006701946258545, 5.731997489929199, 3.051241636276245, 8.381592750549316, 3.2024760246276855, 4.242417335510254, 4.059889793395996]",2.3470926,2.4668527,1,"[ 6.5916095  1.8438394 10.823863   5.022656   5.6287236  2.7807322
  8.377738   3.243035   4.359949   4.1942124]",0.36787736220304,"I would return with him for his ticket and we would see what we could of the concert together. If that were not an option, I would sell my ticket to someone outside of the theater and take the loss. I would not want to go alone, without my friend. That would be unkind to my friend and not very much fun for me either."
115,2292,187,7,Go without Ted,pg,1.0,48.0,Darya is on her way to a concert with her friends. As they approach the entrance her friend Ted realizes he forgot his ticket at his house. The concert is about to start and Ted would likely miss most of the concert if he returned to his house for his ticket.,is on way to a concert with friends . As approach the entrance friend Ted realizes forgot ticket at house . The concert is about to start and Ted likely miss most of the concert if returned to house for ticket . : Go without Ted,6.6815815,1.8035781,10.921206,5.038402,5.568441,2.5051143,8.385913,3.1925545,4.2550445,4.2490973,"[6.681581497192383, 1.8035781383514404, 10.9212064743042, 5.038402080535889, 5.568440914154053, 2.5051143169403076, 8.385912895202637, 3.192554473876953, 4.255044460296631, 4.2490973472595215]",1.9496952,1.9797367,1,"[ 6.5916095  1.8438394 10.823863   5.022656   5.6287236  2.7807322
  8.377738   3.243035   4.359949   4.1942124]",0.3401048036430048,"I would return with him for his ticket and we would see what we could of the concert together. If that were not an option, I would sell my ticket to someone outside of the theater and take the loss. I would not want to go alone, without my friend. That would be unkind to my friend and not very much fun for me either."
116,2293,190,7,Darya could go in with her other friends and leave Ted to go get his ticket,pg,1.0,55.3333333333333,Darya is on her way to a concert with her friends. As they approach the entrance her friend Ted realizes he forgot his ticket at his house. The concert is about to start and Ted would likely miss most of the concert if he returned to his house for his ticket.,is on way to a concert with friends . As approach the entrance friend Ted realizes forgot ticket at house . The concert is about to start and Ted likely miss most of the concert if returned to house for ticket . : go in with other friends and leave Ted to go get ticket,6.235128,1.6551155,10.543027,4.8962812,5.870926,3.2763174,8.492836,3.317294,4.4489455,4.0360255,"[6.235127925872803, 1.6551154851913452, 10.5430269241333, 4.8962812423706055, 5.8709259033203125, 3.2763173580169678, 8.492835998535156, 3.317293882369995, 4.44894552230835, 4.036025524139404]",2.16773,2.8419013,1,"[ 6.5916095  1.8438394 10.823863   5.022656   5.6287236  2.7807322
  8.377738   3.243035   4.359949   4.1942124]",0.7832670826918103,"I would return with him for his ticket and we would see what we could of the concert together. If that were not an option, I would sell my ticket to someone outside of the theater and take the loss. I would not want to go alone, without my friend. That would be unkind to my friend and not very much fun for me either."
117,2294,195,7,tell Ted he is out of luck,pg,1.0,22.3333333333333,Darya is on her way to a concert with her friends. As they approach the entrance her friend Ted realizes he forgot his ticket at his house. The concert is about to start and Ted would likely miss most of the concert if he returned to his house for his ticket.,is on way to a concert with friends . As approach the entrance friend Ted realizes forgot ticket at house . The concert is about to start and Ted likely miss most of the concert if returned to house for ticket . : tell Ted is out of luck,6.3383245,1.8075737,10.955847,4.9840426,6.3841376,3.2644598,8.141149,2.3013706,4.7020793,3.404626,"[6.338324546813965, 1.807573676109314, 10.955846786499023, 4.984042644500732, 6.3841376304626465, 3.2644598484039307, 8.141148567199707, 2.301370620727539, 4.7020792961120605, 3.40462589263916]",3.9695709,2.2137172,3,"[ 6.4198093  1.9720458 10.862053   5.365867   6.5569224  3.5447173
  8.288348   2.4836838  4.577658   3.5889297]",0.633270273735688,Let him go get it and I stay there
118,2295,197,7,Darya and her friends could go into the concert without Ted,pg,1.0,58.3333333333333,Darya is on her way to a concert with her friends. As they approach the entrance her friend Ted realizes he forgot his ticket at his house. The concert is about to start and Ted would likely miss most of the concert if he returned to his house for his ticket.,is on way to a concert with friends . As approach the entrance friend Ted realizes forgot ticket at house . The concert is about to start and Ted likely miss most of the concert if returned to house for ticket . : and friends go into the concert without Ted,6.439028,2.020978,10.760742,5.589344,6.3336306,3.595359,8.249762,2.6110668,4.539976,3.838874,"[6.439027786254883, 2.0209779739379883, 10.7607421875, 5.589344024658203, 6.333630561828613, 3.5953590869903564, 8.249761581420898, 2.6110668182373047, 4.539976119995117, 3.838874101638794]",3.758614,2.8692906,3,"[ 6.4198093  1.9720458 10.862053   5.365867   6.5569224  3.5447173
  8.288348   2.4836838  4.577658   3.5889297]",0.4438477895958068,Let him go get it and I stay there
119,2296,198,7,Tell Ted to go home alone,pg,1.0,25.6666666666667,Darya is on her way to a concert with her friends. As they approach the entrance her friend Ted realizes he forgot his ticket at his house. The concert is about to start and Ted would likely miss most of the concert if he returned to his house for his ticket.,is on way to a concert with friends . As approach the entrance friend Ted realizes forgot ticket at house . The concert is about to start and Ted likely miss most of the concert if returned to house for ticket . : Tell Ted to go home alone,6.7984085,1.9527593,11.065261,5.1644406,6.0315957,3.038682,8.357882,2.7605317,4.229731,3.810711,"[6.798408508300781, 1.9527592658996582, 11.065260887145996, 5.164440631866455, 6.031595706939697, 3.038681983947754, 8.357881546020508, 2.7605316638946533, 4.22973108291626, 3.810710906982422]",2.9626472,2.3152075,1,"[ 6.5916095  1.8438394 10.823863   5.022656   5.6287236  2.7807322
  8.377738   3.243035   4.359949   4.1942124]",0.8712538124914476,"I would return with him for his ticket and we would see what we could of the concert together. If that were not an option, I would sell my ticket to someone outside of the theater and take the loss. I would not want to go alone, without my friend. That would be unkind to my friend and not very much fun for me either."
120,2297,201,7,Leave Ted outside the concert.,pg,1.0,37.3333333333333,Darya is on her way to a concert with her friends. As they approach the entrance her friend Ted realizes he forgot his ticket at his house. The concert is about to start and Ted would likely miss most of the concert if he returned to his house for his ticket.,is on way to a concert with friends . As approach the entrance friend Ted realizes forgot ticket at house . The concert is about to start and Ted likely miss most of the concert if returned to house for ticket . : Leave Ted outside the concert .,6.0867724,1.7073075,10.430686,4.9064536,5.8771806,3.5292432,8.108588,2.9526052,4.4383545,4.1025076,"[6.086772441864014, 1.7073074579238892, 10.430685997009277, 4.906453609466553, 5.877180576324463, 3.529243230819702, 8.108588218688965, 2.9526052474975586, 4.4383544921875, 4.102507591247559]",2.5684144,2.9671385,10,"[ 6.0350957  1.7044297 10.5954275  5.2186604  6.316846   3.4331267
  8.475936   2.7918687  4.4011946  3.9598694]",0.7157811626422322,Darya and her friends could all listen to the concert from the parking lot
121,2298,204,7,Go to the concert by herself,pg,1.0,14.0,Darya is on her way to a concert with her friends. As they approach the entrance her friend Ted realizes he forgot his ticket at his house. The concert is about to start and Ted would likely miss most of the concert if he returned to his house for his ticket.,is on way to a concert with friends . As approach the entrance friend Ted realizes forgot ticket at house . The concert is about to start and Ted likely miss most of the concert if returned to house for ticket . : Go to the concert by herself,6.8079925,1.9263628,10.923173,4.9744396,5.6794167,2.8303833,8.350374,3.1177828,4.2112436,4.0806036,"[6.807992458343506, 1.9263627529144287, 10.923172950744629, 4.97443962097168, 5.679416656494141, 2.83038330078125, 8.350374221801758, 3.1177828311920166, 4.211243629455566, 4.08060359954834]",2.4035358,2.4006877,1,"[ 6.5916095  1.8438394 10.823863   5.022656   5.6287236  2.7807322
  8.377738   3.243035   4.359949   4.1942124]",0.3497301576027498,"I would return with him for his ticket and we would see what we could of the concert together. If that were not an option, I would sell my ticket to someone outside of the theater and take the loss. I would not want to go alone, without my friend. That would be unkind to my friend and not very much fun for me either."
122,2299,206,7,Drop Ted at the gate and go to concert alone.,pg,1.0,20.0,Darya is on her way to a concert with her friends. As they approach the entrance her friend Ted realizes he forgot his ticket at his house. The concert is about to start and Ted would likely miss most of the concert if he returned to his house for his ticket.,is on way to a concert with friends . As approach the entrance friend Ted realizes forgot ticket at house . The concert is about to start and Ted likely miss most of the concert if returned to house for ticket . : Drop Ted at the gate and go to concert alone .,6.7446833,1.8892235,10.918407,5.029068,5.6161613,2.648113,8.331656,3.1279435,4.238598,4.20091,"[6.744683265686035, 1.8892234563827515, 10.918407440185547, 5.0290679931640625, 5.616161346435547, 2.6481130123138428, 8.331656455993652, 3.127943515777588, 4.238597869873047, 4.2009100914001465]",2.2130802,2.1842554,1,"[ 6.5916095  1.8438394 10.823863   5.022656   5.6287236  2.7807322
  8.377738   3.243035   4.359949   4.1942124]",0.2869795509951375,"I would return with him for his ticket and we would see what we could of the concert together. If that were not an option, I would sell my ticket to someone outside of the theater and take the loss. I would not want to go alone, without my friend. That would be unkind to my friend and not very much fun for me either."
123,2300,113,7,go in without him,pg,2.0,61.3333333333333,Darya is on her way to a concert with her friends. As they approach the entrance her friend Ted realizes he forgot his ticket at his house. The concert is about to start and Ted would likely miss most of the concert if he returned to his house for his ticket.,is on way to a concert with friends . As approach the entrance friend Ted realizes forgot ticket at house . The concert is about to start and Ted likely miss most of the concert if returned to house for ticket . : go in without,6.3622904,1.7519574,10.579957,5.0666423,5.583666,3.0817559,8.457132,3.5374577,4.4912906,4.292249,"[6.362290382385254, 1.7519574165344238, 10.579957008361816, 5.0666422843933105, 5.58366584777832, 3.0817558765411377, 8.457132339477539, 3.5374577045440674, 4.49129056930542, 4.2922492027282715]",1.9486659,2.531469,1,"[ 6.5916095  1.8438394 10.823863   5.022656   5.6287236  2.7807322
  8.377738   3.243035   4.359949   4.1942124]",0.5787485684733189,"I would return with him for his ticket and we would see what we could of the concert together. If that were not an option, I would sell my ticket to someone outside of the theater and take the loss. I would not want to go alone, without my friend. That would be unkind to my friend and not very much fun for me either."
124,2301,117,7,Leave Ted and go by herself.,pg,2.0,73.0,Darya is on her way to a concert with her friends. As they approach the entrance her friend Ted realizes he forgot his ticket at his house. The concert is about to start and Ted would likely miss most of the concert if he returned to his house for his ticket.,is on way to a concert with friends . As approach the entrance friend Ted realizes forgot ticket at house . The concert is about to start and Ted likely miss most of the concert if returned to house for ticket . : Leave Ted and go by .,6.310846,1.9559162,10.739449,5.403943,6.2911563,3.4041042,8.294641,2.6363358,4.4930124,3.9334216,"[6.310845851898193, 1.955916166305542, 10.739448547363281, 5.403943061828613, 6.29115629196167, 3.404104232788086, 8.29464054107666, 2.636335849761963, 4.493012428283691, 3.9334216117858887]",3.5878465,2.8830717,10,"[ 6.0350957  1.7044297 10.5954275  5.2186604  6.316846   3.4331267
  8.475936   2.7918687  4.4011946  3.9598694]",0.5119043426129583,Darya and her friends could all listen to the concert from the parking lot
125,2302,131,7,"Leave Ted outside, enjoy the concert",pg,2.0,85.0,Darya is on her way to a concert with her friends. As they approach the entrance her friend Ted realizes he forgot his ticket at his house. The concert is about to start and Ted would likely miss most of the concert if he returned to his house for his ticket.,"is on way to a concert with friends . As approach the entrance friend Ted realizes forgot ticket at house . The concert is about to start and Ted likely miss most of the concert if returned to house for ticket . : Leave Ted outside , enjoy the concert",6.0927672,1.7185735,10.490421,4.988563,5.8312087,3.4067197,8.136432,2.9450014,4.4559236,4.18861,"[6.092767238616943, 1.7185734510421753, 10.490421295166016, 4.988563060760498, 5.8312087059021, 3.40671968460083, 8.136431694030762, 2.9450013637542725, 4.455923557281494, 4.188610076904297]",2.5410407,2.909134,10,"[ 6.0350957  1.7044297 10.5954275  5.2186604  6.316846   3.4331267
  8.475936   2.7918687  4.4011946  3.9598694]",0.7057395011190164,Darya and her friends could all listen to the concert from the parking lot
126,2303,140,7,Go alone,pg,2.0,46.6666666666667,Darya is on her way to a concert with her friends. As they approach the entrance her friend Ted realizes he forgot his ticket at his house. The concert is about to start and Ted would likely miss most of the concert if he returned to his house for his ticket.,is on way to a concert with friends . As approach the entrance friend Ted realizes forgot ticket at house . The concert is about to start and Ted likely miss most of the concert if returned to house for ticket . : Go alone,6.751739,1.8552972,10.960225,5.039469,5.6322165,2.7255886,8.4425745,3.1921878,4.2320437,4.1317515,"[6.751739025115967, 1.8552972078323364, 10.960225105285645, 5.039468765258789, 5.632216453552246, 2.72558856010437, 8.442574501037598, 3.192187786102295, 4.232043743133545, 4.131751537322998]",2.1401157,2.042952,1,"[ 6.5916095  1.8438394 10.823863   5.022656   5.6287236  2.7807322
  8.377738   3.243035   4.359949   4.1942124]",0.2734107192546474,"I would return with him for his ticket and we would see what we could of the concert together. If that were not an option, I would sell my ticket to someone outside of the theater and take the loss. I would not want to go alone, without my friend. That would be unkind to my friend and not very much fun for me either."
127,2304,143,7,she could go in without him,pg,2.0,18.3333333333333,Darya is on her way to a concert with her friends. As they approach the entrance her friend Ted realizes he forgot his ticket at his house. The concert is about to start and Ted would likely miss most of the concert if he returned to his house for his ticket.,is on way to a concert with friends . As approach the entrance friend Ted realizes forgot ticket at house . The concert is about to start and Ted likely miss most of the concert if returned to house for ticket . : go in without,6.3654923,1.7627034,10.568394,5.1270833,5.4818277,3.0079787,8.400007,3.5843184,4.567023,4.3709426,"[6.365492343902588, 1.7627034187316895, 10.56839370727539, 5.1270833015441895, 5.481827735900879, 3.007978677749634, 8.400007247924805, 3.5843183994293213, 4.567022800445557, 4.37094259262085]",1.9078348,2.5436568,1,"[ 6.5916095  1.8438394 10.823863   5.022656   5.6287236  2.7807322
  8.377738   3.243035   4.359949   4.1942124]",0.6310184776111403,"I would return with him for his ticket and we would see what we could of the concert together. If that were not an option, I would sell my ticket to someone outside of the theater and take the loss. I would not want to go alone, without my friend. That would be unkind to my friend and not very much fun for me either."
128,2305,145,7,go in the concert,pg,2.0,99.3333333333333,Darya is on her way to a concert with her friends. As they approach the entrance her friend Ted realizes he forgot his ticket at his house. The concert is about to start and Ted would likely miss most of the concert if he returned to his house for his ticket.,is on way to a concert with friends . As approach the entrance friend Ted realizes forgot ticket at house . The concert is about to start and Ted likely miss most of the concert if returned to house for ticket . : go in the concert,6.435571,1.9311018,10.520782,5.038982,6.1775684,3.573967,8.4830675,3.308583,4.4566197,3.892205,"[6.435571193695068, 1.9311017990112305, 10.520782470703125, 5.038981914520264, 6.177568435668945, 3.5739669799804688, 8.483067512512207, 3.3085830211639404, 4.456619739532471, 3.892204999923706]",2.8388743,3.1002133,10,"[ 6.0350957  1.7044297 10.5954275  5.2186604  6.316846   3.4331267
  8.475936   2.7918687  4.4011946  3.9598694]",0.7506971765270816,Darya and her friends could all listen to the concert from the parking lot
129,2306,146,7,tell him they will save him a spot,pg,2.0,86.6666666666667,Darya is on her way to a concert with her friends. As they approach the entrance her friend Ted realizes he forgot his ticket at his house. The concert is about to start and Ted would likely miss most of the concert if he returned to his house for his ticket.,is on way to a concert with friends . As approach the entrance friend Ted realizes forgot ticket at house . The concert is about to start and Ted likely miss most of the concert if returned to house for ticket . : tell will save a spot,6.465992,1.7965512,10.958144,4.9906983,6.2203016,3.2918377,8.1256275,2.319624,4.828431,3.2447767,"[6.465991973876953, 1.79655122756958, 10.958144187927246, 4.990698337554932, 6.220301628112793, 3.291837692260742, 8.125627517700195, 2.3196239471435547, 4.828431129455566, 3.244776725769043]",3.8104184,2.1882238,3,"[ 6.4198093  1.9720458 10.862053   5.365867   6.5569224  3.5447173
  8.288348   2.4836838  4.577658   3.5889297]",0.7712975942684438,Let him go get it and I stay there
130,2307,155,7,Ask Ted to wait for you to come out,pg,2.0,83.0,Darya is on her way to a concert with her friends. As they approach the entrance her friend Ted realizes he forgot his ticket at his house. The concert is about to start and Ted would likely miss most of the concert if he returned to his house for his ticket.,is on way to a concert with friends . As approach the entrance friend Ted realizes forgot ticket at house . The concert is about to start and Ted likely miss most of the concert if returned to house for ticket . : Ask Ted to wait for to come out,6.07503,1.6419811,10.272563,4.598878,6.1515403,4.1222267,8.126649,2.895932,4.246675,3.7788389,"[6.0750298500061035, 1.6419811248779297, 10.272562980651855, 4.598877906799316, 6.151540279388428, 4.122226715087891, 8.126648902893066, 2.8959319591522217, 4.24667501449585, 3.778838872909546]",2.499673,3.553229,7,"[ 6.0744877  1.6136857 10.175958   4.596031   6.4566236  4.374307
  8.231861   2.6766467  4.3928285  3.4267533]",0.6092968805317666,I would wait for my friend to retrieve the ticket himself or have someone bring the ticket to him.
131,2308,164,7,Go right on in without Ted and enjoy the concert.,pg,2.0,50.0,Darya is on her way to a concert with her friends. As they approach the entrance her friend Ted realizes he forgot his ticket at his house. The concert is about to start and Ted would likely miss most of the concert if he returned to his house for his ticket.,is on way to a concert with friends . As approach the entrance friend Ted realizes forgot ticket at house . The concert is about to start and Ted likely miss most of the concert if returned to house for ticket . : Go right on in without Ted and enjoy the concert .,6.551963,1.9892733,10.679717,5.240952,5.8879232,3.392786,8.219347,3.0418022,4.4525957,4.0190744,"[6.551962852478027, 1.9892733097076416, 10.679717063903809, 5.240952014923096, 5.887923240661621, 3.3927860260009766, 8.21934700012207, 3.041802167892456, 4.4525957107543945, 4.019074440002441]",2.913577,2.8279493,1,"[ 6.5916095  1.8438394 10.823863   5.022656   5.6287236  2.7807322
  8.377738   3.243035   4.359949   4.1942124]",0.7986160447288873,"I would return with him for his ticket and we would see what we could of the concert together. If that were not an option, I would sell my ticket to someone outside of the theater and take the loss. I would not want to go alone, without my friend. That would be unkind to my friend and not very much fun for me either."
132,2309,172,7,Darya could go ahead and go to the concert without Ted.,pg,2.0,31.6666666666667,Darya is on her way to a concert with her friends. As they approach the entrance her friend Ted realizes he forgot his ticket at his house. The concert is about to start and Ted would likely miss most of the concert if he returned to his house for his ticket.,is on way to a concert with friends . As approach the entrance friend Ted realizes forgot ticket at house . The concert is about to start and Ted likely miss most of the concert if returned to house for ticket . : go ahead and go to the concert without Ted .,6.816901,1.9502623,10.978903,5.0466657,5.5248375,2.6097033,8.32032,3.1644323,4.240584,4.245535,"[6.816901206970215, 1.9502623081207275, 10.978902816772461, 5.046665668487549, 5.524837493896484, 2.609703302383423, 8.320320129394531, 3.1644322872161865, 4.240583896636963, 4.245534896850586]",2.1618614,2.0013223,1,"[ 6.5916095  1.8438394 10.823863   5.022656   5.6287236  2.7807322
  8.377738   3.243035   4.359949   4.1942124]",0.39127542021255757,"I would return with him for his ticket and we would see what we could of the concert together. If that were not an option, I would sell my ticket to someone outside of the theater and take the loss. I would not want to go alone, without my friend. That would be unkind to my friend and not very much fun for me either."
133,2310,175,7,Tell Ted they will meet up with him after the concert,pg,2.0,70.0,Darya is on her way to a concert with her friends. As they approach the entrance her friend Ted realizes he forgot his ticket at his house. The concert is about to start and Ted would likely miss most of the concert if he returned to his house for his ticket.,is on way to a concert with friends . As approach the entrance friend Ted realizes forgot ticket at house . The concert is about to start and Ted likely miss most of the concert if returned to house for ticket . : Tell Ted will meet up with after the concert,6.4790382,1.8893869,10.87783,5.0479975,6.2729793,3.4236817,8.169727,2.4429686,4.584851,3.451836,"[6.479038238525391, 1.8893868923187256, 10.877829551696777, 5.04799747467041, 6.272979259490967, 3.4236817359924316, 8.169727325439453, 2.4429686069488525, 4.584850788116455, 3.451836109161377]",3.3737962,2.6094022,3,"[ 6.4198093  1.9720458 10.862053   5.365867   6.5569224  3.5447173
  8.288348   2.4836838  4.577658   3.5889297]",0.49140505757762715,Let him go get it and I stay there
134,2311,183,7,go to the concert without Ted,pg,2.0,41.0,Darya is on her way to a concert with her friends. As they approach the entrance her friend Ted realizes he forgot his ticket at his house. The concert is about to start and Ted would likely miss most of the concert if he returned to his house for his ticket.,is on way to a concert with friends . As approach the entrance friend Ted realizes forgot ticket at house . The concert is about to start and Ted likely miss most of the concert if returned to house for ticket . : go to the concert without Ted,6.7408614,1.8693643,10.982248,4.9620233,5.594592,2.4797294,8.339571,3.1012063,4.2695684,4.218559,"[6.740861415863037, 1.8693642616271973, 10.982248306274414, 4.9620232582092285, 5.594592094421387, 2.479729413986206, 8.339570999145508, 3.1012063026428223, 4.26956844329834, 4.2185587882995605]",2.0626059,1.9789437,1,"[ 6.5916095  1.8438394 10.823863   5.022656   5.6287236  2.7807322
  8.377738   3.243035   4.359949   4.1942124]",0.4168825046855758,"I would return with him for his ticket and we would see what we could of the concert together. If that were not an option, I would sell my ticket to someone outside of the theater and take the loss. I would not want to go alone, without my friend. That would be unkind to my friend and not very much fun for me either."
135,2312,192,7,Go to the concert without Ted,pg,2.0,81.0,Darya is on her way to a concert with her friends. As they approach the entrance her friend Ted realizes he forgot his ticket at his house. The concert is about to start and Ted would likely miss most of the concert if he returned to his house for his ticket.,is on way to a concert with friends . As approach the entrance friend Ted realizes forgot ticket at house . The concert is about to start and Ted likely miss most of the concert if returned to house for ticket . : Go to the concert without Ted,6.7258186,1.8324547,10.975611,5.000381,5.5980678,2.4748743,8.372292,3.1326597,4.255145,4.2171583,"[6.725818634033203, 1.8324546813964844, 10.975610733032227, 5.000380992889404, 5.598067760467529, 2.474874258041382, 8.372291564941406, 3.132659673690796, 4.255145072937012, 4.217158317565918]",2.0718477,1.9482373,1,"[ 6.5916095  1.8438394 10.823863   5.022656   5.6287236  2.7807322
  8.377738   3.243035   4.359949   4.1942124]",0.39984606766117353,"I would return with him for his ticket and we would see what we could of the concert together. If that were not an option, I would sell my ticket to someone outside of the theater and take the loss. I would not want to go alone, without my friend. That would be unkind to my friend and not very much fun for me either."
136,2313,193,7,go to concert with out Ted,pg,2.0,76.6666666666667,Darya is on her way to a concert with her friends. As they approach the entrance her friend Ted realizes he forgot his ticket at his house. The concert is about to start and Ted would likely miss most of the concert if he returned to his house for his ticket.,is on way to a concert with friends . As approach the entrance friend Ted realizes forgot ticket at house . The concert is about to start and Ted likely miss most of the concert if returned to house for ticket . : go to concert with out Ted,6.8412356,1.9310156,11.0231,4.9362817,5.5556808,2.4851885,8.339305,3.1011856,4.225032,4.2148285,"[6.841235637664795, 1.9310156106948853, 11.023099899291992, 4.936281681060791, 5.555680751800537, 2.4851884841918945, 8.33930492401123, 3.1011855602264404, 4.225031852722168, 4.2148284912109375]",2.1556356,1.9542862,1,"[ 6.5916095  1.8438394 10.823863   5.022656   5.6287236  2.7807322
  8.377738   3.243035   4.359949   4.1942124]",0.4999761541005716,"I would return with him for his ticket and we would see what we could of the concert together. If that were not an option, I would sell my ticket to someone outside of the theater and take the loss. I would not want to go alone, without my friend. That would be unkind to my friend and not very much fun for me either."
137,2314,105,7,GO TO THE CONCERT WITH HER OTHER FRIENDS,pg,3.0,86.6666666666667,Darya is on her way to a concert with her friends. As they approach the entrance her friend Ted realizes he forgot his ticket at his house. The concert is about to start and Ted would likely miss most of the concert if he returned to his house for his ticket.,is on way to a concert with friends . As approach the entrance friend Ted realizes forgot ticket at house . The concert is about to start and Ted likely miss most of the concert if returned to house for ticket . : GO TO THE CONCERT WITH HER OTHER FRIENDS,6.7518296,1.9265394,10.854858,4.9754624,5.8050003,2.996324,8.3703985,3.0938122,4.2461667,4.0020266,"[6.751829624176025, 1.926539421081543, 10.8548583984375, 4.975462436676025, 5.805000305175781, 2.996324062347412, 8.37039852142334, 3.0938122272491455, 4.246166706085205, 4.002026557922363]",2.6900628,2.5076232,1,"[ 6.5916095  1.8438394 10.823863   5.022656   5.6287236  2.7807322
  8.377738   3.243035   4.359949   4.1942124]",0.43064398791130065,"I would return with him for his ticket and we would see what we could of the concert together. If that were not an option, I would sell my ticket to someone outside of the theater and take the loss. I would not want to go alone, without my friend. That would be unkind to my friend and not very much fun for me either."
138,2315,111,7,tell him sorry,pg,3.0,49.3333333333333,Darya is on her way to a concert with her friends. As they approach the entrance her friend Ted realizes he forgot his ticket at his house. The concert is about to start and Ted would likely miss most of the concert if he returned to his house for his ticket.,is on way to a concert with friends . As approach the entrance friend Ted realizes forgot ticket at house . The concert is about to start and Ted likely miss most of the concert if returned to house for ticket . : tell sorry,6.4237514,1.7776126,10.992174,5.206294,6.206186,3.2986171,8.055454,2.2286024,4.926676,3.2952416,"[6.423751354217529, 1.777612566947937, 10.99217414855957, 5.206294059753418, 6.206185817718506, 3.298617124557495, 8.05545425415039, 2.228602409362793, 4.926675796508789, 3.295241594314575]",3.9431407,2.1121583,3,"[ 6.4198093  1.9720458 10.862053   5.365867   6.5569224  3.5447173
  8.288348   2.4836838  4.577658   3.5889297]",0.7688748177968964,Let him go get it and I stay there
139,2316,120,7,Attend the concert without Ted,pg,3.0,58.6666666666667,Darya is on her way to a concert with her friends. As they approach the entrance her friend Ted realizes he forgot his ticket at his house. The concert is about to start and Ted would likely miss most of the concert if he returned to his house for his ticket.,is on way to a concert with friends . As approach the entrance friend Ted realizes forgot ticket at house . The concert is about to start and Ted likely miss most of the concert if returned to house for ticket . : Attend the concert without Ted,6.602535,1.7889444,10.908555,4.8595877,5.557282,2.3938715,8.329814,3.156609,4.373157,4.2529645,"[6.602534770965576, 1.7889443635940552, 10.908555030822754, 4.859587669372559, 5.557281970977783, 2.393871545791626, 8.329813957214355, 3.156609058380127, 4.373157024383545, 4.252964496612549]",2.2051415,1.8981766,1,"[ 6.5916095  1.8438394 10.823863   5.022656   5.6287236  2.7807322
  8.377738   3.243035   4.359949   4.1942124]",0.45282921282084027,"I would return with him for his ticket and we would see what we could of the concert together. If that were not an option, I would sell my ticket to someone outside of the theater and take the loss. I would not want to go alone, without my friend. That would be unkind to my friend and not very much fun for me either."
140,2317,128,7,Go to the concert,pg,3.0,84.6666666666667,Darya is on her way to a concert with her friends. As they approach the entrance her friend Ted realizes he forgot his ticket at his house. The concert is about to start and Ted would likely miss most of the concert if he returned to his house for his ticket.,is on way to a concert with friends . As approach the entrance friend Ted realizes forgot ticket at house . The concert is about to start and Ted likely miss most of the concert if returned to house for ticket . : Go to the concert,6.544968,1.9798279,10.664395,4.932435,6.3856,3.4102983,8.532116,3.1404438,4.4235344,3.76654,"[6.544968128204346, 1.979827880859375, 10.664395332336426, 4.932435035705566, 6.3856000900268555, 3.4102983474731445, 8.532115936279297, 3.140443801879883, 4.423534393310547, 3.766540050506592]",3.0477672,2.841979,10,"[ 6.0350957  1.7044297 10.5954275  5.2186604  6.316846   3.4331267
  8.475936   2.7918687  4.4011946  3.9598694]",0.7682967543457061,Darya and her friends could all listen to the concert from the parking lot
141,2318,129,7,Let Ted figure it out for himself.,pg,3.0,23.3333333333333,Darya is on her way to a concert with her friends. As they approach the entrance her friend Ted realizes he forgot his ticket at his house. The concert is about to start and Ted would likely miss most of the concert if he returned to his house for his ticket.,is on way to a concert with friends . As approach the entrance friend Ted realizes forgot ticket at house . The concert is about to start and Ted likely miss most of the concert if returned to house for ticket . : Let Ted figure out for .,6.295183,1.9242305,10.388487,5.005809,6.6293287,4.301854,8.274774,2.6697922,4.44665,3.424848,"[6.295183181762695, 1.9242304563522339, 10.388486862182617, 5.0058088302612305, 6.629328727722168, 4.301854133605957, 8.274773597717285, 2.6697921752929688, 4.44665002822876, 3.4248480796813965]",3.3580136,3.8521626,7,"[ 6.0744877  1.6136857 10.175958   4.596031   6.4566236  4.374307
  8.231861   2.6766467  4.3928285  3.4267533]",0.6309487087309008,I would wait for my friend to retrieve the ticket himself or have someone bring the ticket to him.
142,2319,130,7,Darya might tell Ted she'll stay behind if he misses the concert,pg,3.0,62.0,Darya is on her way to a concert with her friends. As they approach the entrance her friend Ted realizes he forgot his ticket at his house. The concert is about to start and Ted would likely miss most of the concert if he returned to his house for his ticket.,is on way to a concert with friends . As approach the entrance friend Ted realizes forgot ticket at house . The concert is about to start and Ted likely miss most of the concert if returned to house for ticket . : might tell Ted 'll stay behind if misses the concert,6.379997,1.8953015,10.924133,5.130932,6.247691,3.1461449,8.226857,2.4517148,4.546554,3.6858,"[6.3799967765808105, 1.8953014612197876, 10.92413330078125, 5.130931854248047, 6.2476911544799805, 3.1461448669433594, 8.22685718536377, 2.4517147541046143, 4.546554088592529, 3.685800075531006]",3.4548109,2.5946915,3,"[ 6.4198093  1.9720458 10.862053   5.365867   6.5569224  3.5447173
  8.288348   2.4836838  4.577658   3.5889297]",0.5797946019366743,Let him go get it and I stay there
143,2320,138,7,She could ignore his missing ticket and enjoy the concert without Ted.,pg,3.0,61.3333333333333,Darya is on her way to a concert with her friends. As they approach the entrance her friend Ted realizes he forgot his ticket at his house. The concert is about to start and Ted would likely miss most of the concert if he returned to his house for his ticket.,is on way to a concert with friends . As approach the entrance friend Ted realizes forgot ticket at house . The concert is about to start and Ted likely miss most of the concert if returned to house for ticket . : ignore missing ticket and enjoy the concert without Ted .,6.296445,1.754128,11.040147,4.737107,5.6286664,2.0607889,8.060984,2.832719,4.8110204,4.1076455,"[6.296444892883301, 1.7541279792785645, 11.040146827697754, 4.737106800079346, 5.628666400909424, 2.060788869857788, 8.060983657836914, 2.832719087600708, 4.811020374298096, 4.107645511627197]",2.5114532,0.9073666,6,"[ 6.265687   1.6498485 10.972007   4.614988   5.8489113  2.325574
  8.286291   2.8224268  4.7236633  3.9598396]",0.4799401332141362,Decide not to go to concert and instead hang out with Ted.
144,2321,140,7,Request Ted to return,pg,3.0,43.6666666666667,Darya is on her way to a concert with her friends. As they approach the entrance her friend Ted realizes he forgot his ticket at his house. The concert is about to start and Ted would likely miss most of the concert if he returned to his house for his ticket.,is on way to a concert with friends . As approach the entrance friend Ted realizes forgot ticket at house . The concert is about to start and Ted likely miss most of the concert if returned to house for ticket . : Request Ted to return,6.5005364,2.1049795,10.574313,5.1103272,6.860339,4.0080566,8.500226,2.7026575,4.2960806,3.4940677,"[6.5005364418029785, 2.1049795150756836, 10.574313163757324, 5.110327243804932, 6.860339164733887, 4.008056640625, 8.500226020812988, 2.702657461166382, 4.296080589294434, 3.494067668914795]",3.561789,3.5818954,3,"[ 6.4198093  1.9720458 10.862053   5.365867   6.5569224  3.5447173
  8.288348   2.4836838  4.577658   3.5889297]",0.8124989170502332,Let him go get it and I stay there
145,2322,145,7,sorry Ted,pg,3.0,97.6666666666667,Darya is on her way to a concert with her friends. As they approach the entrance her friend Ted realizes he forgot his ticket at his house. The concert is about to start and Ted would likely miss most of the concert if he returned to his house for his ticket.,is on way to a concert with friends . As approach the entrance friend Ted realizes forgot ticket at house . The concert is about to start and Ted likely miss most of the concert if returned to house for ticket . : sorry Ted,6.3002434,1.863316,10.937673,5.522259,6.417699,3.4468617,8.135445,2.3024082,4.829642,3.5387347,"[6.300243377685547, 1.8633160591125488, 10.93767261505127, 5.52225923538208, 6.417698860168457, 3.446861743927002, 8.135444641113281, 2.302408218383789, 4.829641819000244, 3.5387346744537354]",4.1958084,2.2885242,3,"[ 6.4198093  1.9720458 10.862053   5.365867   6.5569224  3.5447173
  8.288348   2.4836838  4.577658   3.5889297]",0.45553216110700884,Let him go get it and I stay there
146,2323,156,7,They go without him and tell him how it was afterwards,pg,3.0,13.3333333333333,Darya is on her way to a concert with her friends. As they approach the entrance her friend Ted realizes he forgot his ticket at his house. The concert is about to start and Ted would likely miss most of the concert if he returned to his house for his ticket.,is on way to a concert with friends . As approach the entrance friend Ted realizes forgot ticket at house . The concert is about to start and Ted likely miss most of the concert if returned to house for ticket . : go without and tell how was afterwards,6.6564856,1.8974496,10.891875,5.0197864,5.392448,2.5314558,8.395906,3.4042404,4.378076,4.3090925,"[6.656485557556152, 1.8974496126174927, 10.891875267028809, 5.019786357879639, 5.3924479484558105, 2.5314557552337646, 8.395906448364258, 3.404240369796753, 4.378076076507568, 4.3090925216674805]",1.7973151,1.9669079,1,"[ 6.5916095  1.8438394 10.823863   5.022656   5.6287236  2.7807322
  8.377738   3.243035   4.359949   4.1942124]",0.41173418047493293,"I would return with him for his ticket and we would see what we could of the concert together. If that were not an option, I would sell my ticket to someone outside of the theater and take the loss. I would not want to go alone, without my friend. That would be unkind to my friend and not very much fun for me either."
147,2324,163,7,Leave Ted outside,pg,3.0,15.0,Darya is on her way to a concert with her friends. As they approach the entrance her friend Ted realizes he forgot his ticket at his house. The concert is about to start and Ted would likely miss most of the concert if he returned to his house for his ticket.,is on way to a concert with friends . As approach the entrance friend Ted realizes forgot ticket at house . The concert is about to start and Ted likely miss most of the concert if returned to house for ticket . : Leave Ted outside,6.12137,1.7194818,10.483711,4.9784346,5.8502417,3.451765,8.172357,2.9861012,4.4118414,4.1547728,"[6.1213698387146, 1.7194818258285522, 10.483711242675781, 4.9784345626831055, 5.850241661071777, 3.4517650604248047, 8.172356605529785, 2.9861011505126953, 4.41184139251709, 4.154772758483887]",2.5714679,2.9472888,10,"[ 6.0350957  1.7044297 10.5954275  5.2186604  6.316846   3.4331267
  8.475936   2.7918687  4.4011946  3.9598694]",0.6811115829895626,Darya and her friends could all listen to the concert from the parking lot
148,2325,165,7,go without Ted,pg,3.0,50.0,Darya is on her way to a concert with her friends. As they approach the entrance her friend Ted realizes he forgot his ticket at his house. The concert is about to start and Ted would likely miss most of the concert if he returned to his house for his ticket.,is on way to a concert with friends . As approach the entrance friend Ted realizes forgot ticket at house . The concert is about to start and Ted likely miss most of the concert if returned to house for ticket . : go without Ted,6.7552714,1.8586255,10.985051,5.0656137,5.4881234,2.5239356,8.395454,3.2682064,4.254586,4.288229,"[6.7552714347839355, 1.8586255311965942, 10.985051155090332, 5.065613746643066, 5.488123416900635, 2.523935556411743, 8.395454406738281, 3.2682063579559326, 4.254586219787598, 4.288228988647461]",1.9782614,2.0602558,1,"[ 6.5916095  1.8438394 10.823863   5.022656   5.6287236  2.7807322
  8.377738   3.243035   4.359949   4.1942124]",0.40178560762279364,"I would return with him for his ticket and we would see what we could of the concert together. If that were not an option, I would sell my ticket to someone outside of the theater and take the loss. I would not want to go alone, without my friend. That would be unkind to my friend and not very much fun for me either."
149,2326,166,7,tell him to go home,pg,3.0,57.6666666666667,Darya is on her way to a concert with her friends. As they approach the entrance her friend Ted realizes he forgot his ticket at his house. The concert is about to start and Ted would likely miss most of the concert if he returned to his house for his ticket.,is on way to a concert with friends . As approach the entrance friend Ted realizes forgot ticket at house . The concert is about to start and Ted likely miss most of the concert if returned to house for ticket . : tell to go home,6.532856,1.9859804,11.163139,5.6765013,6.7674804,3.2940743,8.461716,2.3846006,4.464793,3.6524434,"[6.532855987548828, 1.9859803915023804, 11.163139343261719, 5.676501274108887, 6.767480373382568, 3.294074296951294, 8.461715698242188, 2.3846006393432617, 4.4647932052612305, 3.6524434089660645]",4.3083873,2.8093288,3,"[ 6.4198093  1.9720458 10.862053   5.365867   6.5569224  3.5447173
  8.288348   2.4836838  4.577658   3.5889297]",0.603260435168227,Let him go get it and I stay there
150,2327,170,7,Ignore it,pg,3.0,84.6666666666667,Darya is on her way to a concert with her friends. As they approach the entrance her friend Ted realizes he forgot his ticket at his house. The concert is about to start and Ted would likely miss most of the concert if he returned to his house for his ticket.,is on way to a concert with friends . As approach the entrance friend Ted realizes forgot ticket at house . The concert is about to start and Ted likely miss most of the concert if returned to house for ticket . : Ignore,6.2827444,1.8045379,11.014748,4.8927073,5.6883516,2.1883366,8.0131445,2.773409,4.8323684,4.063209,"[6.282744407653809, 1.8045378923416138, 11.014747619628906, 4.892707347869873, 5.688351631164551, 2.1883366107940674, 8.013144493103027, 2.773408889770508, 4.83236837387085, 4.063209056854248]",2.815067,0.959822,6,"[ 6.265687   1.6498485 10.972007   4.614988   5.8489113  2.325574
  8.286291   2.8224268  4.7236633  3.9598396]",0.49729470725972463,Decide not to go to concert and instead hang out with Ted.
151,2328,182,7,Darya can go to the concert by herself and wait for Ted to come.,pg,3.0,74.0,Darya is on her way to a concert with her friends. As they approach the entrance her friend Ted realizes he forgot his ticket at his house. The concert is about to start and Ted would likely miss most of the concert if he returned to his house for his ticket.,is on way to a concert with friends . As approach the entrance friend Ted realizes forgot ticket at house . The concert is about to start and Ted likely miss most of the concert if returned to house for ticket . : can go to the concert by herself and wait for Ted to come .,6.7207704,1.9045247,10.787663,4.9576955,5.7915983,3.1128292,8.352299,3.0921364,4.1846957,4.011567,"[6.720770359039307, 1.9045246839523315, 10.787663459777832, 4.957695484161377, 5.791598320007324, 3.1128292083740234, 8.352298736572266, 3.0921363830566406, 4.184695720672607, 4.011567115783691]",2.4554145,2.578662,1,"[ 6.5916095  1.8438394 10.823863   5.022656   5.6287236  2.7807322
  8.377738   3.243035   4.359949   4.1942124]",0.5002027247452082,"I would return with him for his ticket and we would see what we could of the concert together. If that were not an option, I would sell my ticket to someone outside of the theater and take the loss. I would not want to go alone, without my friend. That would be unkind to my friend and not very much fun for me either."
152,2329,196,7,go to concert without Ted,pg,3.0,28.0,Darya is on her way to a concert with her friends. As they approach the entrance her friend Ted realizes he forgot his ticket at his house. The concert is about to start and Ted would likely miss most of the concert if he returned to his house for his ticket.,is on way to a concert with friends . As approach the entrance friend Ted realizes forgot ticket at house . The concert is about to start and Ted likely miss most of the concert if returned to house for ticket . : go to concert without Ted,6.739997,1.8686477,10.934082,5.001833,5.51733,2.496421,8.318786,3.1874008,4.268802,4.277298,"[6.739996910095215, 1.8686476945877075, 10.93408203125, 5.001832962036133, 5.517330169677734, 2.4964210987091064, 8.318785667419434, 3.1874008178710938, 4.268802165985107, 4.2772979736328125]",2.0750546,1.9570516,1,"[ 6.5916095  1.8438394 10.823863   5.022656   5.6287236  2.7807322
  8.377738   3.243035   4.359949   4.1942124]",0.3876066371030787,"I would return with him for his ticket and we would see what we could of the concert together. If that were not an option, I would sell my ticket to someone outside of the theater and take the loss. I would not want to go alone, without my friend. That would be unkind to my friend and not very much fun for me either."
153,2330,207,7,Continue to the concert and leave Ted to fate if he has to stay outside the concert. ,pg,3.0,16.6666666666667,Darya is on her way to a concert with her friends. As they approach the entrance her friend Ted realizes he forgot his ticket at his house. The concert is about to start and Ted would likely miss most of the concert if he returned to his house for his ticket.,is on way to a concert with friends . As approach the entrance friend Ted realizes forgot ticket at house . The concert is about to start and Ted likely miss most of the concert if returned to house for ticket . : Continue to the concert and leave Ted to fate if has to stay outside the concert .,6.1168513,1.6315314,10.856897,4.853622,5.970286,2.5715508,8.433365,2.868813,4.628747,4.080482,"[6.116851329803467, 1.6315313577651978, 10.856897354125977, 4.853621959686279, 5.970285892486572, 2.5715508460998535, 8.433364868164062, 2.8688130378723145, 4.62874698638916, 4.080482006072998]",2.84121,1.9753555,6,"[ 6.265687   1.6498485 10.972007   4.614988   5.8489113  2.325574
  8.286291   2.8224268  4.7236633  3.9598396]",0.4639682225509731,Decide not to go to concert and instead hang out with Ted.
154,2331,107,7,leave him,pg,4.0,0.0,Darya is on her way to a concert with her friends. As they approach the entrance her friend Ted realizes he forgot his ticket at his house. The concert is about to start and Ted would likely miss most of the concert if he returned to his house for his ticket.,is on way to a concert with friends . As approach the entrance friend Ted realizes forgot ticket at house . The concert is about to start and Ted likely miss most of the concert if returned to house for ticket . : leave,6.140938,1.8115313,10.860636,5.411955,6.2739735,3.0932145,8.314928,2.586117,4.6675,3.9761164,"[6.140937805175781, 1.8115313053131104, 10.860635757446289, 5.411954879760742, 6.27397346496582, 3.093214511871338, 8.31492805480957, 2.5861170291900635, 4.667500019073486, 3.976116418838501]",3.545585,2.4789233,10,"[ 6.0350957  1.7044297 10.5954275  5.2186604  6.316846   3.4331267
  8.475936   2.7918687  4.4011946  3.9598694]",0.6222456551802849,Darya and her friends could all listen to the concert from the parking lot
155,2332,114,7,Leave Ted outside,pg,4.0,50.0,Darya is on her way to a concert with her friends. As they approach the entrance her friend Ted realizes he forgot his ticket at his house. The concert is about to start and Ted would likely miss most of the concert if he returned to his house for his ticket.,is on way to a concert with friends . As approach the entrance friend Ted realizes forgot ticket at house . The concert is about to start and Ted likely miss most of the concert if returned to house for ticket . : Leave Ted outside,6.1316977,1.7279308,10.497871,4.9922566,5.7845364,3.3988812,8.153176,2.9912734,4.4106045,4.2152586,"[6.131697654724121, 1.7279307842254639, 10.497871398925781, 4.9922566413879395, 5.784536361694336, 3.398881196975708, 8.153176307678223, 2.9912734031677246, 4.410604476928711, 4.215258598327637]",2.486239,2.8775501,10,"[ 6.0350957  1.7044297 10.5954275  5.2186604  6.316846   3.4331267
  8.475936   2.7918687  4.4011946  3.9598694]",0.7512885476763502,Darya and her friends could all listen to the concert from the parking lot
156,2333,126,7,Tell him he's on his own,pg,4.0,8.0,Darya is on her way to a concert with her friends. As they approach the entrance her friend Ted realizes he forgot his ticket at his house. The concert is about to start and Ted would likely miss most of the concert if he returned to his house for his ticket.,is on way to a concert with friends . As approach the entrance friend Ted realizes forgot ticket at house . The concert is about to start and Ted likely miss most of the concert if returned to house for ticket . : Tell 's on own,6.4868546,1.8136481,10.866973,5.0576735,6.1032195,3.3856995,8.111071,2.4030225,4.797999,3.3091304,"[6.486854553222656, 1.8136481046676636, 10.866972923278809, 5.057673454284668, 6.103219509124756, 3.385699510574341, 8.11107063293457, 2.403022527694702, 4.797998905181885, 3.3091304302215576]",3.8469129,2.1664608,3,"[ 6.4198093  1.9720458 10.862053   5.365867   6.5569224  3.5447173
  8.288348   2.4836838  4.577658   3.5889297]",0.7214545483605682,Let him go get it and I stay there
157,2334,130,7,Darya could tell Ted sorry and continue to the concert without him,pg,4.0,43.6666666666667,Darya is on her way to a concert with her friends. As they approach the entrance her friend Ted realizes he forgot his ticket at his house. The concert is about to start and Ted would likely miss most of the concert if he returned to his house for his ticket.,is on way to a concert with friends . As approach the entrance friend Ted realizes forgot ticket at house . The concert is about to start and Ted likely miss most of the concert if returned to house for ticket . : tell Ted sorry and continue to the concert without,6.2541957,1.6391455,10.991152,4.836705,6.0435596,2.766922,8.132165,2.4760103,4.9803424,3.5471258,"[6.254195690155029, 1.6391454935073853, 10.991151809692383, 4.836705207824707, 6.043559551239014, 2.7669219970703125, 8.13216495513916, 2.476010322570801, 4.980342388153076, 3.547125816345215]",3.2655525,1.6118745,6,"[ 6.265687   1.6498485 10.972007   4.614988   5.8489113  2.325574
  8.286291   2.8224268  4.7236633  3.9598396]",0.8138942395338109,Decide not to go to concert and instead hang out with Ted.
158,2335,134,7,Attend the concert without Ted ,pg,4.0,46.6666666666667,Darya is on her way to a concert with her friends. As they approach the entrance her friend Ted realizes he forgot his ticket at his house. The concert is about to start and Ted would likely miss most of the concert if he returned to his house for his ticket.,is on way to a concert with friends . As approach the entrance friend Ted realizes forgot ticket at house . The concert is about to start and Ted likely miss most of the concert if returned to house for ticket . : Attend the concert without Ted,6.612957,1.7852031,10.90928,4.838317,5.5703177,2.4153259,8.325496,3.1312919,4.3722863,4.2279005,"[6.612957000732422, 1.7852030992507935, 10.909279823303223, 4.838316917419434, 5.57031774520874, 2.415325880050659, 8.325495719909668, 3.1312918663024902, 4.372286319732666, 4.227900505065918]",2.131979,1.8386402,1,"[ 6.5916095  1.8438394 10.823863   5.022656   5.6287236  2.7807322
  8.377738   3.243035   4.359949   4.1942124]",0.4456531519051841,"I would return with him for his ticket and we would see what we could of the concert together. If that were not an option, I would sell my ticket to someone outside of the theater and take the loss. I would not want to go alone, without my friend. That would be unkind to my friend and not very much fun for me either."
159,2336,136,7,She could go in without Ted,pg,4.0,52.0,Darya is on her way to a concert with her friends. As they approach the entrance her friend Ted realizes he forgot his ticket at his house. The concert is about to start and Ted would likely miss most of the concert if he returned to his house for his ticket.,is on way to a concert with friends . As approach the entrance friend Ted realizes forgot ticket at house . The concert is about to start and Ted likely miss most of the concert if returned to house for ticket . : go in without Ted,6.4088306,1.8123195,10.575747,5.1291757,5.5923133,3.162082,8.404468,3.5246117,4.472607,4.254927,"[6.408830642700195, 1.8123195171356201, 10.575746536254883, 5.129175662994385, 5.592313289642334, 3.1620819568634033, 8.404467582702637, 3.524611711502075, 4.472607135772705, 4.254927158355713]",2.0579522,2.5983603,1,"[ 6.5916095  1.8438394 10.823863   5.022656   5.6287236  2.7807322
  8.377738   3.243035   4.359949   4.1942124]",0.5919807507555096,"I would return with him for his ticket and we would see what we could of the concert together. If that were not an option, I would sell my ticket to someone outside of the theater and take the loss. I would not want to go alone, without my friend. That would be unkind to my friend and not very much fun for me either."
160,2337,161,7,Enter the concert alone,pg,4.0,45.6666666666667,Darya is on her way to a concert with her friends. As they approach the entrance her friend Ted realizes he forgot his ticket at his house. The concert is about to start and Ted would likely miss most of the concert if he returned to his house for his ticket.,is on way to a concert with friends . As approach the entrance friend Ted realizes forgot ticket at house . The concert is about to start and Ted likely miss most of the concert if returned to house for ticket . : Enter the concert alone,6.543961,1.8708153,10.635885,5.1420383,5.6578093,3.1542206,8.41711,3.4423633,4.3556023,4.196397,"[6.543961048126221, 1.8708152770996094, 10.635885238647461, 5.142038345336914, 5.657809257507324, 3.1542205810546875, 8.417110443115234, 3.4423632621765137, 4.355602264404297, 4.196396827697754]",2.1500537,2.4970462,1,"[ 6.5916095  1.8438394 10.823863   5.022656   5.6287236  2.7807322
  8.377738   3.243035   4.359949   4.1942124]",0.4839742069760441,"I would return with him for his ticket and we would see what we could of the concert together. If that were not an option, I would sell my ticket to someone outside of the theater and take the loss. I would not want to go alone, without my friend. That would be unkind to my friend and not very much fun for me either."
161,2338,162,7,"Tell Ted to go home and get his ticket, while she watches the concert by herself",pg,4.0,13.3333333333333,Darya is on her way to a concert with her friends. As they approach the entrance her friend Ted realizes he forgot his ticket at his house. The concert is about to start and Ted would likely miss most of the concert if he returned to his house for his ticket.,"is on way to a concert with friends . As approach the entrance friend Ted realizes forgot ticket at house . The concert is about to start and Ted likely miss most of the concert if returned to house for ticket . : Tell Ted to go home and get ticket , while watches the concert by herself",6.759483,1.9576231,11.000272,5.146,6.1719894,3.2935526,8.313317,2.665086,4.24417,3.6785684,"[6.7594828605651855, 1.9576231241226196, 11.000271797180176, 5.145999908447266, 6.171989440917969, 3.2935526371002197, 8.31331729888916, 2.665086030960083, 4.244170188903809, 3.6785683631896973]",3.1864588,2.6146717,3,"[ 6.4198093  1.9720458 10.862053   5.365867   6.5569224  3.5447173
  8.288348   2.4836838  4.577658   3.5889297]",0.7396410121764821,Let him go get it and I stay there
162,2339,163,7,Tell him he's on his own,pg,4.0,6.33333333333333,Darya is on her way to a concert with her friends. As they approach the entrance her friend Ted realizes he forgot his ticket at his house. The concert is about to start and Ted would likely miss most of the concert if he returned to his house for his ticket.,is on way to a concert with friends . As approach the entrance friend Ted realizes forgot ticket at house . The concert is about to start and Ted likely miss most of the concert if returned to house for ticket . : Tell 's on own,6.485462,1.8300952,10.868955,5.114628,6.0962024,3.400828,8.092105,2.3886008,4.8111835,3.3328042,"[6.485462188720703, 1.8300951719284058, 10.8689546585083, 5.114627838134766, 6.096202373504639, 3.4008278846740723, 8.0921049118042, 2.3886008262634277, 4.811183452606201, 3.3328042030334473]",3.8126965,2.1919456,3,"[ 6.4198093  1.9720458 10.862053   5.365867   6.5569224  3.5447173
  8.288348   2.4836838  4.577658   3.5889297]",0.6987723082719011,Let him go get it and I stay there
163,2340,171,7,leave him,pg,4.0,30.3333333333333,Darya is on her way to a concert with her friends. As they approach the entrance her friend Ted realizes he forgot his ticket at his house. The concert is about to start and Ted would likely miss most of the concert if he returned to his house for his ticket.,is on way to a concert with friends . As approach the entrance friend Ted realizes forgot ticket at house . The concert is about to start and Ted likely miss most of the concert if returned to house for ticket . : leave,6.126341,1.8030759,10.833883,5.40787,6.258935,3.1161478,8.3230715,2.6094851,4.643443,3.9860837,"[6.126340866088867, 1.803075909614563, 10.833883285522461, 5.407869815826416, 6.25893497467041, 3.116147756576538, 8.323071479797363, 2.609485149383545, 4.6434431076049805, 3.986083745956421]",3.5082607,2.4432635,10,"[ 6.0350957  1.7044297 10.5954275  5.2186604  6.316846   3.4331267
  8.475936   2.7918687  4.4011946  3.9598694]",0.5749350248518744,Darya and her friends could all listen to the concert from the parking lot
164,2341,191,7,Apologize to Ted but continue into the concert with her other friends,pg,4.0,58.3333333333333,Darya is on her way to a concert with her friends. As they approach the entrance her friend Ted realizes he forgot his ticket at his house. The concert is about to start and Ted would likely miss most of the concert if he returned to his house for his ticket.,is on way to a concert with friends . As approach the entrance friend Ted realizes forgot ticket at house . The concert is about to start and Ted likely miss most of the concert if returned to house for ticket . : Apologize to Ted but continue into the concert with other friends,6.2306743,1.7003036,10.963194,5.097249,6.137351,3.0093167,8.10123,2.3780434,4.9576554,3.5417035,"[6.2306742668151855, 1.700303554534912, 10.963193893432617, 5.0972490310668945, 6.137351036071777, 3.0093166828155518, 8.101229667663574, 2.3780434131622314, 4.957655429840088, 3.541703462600708]",3.6069098,1.8396814,3,"[ 6.4198093  1.9720458 10.862053   5.365867   6.5569224  3.5447173
  8.288348   2.4836838  4.577658   3.5889297]",0.9205957620238585,Let him go get it and I stay there
165,2342,200,7,She could go to the concert without him.,pg,4.0,24.6666666666667,Darya is on her way to a concert with her friends. As they approach the entrance her friend Ted realizes he forgot his ticket at his house. The concert is about to start and Ted would likely miss most of the concert if he returned to his house for his ticket.,is on way to a concert with friends . As approach the entrance friend Ted realizes forgot ticket at house . The concert is about to start and Ted likely miss most of the concert if returned to house for ticket . : go to the concert without .,6.705172,1.8860397,10.93114,4.9920096,5.4399548,2.4665778,8.359785,3.2923787,4.332187,4.3125806,"[6.705172061920166, 1.8860397338867188, 10.931139945983887, 4.99200963973999, 5.43995475769043, 2.4665777683258057, 8.359785079956055, 3.2923786640167236, 4.332187175750732, 4.312580585479736]",1.8265349,1.8846145,1,"[ 6.5916095  1.8438394 10.823863   5.022656   5.6287236  2.7807322
  8.377738   3.243035   4.359949   4.1942124]",0.4230725293041908,"I would return with him for his ticket and we would see what we could of the concert together. If that were not an option, I would sell my ticket to someone outside of the theater and take the loss. I would not want to go alone, without my friend. That would be unkind to my friend and not very much fun for me either."
166,2343,205,7,Leave Ted outside the entrance,pg,4.0,5.0,Darya is on her way to a concert with her friends. As they approach the entrance her friend Ted realizes he forgot his ticket at his house. The concert is about to start and Ted would likely miss most of the concert if he returned to his house for his ticket.,is on way to a concert with friends . As approach the entrance friend Ted realizes forgot ticket at house . The concert is about to start and Ted likely miss most of the concert if returned to house for ticket . : Leave Ted outside the entrance,6.1905613,1.743422,10.452378,4.9440165,5.845547,3.523988,8.180244,3.0843878,4.40686,4.102349,"[6.190561294555664, 1.743422031402588, 10.452378273010254, 4.944016456604004, 5.845547199249268, 3.5239880084991455, 8.180244445800781, 3.08438777923584, 4.406859874725342, 4.102348804473877]",2.487998,2.9999256,10,"[ 6.0350957  1.7044297 10.5954275  5.2186604  6.316846   3.4331267
  8.475936   2.7918687  4.4011946  3.9598694]",0.7384401834282891,Darya and her friends could all listen to the concert from the parking lot
167,2344,124,7,"She could simply do nothing, and go in alone. ",pg,5.0,63.3333333333333,Darya is on her way to a concert with her friends. As they approach the entrance her friend Ted realizes he forgot his ticket at his house. The concert is about to start and Ted would likely miss most of the concert if he returned to his house for his ticket.,"is on way to a concert with friends . As approach the entrance friend Ted realizes forgot ticket at house . The concert is about to start and Ted likely miss most of the concert if returned to house for ticket . : simply do nothing , and go in alone .",6.4105825,1.7825963,10.600747,5.059862,5.641371,3.142496,8.448179,3.4992425,4.4769206,4.1899796,"[6.410582542419434, 1.7825963497161865, 10.600747108459473, 5.05986213684082, 5.64137077331543, 3.142496109008789, 8.448179244995117, 3.4992425441741943, 4.4769206047058105, 4.189979553222656]",2.065942,2.5732632,1,"[ 6.5916095  1.8438394 10.823863   5.022656   5.6287236  2.7807322
  8.377738   3.243035   4.359949   4.1942124]",0.550476219496585,"I would return with him for his ticket and we would see what we could of the concert together. If that were not an option, I would sell my ticket to someone outside of the theater and take the loss. I would not want to go alone, without my friend. That would be unkind to my friend and not very much fun for me either."
168,2345,125,7,He can encourage his friends to go without him,pg,5.0,63.6666666666667,Darya is on her way to a concert with her friends. As they approach the entrance her friend Ted realizes he forgot his ticket at his house. The concert is about to start and Ted would likely miss most of the concert if he returned to his house for his ticket.,is on way to a concert with friends . As approach the entrance friend Ted realizes forgot ticket at house . The concert is about to start and Ted likely miss most of the concert if returned to house for ticket . : can encourage friends to go without,6.660088,1.9431456,10.879841,4.949333,5.350604,2.4905987,8.358114,3.3948607,4.4118614,4.3475065,"[6.660088062286377, 1.9431456327438354, 10.879840850830078, 4.949333190917969, 5.350604057312012, 2.490598678588867, 8.358114242553711, 3.3948607444763184, 4.411861419677734, 4.347506523132324]",1.7008226,1.9108588,1,"[ 6.5916095  1.8438394 10.823863   5.022656   5.6287236  2.7807322
  8.377738   3.243035   4.359949   4.1942124]",0.48396157275138296,"I would return with him for his ticket and we would see what we could of the concert together. If that were not an option, I would sell my ticket to someone outside of the theater and take the loss. I would not want to go alone, without my friend. That would be unkind to my friend and not very much fun for me either."
169,2346,133,7,leave without him,pg,5.0,27.6666666666667,Darya is on her way to a concert with her friends. As they approach the entrance her friend Ted realizes he forgot his ticket at his house. The concert is about to start and Ted would likely miss most of the concert if he returned to his house for his ticket.,is on way to a concert with friends . As approach the entrance friend Ted realizes forgot ticket at house . The concert is about to start and Ted likely miss most of the concert if returned to house for ticket . : leave without,6.1977615,1.7359083,10.8411255,5.1345816,5.8686566,2.7427402,8.336101,2.909964,4.592612,4.177912,"[6.197761535644531, 1.7359082698822021, 10.84112548828125, 5.134581565856934, 5.868656635284424, 2.7427401542663574, 8.336100578308105, 2.909964084625244, 4.592611789703369, 4.17791223526001]",2.7500865,2.0525885,1,"[ 6.5916095  1.8438394 10.823863   5.022656   5.6287236  2.7807322
  8.377738   3.243035   4.359949   4.1942124]",0.6369218851869035,"I would return with him for his ticket and we would see what we could of the concert together. If that were not an option, I would sell my ticket to someone outside of the theater and take the loss. I would not want to go alone, without my friend. That would be unkind to my friend and not very much fun for me either."
170,2347,144,7,Go on inside the concert,pg,5.0,67.0,Darya is on her way to a concert with her friends. As they approach the entrance her friend Ted realizes he forgot his ticket at his house. The concert is about to start and Ted would likely miss most of the concert if he returned to his house for his ticket.,is on way to a concert with friends . As approach the entrance friend Ted realizes forgot ticket at house . The concert is about to start and Ted likely miss most of the concert if returned to house for ticket . : Go on inside the concert,6.383479,1.9470121,10.48896,5.154865,6.212328,3.741547,8.380247,3.1251142,4.4614134,3.8682957,"[6.383479118347168, 1.9470120668411255, 10.488960266113281, 5.15486478805542, 6.21232795715332, 3.741547107696533, 8.380247116088867, 3.1251142024993896, 4.461413383483887, 3.868295669555664]",3.1338632,3.2505443,10,"[ 6.0350957  1.7044297 10.5954275  5.2186604  6.316846   3.4331267
  8.475936   2.7918687  4.4011946  3.9598694]",0.6587036302321698,Darya and her friends could all listen to the concert from the parking lot
171,2348,175,7,Ask Ted to wait in the lobby,pg,5.0,40.0,Darya is on her way to a concert with her friends. As they approach the entrance her friend Ted realizes he forgot his ticket at his house. The concert is about to start and Ted would likely miss most of the concert if he returned to his house for his ticket.,is on way to a concert with friends . As approach the entrance friend Ted realizes forgot ticket at house . The concert is about to start and Ted likely miss most of the concert if returned to house for ticket . : Ask Ted to wait in the lobby,6.0757966,1.6124591,10.234156,4.5321527,6.177597,4.1708612,8.129951,2.868671,4.2806573,3.6907034,"[6.075796604156494, 1.6124590635299683, 10.234155654907227, 4.5321526527404785, 6.1775970458984375, 4.17086124420166, 8.129950523376465, 2.86867094039917, 4.2806572914123535, 3.6907033920288086]",2.346185,3.5943773,7,"[ 6.0744877  1.6136857 10.175958   4.596031   6.4566236  4.374307
  8.231861   2.6766467  4.3928285  3.4267533]",0.506189516999231,I would wait for my friend to retrieve the ticket himself or have someone bring the ticket to him.
172,2349,181,7,Tell him to go home himself,pg,5.0,2.0,Darya is on her way to a concert with her friends. As they approach the entrance her friend Ted realizes he forgot his ticket at his house. The concert is about to start and Ted would likely miss most of the concert if he returned to his house for his ticket.,is on way to a concert with friends . As approach the entrance friend Ted realizes forgot ticket at house . The concert is about to start and Ted likely miss most of the concert if returned to house for ticket . : Tell to go home,6.52467,1.9613938,11.19051,5.6425986,6.752975,3.2333155,8.462167,2.3650634,4.489114,3.632583,"[6.524670124053955, 1.9613938331604004, 11.190509796142578, 5.642598628997803, 6.752974987030029, 3.2333154678344727, 8.462166786193848, 2.365063428878784, 4.489113807678223, 3.632582902908325]",4.286108,2.7878616,3,"[ 6.4198093  1.9720458 10.862053   5.365867   6.5569224  3.5447173
  8.288348   2.4836838  4.577658   3.5889297]",0.6204922317392648,Let him go get it and I stay there
173,3568,106,7,cancel,pg,1.0,80.3333333333333,Darya is on her way to a concert with her friends. As they approach the entrance her friend Ted realizes he forgot his ticket at his house. The concert is about to start and Ted would likely miss most of the concert if he returned to his house for his ticket.,is on way to a concert with friends . As approach the entrance friend Ted realizes forgot ticket at house . The concert is about to start and Ted likely miss most of the concert if returned to house for ticket . : cancel,6.119489,1.7677344,10.86544,5.226801,6.156714,2.9974267,8.154356,2.456269,4.793712,3.894283,"[6.1194891929626465, 1.767734408378601, 10.865440368652344, 5.226800918579102, 6.156713962554932, 2.997426748275757, 8.154356002807617, 2.4562690258026123, 4.793712139129639, 3.8942830562591553]",3.421483,2.3437815,10,"[ 6.0350957  1.7044297 10.5954275  5.2186604  6.316846   3.4331267
  8.475936   2.7918687  4.4011946  3.9598694]",0.8209701697673037,Darya and her friends could all listen to the concert from the parking lot
174,3569,150,7,forget about the concert,pg,1.0,34.6666666666667,Darya is on her way to a concert with her friends. As they approach the entrance her friend Ted realizes he forgot his ticket at his house. The concert is about to start and Ted would likely miss most of the concert if he returned to his house for his ticket.,is on way to a concert with friends . As approach the entrance friend Ted realizes forgot ticket at house . The concert is about to start and Ted likely miss most of the concert if returned to house for ticket . : forget about the concert,6.4384084,1.8419408,10.947114,4.924173,5.7439957,2.3538992,8.185941,2.9272647,4.608505,4.13055,"[6.438408374786377, 1.8419407606124878, 10.947113990783691, 4.924172878265381, 5.743995666503906, 2.3538992404937744, 8.185940742492676, 2.92726469039917, 4.608504772186279, 4.130549907684326]",2.909769,1.7376302,6,"[ 6.265687   1.6498485 10.972007   4.614988   5.8489113  2.325574
  8.286291   2.8224268  4.7236633  3.9598396]",0.48807936278067215,Decide not to go to concert and instead hang out with Ted.
175,3570,155,7,Leave with Ted and go do something else,pg,1.0,82.3333333333333,Darya is on her way to a concert with her friends. As they approach the entrance her friend Ted realizes he forgot his ticket at his house. The concert is about to start and Ted would likely miss most of the concert if he returned to his house for his ticket.,is on way to a concert with friends . As approach the entrance friend Ted realizes forgot ticket at house . The concert is about to start and Ted likely miss most of the concert if returned to house for ticket . : Leave with Ted and go do something else,6.163273,1.7537702,10.886747,5.1461816,6.131359,2.870376,8.320077,2.6313016,4.635871,3.9686558,"[6.163272857666016, 1.7537702322006226, 10.886747360229492, 5.146181583404541, 6.131359100341797, 2.8703761100769043, 8.320076942443848, 2.6313016414642334, 4.635870933532715, 3.968655824661255]",3.1594255,2.2134178,10,"[ 6.0350957  1.7044297 10.5954275  5.2186604  6.316846   3.4331267
  8.475936   2.7918687  4.4011946  3.9598694]",0.7518655840384464,Darya and her friends could all listen to the concert from the parking lot
176,3571,172,7,Darya could not go to the concert and instead go do something else with Ted.,pg,1.0,83.3333333333333,Darya is on her way to a concert with her friends. As they approach the entrance her friend Ted realizes he forgot his ticket at his house. The concert is about to start and Ted would likely miss most of the concert if he returned to his house for his ticket.,is on way to a concert with friends . As approach the entrance friend Ted realizes forgot ticket at house . The concert is about to start and Ted likely miss most of the concert if returned to house for ticket . : not go to the concert and instead go do something else with Ted .,6.3094187,1.765467,10.916141,4.6040587,5.9827256,2.4669185,8.278586,2.8913813,4.7505436,3.8976955,"[6.309418678283691, 1.7654670476913452, 10.91614055633545, 4.604058742523193, 5.982725620269775, 2.466918468475342, 8.278586387634277, 2.89138126373291, 4.750543594360352, 3.897695541381836]",2.7969081,1.5927057,6,"[ 6.265687   1.6498485 10.972007   4.614988   5.8489113  2.325574
  8.286291   2.8224268  4.7236633  3.9598396]",0.2565222598845489,Decide not to go to concert and instead hang out with Ted.
177,3572,177,7,She can give up the concert,pg,1.0,69.6666666666667,Darya is on her way to a concert with her friends. As they approach the entrance her friend Ted realizes he forgot his ticket at his house. The concert is about to start and Ted would likely miss most of the concert if he returned to his house for his ticket.,is on way to a concert with friends . As approach the entrance friend Ted realizes forgot ticket at house . The concert is about to start and Ted likely miss most of the concert if returned to house for ticket . : can give up the concert,6.1083336,1.0360252,10.644312,3.3662903,6.160416,3.236294,7.8855486,2.1730366,4.6960707,2.9912615,"[6.108333587646484, 1.0360251665115356, 10.644311904907227, 3.366290330886841, 6.160416126251221, 3.2362940311431885, 7.8855485916137695, 2.173036575317383, 4.696070671081543, 2.9912614822387695]",1.0382158,2.2340164,8,"[ 6.206129   0.8477411 10.542283   2.8365161  6.434092   3.902594
  7.6392226  1.7240117  4.5328426  2.3152208]",1.2652722628362274,She could give Ted her ticket instead.
178,3573,183,7,not go to the concert and stay with Ted,pg,1.0,50.6666666666667,Darya is on her way to a concert with her friends. As they approach the entrance her friend Ted realizes he forgot his ticket at his house. The concert is about to start and Ted would likely miss most of the concert if he returned to his house for his ticket.,is on way to a concert with friends . As approach the entrance friend Ted realizes forgot ticket at house . The concert is about to start and Ted likely miss most of the concert if returned to house for ticket . : not go to the concert and stay with Ted,6.1714735,1.5570612,10.872273,4.6608434,5.9144707,2.4439218,8.49114,2.973785,4.6130357,4.046076,"[6.171473503112793, 1.5570611953735352, 10.872273445129395, 4.660843372344971, 5.914470672607422, 2.4439218044281006, 8.491140365600586, 2.973784923553467, 4.613035678863525, 4.046075820922852]",2.5221627,1.6312476,6,"[ 6.265687   1.6498485 10.972007   4.614988   5.8489113  2.325574
  8.286291   2.8224268  4.7236633  3.9598396]",0.363850304514756,Decide not to go to concert and instead hang out with Ted.
179,3574,202,7,skip the concert with Ted,pg,1.0,50.3333333333333,Darya is on her way to a concert with her friends. As they approach the entrance her friend Ted realizes he forgot his ticket at his house. The concert is about to start and Ted would likely miss most of the concert if he returned to his house for his ticket.,is on way to a concert with friends . As approach the entrance friend Ted realizes forgot ticket at house . The concert is about to start and Ted likely miss most of the concert if returned to house for ticket . : skip the concert with Ted,6.3429427,1.6922342,11.073714,4.452424,5.574975,1.944417,8.160632,2.87241,4.774129,4.0672565,"[6.342942714691162, 1.6922341585159302, 11.073714256286621, 4.452424049377441, 5.57497501373291, 1.9444169998168945, 8.160632133483887, 2.8724100589752197, 4.7741289138793945, 4.067256450653076]",2.1791131,1.1049631,6,"[ 6.265687   1.6498485 10.972007   4.614988   5.8489113  2.325574
  8.286291   2.8224268  4.7236633  3.9598396]",0.5451896343789427,Decide not to go to concert and instead hang out with Ted.
180,3575,205,7,Turn back around,pg,1.0,47.0,Darya is on her way to a concert with her friends. As they approach the entrance her friend Ted realizes he forgot his ticket at his house. The concert is about to start and Ted would likely miss most of the concert if he returned to his house for his ticket.,is on way to a concert with friends . As approach the entrance friend Ted realizes forgot ticket at house . The concert is about to start and Ted likely miss most of the concert if returned to house for ticket . : Turn back around,6.1547174,1.9933347,10.543211,5.4300766,6.7093673,3.7284598,8.623661,2.8359888,4.381394,3.8500278,"[6.154717445373535, 1.9933346509933472, 10.543210983276367, 5.430076599121094, 6.709367275238037, 3.7284598350524902, 8.623661041259766, 2.835988759994507, 4.381393909454346, 3.8500277996063232]",4.102266,3.5838048,10,"[ 6.0350957  1.7044297 10.5954275  5.2186604  6.316846   3.4331267
  8.475936   2.7918687  4.4011946  3.9598694]",0.650169234104499,Darya and her friends could all listen to the concert from the parking lot
181,3576,106,7,go back,pg,2.0,90.0,Darya is on her way to a concert with her friends. As they approach the entrance her friend Ted realizes he forgot his ticket at his house. The concert is about to start and Ted would likely miss most of the concert if he returned to his house for his ticket.,is on way to a concert with friends . As approach the entrance friend Ted realizes forgot ticket at house . The concert is about to start and Ted likely miss most of the concert if returned to house for ticket . : go back,6.307962,2.1205661,10.628142,5.4806595,6.8879294,3.7605634,8.627997,2.8110802,4.4800053,3.724833,"[6.307961940765381, 2.1205661296844482, 10.628142356872559, 5.480659484863281, 6.887929439544678, 3.760563373565674, 8.627997398376465, 2.81108021736145, 4.480005264282227, 3.7248330116271973]",4.00447,3.606154,3,"[ 6.4198093  1.9720458 10.862053   5.365867   6.5569224  3.5447173
  8.288348   2.4836838  4.577658   3.5889297]",0.7135618538073479,Let him go get it and I stay there
182,3577,109,7,Go home sad,pg,2.0,66.0,Darya is on her way to a concert with her friends. As they approach the entrance her friend Ted realizes he forgot his ticket at his house. The concert is about to start and Ted would likely miss most of the concert if he returned to his house for his ticket.,is on way to a concert with friends . As approach the entrance friend Ted realizes forgot ticket at house . The concert is about to start and Ted likely miss most of the concert if returned to house for ticket . : Go home sad,6.524923,2.0318832,11.169941,5.8906455,6.6520276,3.3987281,8.2617445,2.275713,4.6224527,3.6694753,"[6.524922847747803, 2.0318832397460938, 11.169940948486328, 5.890645503997803, 6.652027606964111, 3.398728132247925, 8.261744499206543, 2.2757129669189453, 4.622452735900879, 3.6694753170013428]",4.577473,2.7010174,3,"[ 6.4198093  1.9720458 10.862053   5.365867   6.5569224  3.5447173
  8.288348   2.4836838  4.577658   3.5889297]",0.6838335829154882,Let him go get it and I stay there
183,3578,111,7,go back home with him,pg,2.0,67.6666666666667,Darya is on her way to a concert with her friends. As they approach the entrance her friend Ted realizes he forgot his ticket at his house. The concert is about to start and Ted would likely miss most of the concert if he returned to his house for his ticket.,is on way to a concert with friends . As approach the entrance friend Ted realizes forgot ticket at house . The concert is about to start and Ted likely miss most of the concert if returned to house for ticket . : go back home with,6.636778,2.0814567,10.98711,5.48224,6.772528,3.5707533,8.468234,2.5090551,4.3235493,3.606183,"[6.636777877807617, 2.0814566612243652, 10.987110137939453, 5.482240200042725, 6.772528171539307, 3.570753335952759, 8.468234062194824, 2.5090551376342773, 4.323549270629883, 3.6061830520629883]",4.174596,3.0701027,3,"[ 6.4198093  1.9720458 10.862053   5.365867   6.5569224  3.5447173
  8.288348   2.4836838  4.577658   3.5889297]",0.4829735356846139,Let him go get it and I stay there
184,3579,114,7,Go to Ted's house for a house party,pg,2.0,66.6666666666667,Darya is on her way to a concert with her friends. As they approach the entrance her friend Ted realizes he forgot his ticket at his house. The concert is about to start and Ted would likely miss most of the concert if he returned to his house for his ticket.,is on way to a concert with friends . As approach the entrance friend Ted realizes forgot ticket at house . The concert is about to start and Ted likely miss most of the concert if returned to house for ticket . : Go to Ted 's house for a house party,6.584794,2.039276,10.661116,5.110426,6.57057,3.9244227,8.307173,2.5691075,4.25491,3.5606453,"[6.584794044494629, 2.039275884628296, 10.661115646362305, 5.11042594909668, 6.57056999206543, 3.9244227409362793, 8.307172775268555, 2.5691075325012207, 4.254909992218018, 3.560645341873169]",3.6472728,3.5075004,3,"[ 6.4198093  1.9720458 10.862053   5.365867   6.5569224  3.5447173
  8.288348   2.4836838  4.577658   3.5889297]",0.6279699539893199,Let him go get it and I stay there
185,3580,119,7,stay outside the venue and let the others watch the show.,pg,2.0,89.3333333333333,Darya is on her way to a concert with her friends. As they approach the entrance her friend Ted realizes he forgot his ticket at his house. The concert is about to start and Ted would likely miss most of the concert if he returned to his house for his ticket.,is on way to a concert with friends . As approach the entrance friend Ted realizes forgot ticket at house . The concert is about to start and Ted likely miss most of the concert if returned to house for ticket . : stay outside the venue and let the others watch the show .,6.0510125,1.7182637,10.46773,5.0025315,5.911747,3.4794421,8.123037,2.904565,4.498482,4.107716,"[6.0510125160217285, 1.7182637453079224, 10.467729568481445, 5.0025315284729, 5.911746978759766, 3.4794421195983887, 8.123037338256836, 2.9045650959014893, 4.4984822273254395, 4.107716083526611]",2.752814,2.9799035,10,"[ 6.0350957  1.7044297 10.5954275  5.2186604  6.316846   3.4331267
  8.475936   2.7918687  4.4011946  3.9598694]",0.6310902032720317,Darya and her friends could all listen to the concert from the parking lot
186,3581,122,7,change their plans,pg,2.0,54.0,Darya is on her way to a concert with her friends. As they approach the entrance her friend Ted realizes he forgot his ticket at his house. The concert is about to start and Ted would likely miss most of the concert if he returned to his house for his ticket.,is on way to a concert with friends . As approach the entrance friend Ted realizes forgot ticket at house . The concert is about to start and Ted likely miss most of the concert if returned to house for ticket . : change plans,5.9424167,1.6820564,10.51004,4.9767137,6.391484,3.2325609,8.660324,2.9940598,4.5726676,3.9147785,"[5.942416667938232, 1.6820564270019531, 10.510040283203125, 4.97671365737915, 6.391483783721924, 3.232560873031616, 8.660324096679688, 2.9940598011016846, 4.572667598724365, 3.914778470993042]",3.0170543,3.1563609,10,"[ 6.0350957  1.7044297 10.5954275  5.2186604  6.316846   3.4331267
  8.475936   2.7918687  4.4011946  3.9598694]",0.4764798429220792,Darya and her friends could all listen to the concert from the parking lot
187,3582,137,7,Go home.,pg,2.0,67.6666666666667,Darya is on her way to a concert with her friends. As they approach the entrance her friend Ted realizes he forgot his ticket at his house. The concert is about to start and Ted would likely miss most of the concert if he returned to his house for his ticket.,is on way to a concert with friends . As approach the entrance friend Ted realizes forgot ticket at house . The concert is about to start and Ted likely miss most of the concert if returned to house for ticket . : Go home .,6.4082465,1.9671949,10.996345,5.6869545,6.7464943,3.5036995,8.396901,2.4181552,4.499677,3.6789525,"[6.4082465171813965, 1.96719491481781, 10.996344566345215, 5.686954498291016, 6.746494293212891, 3.503699541091919, 8.39690113067627, 2.4181551933288574, 4.4996771812438965, 3.67895245552063]",4.302374,2.8531737,3,"[ 6.4198093  1.9720458 10.862053   5.365867   6.5569224  3.5447173
  8.288348   2.4836838  4.577658   3.5889297]",0.43493838375774846,Let him go get it and I stay there
188,3583,141,7,Darya could skip the concert to keep Ted company,pg,2.0,42.0,Darya is on her way to a concert with her friends. As they approach the entrance her friend Ted realizes he forgot his ticket at his house. The concert is about to start and Ted would likely miss most of the concert if he returned to his house for his ticket.,is on way to a concert with friends . As approach the entrance friend Ted realizes forgot ticket at house . The concert is about to start and Ted likely miss most of the concert if returned to house for ticket . : skip the concert to keep Ted company,6.3934717,1.6705543,11.027908,4.483478,5.6342015,2.054809,8.237012,2.8728101,4.665785,4.0625124,"[6.393471717834473, 1.670554280281067, 11.027908325195312, 4.48347806930542, 5.634201526641846, 2.054809093475342, 8.237011909484863, 2.872810125350952, 4.66578483581543, 4.062512397766113]",2.2447677,1.062577,6,"[ 6.265687   1.6498485 10.972007   4.614988   5.8489113  2.325574
  8.286291   2.8224268  4.7236633  3.9598396]",0.41886739118932925,Decide not to go to concert and instead hang out with Ted.
189,3584,154,7,go home,pg,2.0,87.6666666666667,Darya is on her way to a concert with her friends. As they approach the entrance her friend Ted realizes he forgot his ticket at his house. The concert is about to start and Ted would likely miss most of the concert if he returned to his house for his ticket.,is on way to a concert with friends . As approach the entrance friend Ted realizes forgot ticket at house . The concert is about to start and Ted likely miss most of the concert if returned to house for ticket . : go home,6.527709,1.9750668,11.169836,5.6780853,6.806288,3.2705183,8.509797,2.4104443,4.429674,3.6743104,"[6.527709007263184, 1.9750667810440063, 11.169836044311523, 5.6780853271484375, 6.80628776550293, 3.2705183029174805, 8.509797096252441, 2.4104442596435547, 4.42967414855957, 3.6743104457855225]",4.329442,2.907917,3,"[ 6.4198093  1.9720458 10.862053   5.365867   6.5569224  3.5447173
  8.288348   2.4836838  4.577658   3.5889297]",0.6517845349933179,Let him go get it and I stay there
190,3585,157,7,not go to the concert and keep Ted company,pg,2.0,65.0,Darya is on her way to a concert with her friends. As they approach the entrance her friend Ted realizes he forgot his ticket at his house. The concert is about to start and Ted would likely miss most of the concert if he returned to his house for his ticket.,is on way to a concert with friends . As approach the entrance friend Ted realizes forgot ticket at house . The concert is about to start and Ted likely miss most of the concert if returned to house for ticket . : not go to the concert and keep Ted company,6.2999287,1.6256994,10.933352,4.5927134,5.8645988,2.3827662,8.4297085,2.9222713,4.6123323,3.994144,"[6.299928665161133, 1.6256994009017944, 10.93335247039795, 4.592713356018066, 5.864598751068115, 2.3827662467956543, 8.429708480834961, 2.922271251678467, 4.612332344055176, 3.9941439628601074]",2.627235,1.5916995,6,"[ 6.265687   1.6498485 10.972007   4.614988   5.8489113  2.325574
  8.286291   2.8224268  4.7236633  3.9598396]",0.2266536373053462,Decide not to go to concert and instead hang out with Ted.
191,3586,161,7,Leave the concert with Ted and do something else,pg,2.0,92.0,Darya is on her way to a concert with her friends. As they approach the entrance her friend Ted realizes he forgot his ticket at his house. The concert is about to start and Ted would likely miss most of the concert if he returned to his house for his ticket.,is on way to a concert with friends . As approach the entrance friend Ted realizes forgot ticket at house . The concert is about to start and Ted likely miss most of the concert if returned to house for ticket . : Leave the concert with Ted and do something else,6.140308,1.6087343,10.878875,4.781591,5.922512,2.5143347,8.414405,2.8696055,4.664331,4.0398383,"[6.140307903289795, 1.6087342500686646, 10.878874778747559, 4.781590938568115, 5.922512054443359, 2.5143346786499023, 8.41440486907959, 2.869605541229248, 4.664330959320068, 4.0398383140563965]",2.8046122,1.8041997,6,"[ 6.265687   1.6498485 10.972007   4.614988   5.8489113  2.325574
  8.286291   2.8224268  4.7236633  3.9598396]",0.35135060209345836,Decide not to go to concert and instead hang out with Ted.
192,3587,173,7,decide to skip concert and hang out with Ted,pg,2.0,70.3333333333333,Darya is on her way to a concert with her friends. As they approach the entrance her friend Ted realizes he forgot his ticket at his house. The concert is about to start and Ted would likely miss most of the concert if he returned to his house for his ticket.,is on way to a concert with friends . As approach the entrance friend Ted realizes forgot ticket at house . The concert is about to start and Ted likely miss most of the concert if returned to house for ticket . : decide to skip concert and hang out with Ted,6.393427,1.6571673,10.977181,4.570641,5.767617,2.2574055,8.378583,2.898994,4.570309,4.0378013,"[6.393426895141602, 1.6571673154830933, 10.977181434631348, 4.570641040802002, 5.767617225646973, 2.2574055194854736, 8.378582954406738, 2.898993968963623, 4.570309162139893, 4.037801265716553]",2.2142363,1.4052107,6,"[ 6.265687   1.6498485 10.972007   4.614988   5.8489113  2.325574
  8.286291   2.8224268  4.7236633  3.9598396]",0.2712857532555745,Decide not to go to concert and instead hang out with Ted.
193,3588,174,7,Darya could tell Ted they can just do something else instead.,pg,2.0,100.0,Darya is on her way to a concert with her friends. As they approach the entrance her friend Ted realizes he forgot his ticket at his house. The concert is about to start and Ted would likely miss most of the concert if he returned to his house for his ticket.,is on way to a concert with friends . As approach the entrance friend Ted realizes forgot ticket at house . The concert is about to start and Ted likely miss most of the concert if returned to house for ticket . : tell Ted can just do something else instead .,6.312471,1.8643751,10.9178705,4.8932614,6.318299,3.0909734,8.175534,2.4435031,4.7732143,3.5111182,"[6.31247091293335, 1.864375114440918, 10.91787052154541, 4.893261432647705, 6.318298816680908, 3.090973377227783, 8.17553424835205, 2.4435031414031982, 4.773214340209961, 3.511118173599243]",3.495684,2.1631205,3,"[ 6.4198093  1.9720458 10.862053   5.365867   6.5569224  3.5447173
  8.288348   2.4836838  4.577658   3.5889297]",0.7556780873630584,Let him go get it and I stay there
194,3589,176,7,leave without watching,pg,2.0,70.0,Darya is on her way to a concert with her friends. As they approach the entrance her friend Ted realizes he forgot his ticket at his house. The concert is about to start and Ted would likely miss most of the concert if he returned to his house for his ticket.,is on way to a concert with friends . As approach the entrance friend Ted realizes forgot ticket at house . The concert is about to start and Ted likely miss most of the concert if returned to house for ticket . : leave without watching,6.1402745,1.7227348,10.844931,5.094705,5.8773875,2.6983933,8.285143,2.8662271,4.6438847,4.17536,"[6.140274524688721, 1.722734808921814, 10.844930648803711, 5.094705104827881, 5.877387523651123, 2.6983933448791504, 8.28514289855957, 2.866227149963379, 4.643884658813477, 4.175360202789307]",2.8440037,2.0005734,6,"[ 6.265687   1.6498485 10.972007   4.614988   5.8489113  2.325574
  8.286291   2.8224268  4.7236633  3.9598396]",0.6796002356676919,Decide not to go to concert and instead hang out with Ted.
195,3590,181,7,Drive him home,pg,2.0,83.6666666666667,Darya is on her way to a concert with her friends. As they approach the entrance her friend Ted realizes he forgot his ticket at his house. The concert is about to start and Ted would likely miss most of the concert if he returned to his house for his ticket.,is on way to a concert with friends . As approach the entrance friend Ted realizes forgot ticket at house . The concert is about to start and Ted likely miss most of the concert if returned to house for ticket . : Drive home,5.8883524,1.6037261,10.723865,5.5417943,6.673209,3.3856227,8.732359,2.526954,4.1930585,3.9816654,"[5.888352394104004, 1.6037261486053467, 10.723864555358887, 5.541794300079346, 6.673209190368652, 3.38562273979187, 8.732358932495117, 2.526953935623169, 4.193058490753174, 3.9816653728485107]",4.4482875,3.7244174,10,"[ 6.0350957  1.7044297 10.5954275  5.2186604  6.316846   3.4331267
  8.475936   2.7918687  4.4011946  3.9598694]",0.6793865811459538,Darya and her friends could all listen to the concert from the parking lot
196,3591,184,7,Decide not to go at all and stay with Ted,pg,2.0,94.0,Darya is on her way to a concert with her friends. As they approach the entrance her friend Ted realizes he forgot his ticket at his house. The concert is about to start and Ted would likely miss most of the concert if he returned to his house for his ticket.,is on way to a concert with friends . As approach the entrance friend Ted realizes forgot ticket at house . The concert is about to start and Ted likely miss most of the concert if returned to house for ticket . : Decide not to go at all and stay with Ted,6.2260213,1.5663257,10.979635,4.471946,5.9265633,2.3201742,8.38544,2.815093,4.7476683,3.8737514,"[6.2260212898254395, 1.5663256645202637, 10.979635238647461, 4.471945762634277, 5.926563262939453, 2.320174217224121, 8.3854398727417, 2.8150930404663086, 4.747668266296387, 3.873751401901245]",2.6779206,1.3382213,6,"[ 6.265687   1.6498485 10.972007   4.614988   5.8489113  2.325574
  8.286291   2.8224268  4.7236633  3.9598396]",0.2302157988148597,Decide not to go to concert and instead hang out with Ted.
197,3592,197,7,Darya and her friends could decide to do something else with Ted other than the concert,pg,2.0,60.0,Darya is on her way to a concert with her friends. As they approach the entrance her friend Ted realizes he forgot his ticket at his house. The concert is about to start and Ted would likely miss most of the concert if he returned to his house for his ticket.,is on way to a concert with friends . As approach the entrance friend Ted realizes forgot ticket at house . The concert is about to start and Ted likely miss most of the concert if returned to house for ticket . : and friends decide to do something else with Ted other than the concert,6.5050783,2.0787652,10.752376,5.534001,6.3985825,3.7078238,8.207137,2.5544426,4.512793,3.7539093,"[6.505078315734863, 2.0787651538848877, 10.752375602722168, 5.534000873565674, 6.398582458496094, 3.7078237533569336, 8.207137107849121, 2.5544426441192627, 4.512793064117432, 3.7539093494415283]",3.777062,3.0535147,3,"[ 6.4198093  1.9720458 10.862053   5.365867   6.5569224  3.5447173
  8.288348   2.4836838  4.577658   3.5889297]",0.3919961526356831,Let him go get it and I stay there
198,3593,198,7,Have everybody go home,pg,2.0,12.0,Darya is on her way to a concert with her friends. As they approach the entrance her friend Ted realizes he forgot his ticket at his house. The concert is about to start and Ted would likely miss most of the concert if he returned to his house for his ticket.,is on way to a concert with friends . As approach the entrance friend Ted realizes forgot ticket at house . The concert is about to start and Ted likely miss most of the concert if returned to house for ticket . : Have everybody go home,6.512839,1.9946675,11.130658,5.710098,6.7739367,3.3013902,8.507345,2.4582615,4.427255,3.7249522,"[6.512838840484619, 1.9946675300598145, 11.130658149719238, 5.710097789764404, 6.773936748504639, 3.3013901710510254, 8.507345199584961, 2.458261489868164, 4.427255153656006, 3.724952220916748]",4.075331,2.864632,3,"[ 6.4198093  1.9720458 10.862053   5.365867   6.5569224  3.5447173
  8.288348   2.4836838  4.577658   3.5889297]",0.6291599503962402,Let him go get it and I stay there
199,3594,200,7,She could offer to leave the concert.  ,pg,2.0,63.3333333333333,Darya is on her way to a concert with her friends. As they approach the entrance her friend Ted realizes he forgot his ticket at his house. The concert is about to start and Ted would likely miss most of the concert if he returned to his house for his ticket.,is on way to a concert with friends . As approach the entrance friend Ted realizes forgot ticket at house . The concert is about to start and Ted likely miss most of the concert if returned to house for ticket . : offer to leave the concert .,5.883928,1.1231717,10.340776,3.3721373,6.2761254,3.8612413,7.8875685,2.2610958,4.7409725,2.7949739,"[5.883927822113037, 1.1231716871261597, 10.340776443481445, 3.3721373081207275, 6.276125431060791, 3.861241340637207, 7.887568473815918, 2.2610957622528076, 4.740972518920898, 2.794973850250244]",1.0702578,3.3918467,4,"[ 5.6905556  1.0821797 10.038611   3.213778   6.430102   4.3516946
  7.912626   2.3025432  4.7172823  2.5783617]",0.685226573053228,TELL HIM TO BUY ANOTHER TICKET
200,3595,204,7,Leave with Ted and they could do something else that night,pg,2.0,90.3333333333333,Darya is on her way to a concert with her friends. As they approach the entrance her friend Ted realizes he forgot his ticket at his house. The concert is about to start and Ted would likely miss most of the concert if he returned to his house for his ticket.,is on way to a concert with friends . As approach the entrance friend Ted realizes forgot ticket at house . The concert is about to start and Ted likely miss most of the concert if returned to house for ticket . : Leave with Ted and do something else that night,6.261482,1.801319,10.915874,5.108399,6.086507,2.7943916,8.33515,2.6618617,4.5587573,4.008092,"[6.261481761932373, 1.8013190031051636, 10.915873527526855, 5.108398914337158, 6.0865068435668945, 2.794391632080078, 8.335149765014648, 2.6618616580963135, 4.558757305145264, 4.008091926574707]",2.987289,2.1554496,6,"[ 6.265687   1.6498485 10.972007   4.614988   5.8489113  2.325574
  8.286291   2.8224268  4.7236633  3.9598396]",0.776851815202909,Decide not to go to concert and instead hang out with Ted.
201,3596,118,7,Just go home,pg,3.0,83.6666666666667,Darya is on her way to a concert with her friends. As they approach the entrance her friend Ted realizes he forgot his ticket at his house. The concert is about to start and Ted would likely miss most of the concert if he returned to his house for his ticket.,is on way to a concert with friends . As approach the entrance friend Ted realizes forgot ticket at house . The concert is about to start and Ted likely miss most of the concert if returned to house for ticket . : Just go home,6.4156814,1.9759845,11.056661,5.7298636,6.7263694,3.2635517,8.528526,2.5339637,4.467173,3.8262022,"[6.4156813621521, 1.9759844541549683, 11.056660652160645, 5.72986364364624, 6.726369380950928, 3.263551712036133, 8.528526306152344, 2.533963680267334, 4.467173099517822, 3.826202154159546]",4.340375,2.7603056,3,"[ 6.4198093  1.9720458 10.862053   5.365867   6.5569224  3.5447173
  8.288348   2.4836838  4.577658   3.5889297]",0.6378740637626024,Let him go get it and I stay there
202,3597,142,7,Skip the concert and go somewhere else with Ted. ,pg,3.0,70.0,Darya is on her way to a concert with her friends. As they approach the entrance her friend Ted realizes he forgot his ticket at his house. The concert is about to start and Ted would likely miss most of the concert if he returned to his house for his ticket.,is on way to a concert with friends . As approach the entrance friend Ted realizes forgot ticket at house . The concert is about to start and Ted likely miss most of the concert if returned to house for ticket . : Skip the concert and go somewhere else with Ted .,6.2324934,1.5651592,10.942188,4.440818,5.637556,1.9734837,8.10605,2.8300536,4.7390637,4.174088,"[6.2324934005737305, 1.5651592016220093, 10.942188262939453, 4.440817832946777, 5.637556076049805, 1.973483681678772, 8.106049537658691, 2.8300535678863525, 4.739063739776611, 4.174088001251221]",2.1077445,1.1178374,6,"[ 6.265687   1.6498485 10.972007   4.614988   5.8489113  2.325574
  8.286291   2.8224268  4.7236633  3.9598396]",0.5355574108440561,Decide not to go to concert and instead hang out with Ted.
203,3598,150,7,ask for a refund on the ticket,pg,3.0,61.3333333333333,Darya is on her way to a concert with her friends. As they approach the entrance her friend Ted realizes he forgot his ticket at his house. The concert is about to start and Ted would likely miss most of the concert if he returned to his house for his ticket.,is on way to a concert with friends . As approach the entrance friend Ted realizes forgot ticket at house . The concert is about to start and Ted likely miss most of the concert if returned to house for ticket . : ask for a refund on the ticket,5.369868,1.1689904,9.574997,3.3425765,6.500389,4.8056154,8.042411,2.644774,4.964496,2.464581,"[5.36986780166626, 1.1689903736114502, 9.574996948242188, 3.342576503753662, 6.500389099121094, 4.805615425109863, 8.042410850524902, 2.6447739601135254, 4.96449613571167, 2.46458101272583]",0.5858614,5.146924,4,"[ 5.6905556  1.0821797 10.038611   3.213778   6.430102   4.3516946
  7.912626   2.3025432  4.7172823  2.5783617]",0.8723046543123456,TELL HIM TO BUY ANOTHER TICKET
204,3599,168,7,Decide not to go to concert and instead hang out with Ted.,pg,3.0,41.6666666666667,Darya is on her way to a concert with her friends. As they approach the entrance her friend Ted realizes he forgot his ticket at his house. The concert is about to start and Ted would likely miss most of the concert if he returned to his house for his ticket.,is on way to a concert with friends . As approach the entrance friend Ted realizes forgot ticket at house . The concert is about to start and Ted likely miss most of the concert if returned to house for ticket . : Decide not to go to concert and instead hang out with Ted .,6.419377,1.7358828,10.983285,4.6132193,5.7688646,2.294411,8.291569,2.8608322,4.6245637,3.9952214,"[6.419376850128174, 1.7358827590942383, 10.983284950256348, 4.613219261169434, 5.768864631652832, 2.2944109439849854, 8.291568756103516, 2.8608322143554688, 4.624563694000244, 3.9952213764190674]",2.4770715,1.5479616,6,"[ 6.265687   1.6498485 10.972007   4.614988   5.8489113  2.325574
  8.286291   2.8224268  4.7236633  3.9598396]",0.2260682092615566,Decide not to go to concert and instead hang out with Ted.
205,3600,169,7,offer to do something else with Ted,pg,3.0,51.6666666666667,Darya is on her way to a concert with her friends. As they approach the entrance her friend Ted realizes he forgot his ticket at his house. The concert is about to start and Ted would likely miss most of the concert if he returned to his house for his ticket.,is on way to a concert with friends . As approach the entrance friend Ted realizes forgot ticket at house . The concert is about to start and Ted likely miss most of the concert if returned to house for ticket . : offer to do something else with Ted,5.7858663,1.0684652,10.248266,3.219465,6.318613,3.9945302,7.886354,2.256798,4.7782497,2.682116,"[5.7858662605285645, 1.068465232849121, 10.248266220092773, 3.2194650173187256, 6.318613052368164, 3.994530200958252, 7.886353969573975, 2.256798028945923, 4.778249740600586, 2.6821160316467285]",0.79239136,3.4654317,4,"[ 5.6905556  1.0821797 10.038611   3.213778   6.430102   4.3516946
  7.912626   2.3025432  4.7172823  2.5783617]",0.4588252967123904,TELL HIM TO BUY ANOTHER TICKET
206,3601,178,7,Just turn around and go back with Ted,pg,3.0,90.3333333333333,Darya is on her way to a concert with her friends. As they approach the entrance her friend Ted realizes he forgot his ticket at his house. The concert is about to start and Ted would likely miss most of the concert if he returned to his house for his ticket.,is on way to a concert with friends . As approach the entrance friend Ted realizes forgot ticket at house . The concert is about to start and Ted likely miss most of the concert if returned to house for ticket . : Just turn around and go back with Ted,6.2751026,1.9923788,10.580859,5.396897,6.4731255,3.7021723,8.439913,2.7173448,4.3762054,3.858316,"[6.275102615356445, 1.992378830909729, 10.580859184265137, 5.396896839141846, 6.473125457763672, 3.70217227935791, 8.439912796020508, 2.7173447608947754, 4.3762054443359375, 3.858315944671631]",3.790475,3.3034263,10,"[ 6.0350957  1.7044297 10.5954275  5.2186604  6.316846   3.4331267
  8.475936   2.7918687  4.4011946  3.9598694]",0.5358137287234984,Darya and her friends could all listen to the concert from the parking lot
207,3602,190,7,Darya could try to convince Ted to skip the concert altogether since he would miss part of it,pg,3.0,57.3333333333333,Darya is on her way to a concert with her friends. As they approach the entrance her friend Ted realizes he forgot his ticket at his house. The concert is about to start and Ted would likely miss most of the concert if he returned to his house for his ticket.,is on way to a concert with friends . As approach the entrance friend Ted realizes forgot ticket at house . The concert is about to start and Ted likely miss most of the concert if returned to house for ticket . : try to convince Ted to skip the concert altogether since miss part of,6.3961973,1.7196292,11.1168785,4.322723,5.5167747,1.96056,8.159104,2.9181712,4.7559905,3.9701357,"[6.396197319030762, 1.719629168510437, 11.116878509521484, 4.322722911834717, 5.516774654388428, 1.9605599641799927, 8.159104347229004, 2.9181711673736572, 4.755990505218506, 3.9701356887817383]",2.145448,1.0458629,6,"[ 6.265687   1.6498485 10.972007   4.614988   5.8489113  2.325574
  8.286291   2.8224268  4.7236633  3.9598396]",0.631152396371302,Decide not to go to concert and instead hang out with Ted.
208,3603,203,7,skip the concert altogether,pg,3.0,77.3333333333333,Darya is on her way to a concert with her friends. As they approach the entrance her friend Ted realizes he forgot his ticket at his house. The concert is about to start and Ted would likely miss most of the concert if he returned to his house for his ticket.,is on way to a concert with friends . As approach the entrance friend Ted realizes forgot ticket at house . The concert is about to start and Ted likely miss most of the concert if returned to house for ticket . : skip the concert altogether,6.2423196,1.6423925,11.085757,4.494839,5.6152787,1.9456896,8.134425,2.8519657,4.8200703,4.0767083,"[6.242319583892822, 1.6423925161361694, 11.0857572555542, 4.494839191436768, 5.615278720855713, 1.9456895589828491, 8.134425163269043, 2.8519656658172607, 4.820070266723633, 4.0767083168029785]",2.3226986,0.958282,6,"[ 6.265687   1.6498485 10.972007   4.614988   5.8489113  2.325574
  8.286291   2.8224268  4.7236633  3.9598396]",0.5232219513143526,Decide not to go to concert and instead hang out with Ted.
209,3604,110,7,Not attend the concert at all.,pg,4.0,9.33333333333333,Darya is on her way to a concert with her friends. As they approach the entrance her friend Ted realizes he forgot his ticket at his house. The concert is about to start and Ted would likely miss most of the concert if he returned to his house for his ticket.,is on way to a concert with friends . As approach the entrance friend Ted realizes forgot ticket at house . The concert is about to start and Ted likely miss most of the concert if returned to house for ticket . : Not attend the concert at all .,6.253351,1.6653777,11.009113,4.5064573,5.663046,2.0141578,8.196567,2.9132407,4.780365,4.0791807,"[6.253351211547852, 1.6653777360916138, 11.009113311767578, 4.506457328796387, 5.663045883178711, 2.014157772064209, 8.196566581726074, 2.913240671157837, 4.780364990234375, 4.079180717468262]",2.336072,1.0913241,6,"[ 6.265687   1.6498485 10.972007   4.614988   5.8489113  2.325574
  8.286291   2.8224268  4.7236633  3.9598396]",0.42288308174990474,Decide not to go to concert and instead hang out with Ted.
210,3605,113,7,cancel going to the concert and do something else,pg,4.0,38.0,Darya is on her way to a concert with her friends. As they approach the entrance her friend Ted realizes he forgot his ticket at his house. The concert is about to start and Ted would likely miss most of the concert if he returned to his house for his ticket.,is on way to a concert with friends . As approach the entrance friend Ted realizes forgot ticket at house . The concert is about to start and Ted likely miss most of the concert if returned to house for ticket . : cancel going to the concert and do something else,6.1511354,1.5521097,11.000457,4.469184,5.81115,2.1253757,8.27431,2.8143601,4.8666086,3.9538789,"[6.151135444641113, 1.552109718322754, 11.000456809997559, 4.469183921813965, 5.811150074005127, 2.125375747680664, 8.274310111999512, 2.8143601417541504, 4.866608619689941, 3.953878879547119]",2.59412,1.1154205,6,"[ 6.265687   1.6498485 10.972007   4.614988   5.8489113  2.325574
  8.286291   2.8224268  4.7236633  3.9598396]",0.3269951466618984,Decide not to go to concert and instead hang out with Ted.
211,3606,116,7,Everyone skip the concert,pg,4.0,31.6666666666667,Darya is on her way to a concert with her friends. As they approach the entrance her friend Ted realizes he forgot his ticket at his house. The concert is about to start and Ted would likely miss most of the concert if he returned to his house for his ticket.,is on way to a concert with friends . As approach the entrance friend Ted realizes forgot ticket at house . The concert is about to start and Ted likely miss most of the concert if returned to house for ticket . : Everyone skip the concert,6.27221,1.6442457,11.028181,4.504787,5.635905,1.938645,8.193719,2.887767,4.763178,4.1504564,"[6.272210121154785, 1.6442457437515259, 11.028181076049805, 4.504786968231201, 5.635904788970947, 1.9386450052261353, 8.193718910217285, 2.8877670764923096, 4.763177871704102, 4.150456428527832]",2.3107138,1.0354362,6,"[ 6.265687   1.6498485 10.972007   4.614988   5.8489113  2.325574
  8.286291   2.8224268  4.7236633  3.9598396]",0.5110720369056869,Decide not to go to concert and instead hang out with Ted.
212,3607,117,7,Go somewhere else with Ted instead.,pg,4.0,43.3333333333333,Darya is on her way to a concert with her friends. As they approach the entrance her friend Ted realizes he forgot his ticket at his house. The concert is about to start and Ted would likely miss most of the concert if he returned to his house for his ticket.,is on way to a concert with friends . As approach the entrance friend Ted realizes forgot ticket at house . The concert is about to start and Ted likely miss most of the concert if returned to house for ticket . : Go somewhere else with Ted instead .,6.382533,1.9820305,10.655398,5.1262183,6.2676325,3.48967,8.222199,2.6040037,4.512851,3.7820768,"[6.382533073425293, 1.9820305109024048, 10.65539836883545, 5.126218318939209, 6.267632484436035, 3.4896700382232666, 8.222199440002441, 2.604003667831421, 4.512851238250732, 3.782076835632324]",3.4434066,2.8817956,3,"[ 6.4198093  1.9720458 10.862053   5.365867   6.5569224  3.5447173
  8.288348   2.4836838  4.577658   3.5889297]",0.498702364541863,Let him go get it and I stay there
213,3608,119,7,go to a nearby place to eat/drink.,pg,4.0,98.0,Darya is on her way to a concert with her friends. As they approach the entrance her friend Ted realizes he forgot his ticket at his house. The concert is about to start and Ted would likely miss most of the concert if he returned to his house for his ticket.,is on way to a concert with friends . As approach the entrance friend Ted realizes forgot ticket at house . The concert is about to start and Ted likely miss most of the concert if returned to house for ticket . : go to a nearby place to eat/drink .,6.4933043,2.0973632,10.676698,5.1040006,6.31372,3.5039148,8.180079,2.5682576,4.494514,3.7803836,"[6.493304252624512, 2.097363233566284, 10.676697731018066, 5.104000568389893, 6.313720226287842, 3.5039148330688477, 8.180079460144043, 2.5682575702667236, 4.494513988494873, 3.780383586883545]",3.571158,3.0263665,3,"[ 6.4198093  1.9720458 10.862053   5.365867   6.5569224  3.5447173
  8.288348   2.4836838  4.577658   3.5889297]",0.4972837936753778,Let him go get it and I stay there
214,3609,120,7,Leave the concert with Ted and miss the concert,pg,4.0,60.0,Darya is on her way to a concert with her friends. As they approach the entrance her friend Ted realizes he forgot his ticket at his house. The concert is about to start and Ted would likely miss most of the concert if he returned to his house for his ticket.,is on way to a concert with friends . As approach the entrance friend Ted realizes forgot ticket at house . The concert is about to start and Ted likely miss most of the concert if returned to house for ticket . : Leave the concert with Ted and miss the concert,6.3437552,1.6663427,10.925076,4.739809,5.714246,2.291665,8.397093,3.0178099,4.531405,4.1927013,"[6.34375524520874, 1.6663427352905273, 10.92507553100586, 4.739809036254883, 5.714245796203613, 2.2916650772094727, 8.397092819213867, 3.0178098678588867, 4.531404972076416, 4.19270133972168]",2.2781112,1.6324433,6,"[ 6.265687   1.6498485 10.972007   4.614988   5.8489113  2.325574
  8.286291   2.8224268  4.7236633  3.9598396]",0.4302018418436899,Decide not to go to concert and instead hang out with Ted.
215,3610,125,7,He can suggest they all go do something instead,pg,4.0,34.6666666666667,Darya is on her way to a concert with her friends. As they approach the entrance her friend Ted realizes he forgot his ticket at his house. The concert is about to start and Ted would likely miss most of the concert if he returned to his house for his ticket.,is on way to a concert with friends . As approach the entrance friend Ted realizes forgot ticket at house . The concert is about to start and Ted likely miss most of the concert if returned to house for ticket . : can suggest all go do something instead,6.161119,1.6650978,10.963759,4.5098133,5.956051,2.258668,8.235739,2.7730129,4.931375,3.8894932,"[6.161118984222412, 1.6650978326797485, 10.963759422302246, 4.50981330871582, 5.956050872802734, 2.2586679458618164, 8.235738754272461, 2.77301287651062, 4.931375026702881, 3.889493227005005]",2.897888,1.3989732,6,"[ 6.265687   1.6498485 10.972007   4.614988   5.8489113  2.325574
  8.286291   2.8224268  4.7236633  3.9598396]",0.3022284748695633,Decide not to go to concert and instead hang out with Ted.
216,3611,129,7,Offer not to go to the concert.,pg,4.0,66.6666666666667,Darya is on her way to a concert with her friends. As they approach the entrance her friend Ted realizes he forgot his ticket at his house. The concert is about to start and Ted would likely miss most of the concert if he returned to his house for his ticket.,is on way to a concert with friends . As approach the entrance friend Ted realizes forgot ticket at house . The concert is about to start and Ted likely miss most of the concert if returned to house for ticket . : Offer not to go to the concert .,5.8786182,1.1048567,10.348595,3.3283432,6.262783,3.831696,7.8816447,2.2548044,4.7476444,2.789068,"[5.878618240356445, 1.1048567295074463, 10.348594665527344, 3.328343152999878, 6.262783050537109, 3.831696033477783, 7.8816447257995605, 2.2548043727874756, 4.747644424438477, 2.7890679836273193]",0.87962085,3.3530455,4,"[ 5.6905556  1.0821797 10.038611   3.213778   6.430102   4.3516946
  7.912626   2.3025432  4.7172823  2.5783617]",0.7014616727138555,TELL HIM TO BUY ANOTHER TICKET
217,3612,139,7,They both skip the concert and hang out to do something else.,pg,4.0,66.6666666666667,Darya is on her way to a concert with her friends. As they approach the entrance her friend Ted realizes he forgot his ticket at his house. The concert is about to start and Ted would likely miss most of the concert if he returned to his house for his ticket.,is on way to a concert with friends . As approach the entrance friend Ted realizes forgot ticket at house . The concert is about to start and Ted likely miss most of the concert if returned to house for ticket . : both skip the concert and hang out to do something else .,6.3551,1.6210726,11.00268,4.57795,5.7722664,2.1832678,8.4444275,2.8418467,4.5141625,4.105886,"[6.355100154876709, 1.6210726499557495, 11.002679824829102, 4.5779500007629395, 5.772266387939453, 2.183267831802368, 8.444427490234375, 2.8418467044830322, 4.514162540435791, 4.105885982513428]",2.3600755,1.4685323,6,"[ 6.265687   1.6498485 10.972007   4.614988   5.8489113  2.325574
  8.286291   2.8224268  4.7236633  3.9598396]",0.3575824902581727,Decide not to go to concert and instead hang out with Ted.
218,3613,156,7,They don't go at all ,pg,4.0,18.0,Darya is on her way to a concert with her friends. As they approach the entrance her friend Ted realizes he forgot his ticket at his house. The concert is about to start and Ted would likely miss most of the concert if he returned to his house for his ticket.,is on way to a concert with friends . As approach the entrance friend Ted realizes forgot ticket at house . The concert is about to start and Ted likely miss most of the concert if returned to house for ticket . : do n't go at all,6.1518764,1.5585413,10.974272,4.5135064,5.9397025,2.2713776,8.346049,2.808663,4.8457966,3.8961866,"[6.151876449584961, 1.5585412979125977, 10.974271774291992, 4.5135064125061035, 5.93970251083374, 2.2713775634765625, 8.346049308776855, 2.8086628913879395, 4.845796585083008, 3.896186590194702]",2.7885685,1.4775212,6,"[ 6.265687   1.6498485 10.972007   4.614988   5.8489113  2.325574
  8.286291   2.8224268  4.7236633  3.9598396]",0.2559344883469442,Decide not to go to concert and instead hang out with Ted.
219,3614,159,7,Go home,pg,4.0,53.3333333333333,Darya is on her way to a concert with her friends. As they approach the entrance her friend Ted realizes he forgot his ticket at his house. The concert is about to start and Ted would likely miss most of the concert if he returned to his house for his ticket.,is on way to a concert with friends . As approach the entrance friend Ted realizes forgot ticket at house . The concert is about to start and Ted likely miss most of the concert if returned to house for ticket . : Go home,6.5006437,1.9989926,11.108447,5.6935463,6.7468076,3.3353603,8.463603,2.4386125,4.4691243,3.7003307,"[6.500643730163574, 1.9989925622940063, 11.108447074890137, 5.693546295166016, 6.74680757522583, 3.335360288619995, 8.463603019714355, 2.438612461090088, 4.4691243171691895, 3.7003307342529297]",4.212713,2.9390318,3,"[ 6.4198093  1.9720458 10.862053   5.365867   6.5569224  3.5447173
  8.288348   2.4836838  4.577658   3.5889297]",0.5587183974290856,Let him go get it and I stay there
220,3615,160,7,go home and just sleep,pg,4.0,50.6666666666667,Darya is on her way to a concert with her friends. As they approach the entrance her friend Ted realizes he forgot his ticket at his house. The concert is about to start and Ted would likely miss most of the concert if he returned to his house for his ticket.,is on way to a concert with friends . As approach the entrance friend Ted realizes forgot ticket at house . The concert is about to start and Ted likely miss most of the concert if returned to house for ticket . : go home and just sleep,6.4016623,1.9392611,11.058373,5.586858,6.587139,3.127442,8.510494,2.5998962,4.4784803,3.8638144,"[6.401662349700928, 1.9392610788345337, 11.05837345123291, 5.586857795715332, 6.587139129638672, 3.127441883087158, 8.510494232177734, 2.599896192550659, 4.478480339050293, 3.863814353942871]",3.9302704,2.65154,3,"[ 6.4198093  1.9720458 10.862053   5.365867   6.5569224  3.5447173
  8.288348   2.4836838  4.577658   3.5889297]",0.6419241558772807,Let him go get it and I stay there
221,3616,167,7,skip the concert,pg,4.0,36.6666666666667,Darya is on her way to a concert with her friends. As they approach the entrance her friend Ted realizes he forgot his ticket at his house. The concert is about to start and Ted would likely miss most of the concert if he returned to his house for his ticket.,is on way to a concert with friends . As approach the entrance friend Ted realizes forgot ticket at house . The concert is about to start and Ted likely miss most of the concert if returned to house for ticket . : skip the concert,6.286431,1.6087421,11.053817,4.40543,5.615436,1.9182225,8.215094,2.8617244,4.7537165,4.11923,"[6.286430835723877, 1.608742117881775, 11.053816795349121, 4.405429840087891, 5.61543607711792, 1.9182225465774536, 8.215093612670898, 2.861724376678467, 4.753716468811035, 4.119229793548584]",2.2617564,0.95115006,6,"[ 6.265687   1.6498485 10.972007   4.614988   5.8489113  2.325574
  8.286291   2.8224268  4.7236633  3.9598396]",0.5532586239929167,Decide not to go to concert and instead hang out with Ted.
222,3617,175,7,Decide to forgo the concert,pg,4.0,53.3333333333333,Darya is on her way to a concert with her friends. As they approach the entrance her friend Ted realizes he forgot his ticket at his house. The concert is about to start and Ted would likely miss most of the concert if he returned to his house for his ticket.,is on way to a concert with friends . As approach the entrance friend Ted realizes forgot ticket at house . The concert is about to start and Ted likely miss most of the concert if returned to house for ticket . : Decide to forgo the concert,6.1860924,1.5159053,11.00911,4.3905654,5.9262724,2.1826036,8.436347,2.855353,4.7679024,3.896274,"[6.186092376708984, 1.5159052610397339, 11.009110450744629, 4.390565395355225, 5.926272392272949, 2.182603597640991, 8.436347007751465, 2.8553531169891357, 4.767902374267578, 3.8962740898132324]",2.5688643,1.3527426,6,"[ 6.265687   1.6498485 10.972007   4.614988   5.8489113  2.325574
  8.286291   2.8224268  4.7236633  3.9598396]",0.3633758837974172,Decide not to go to concert and instead hang out with Ted.
223,3618,187,7,Skip the concert,pg,4.0,42.6666666666667,Darya is on her way to a concert with her friends. As they approach the entrance her friend Ted realizes he forgot his ticket at his house. The concert is about to start and Ted would likely miss most of the concert if he returned to his house for his ticket.,is on way to a concert with friends . As approach the entrance friend Ted realizes forgot ticket at house . The concert is about to start and Ted likely miss most of the concert if returned to house for ticket . : Skip the concert,6.283607,1.6191007,11.056659,4.4276085,5.5923367,1.9041927,8.190204,2.876281,4.7804146,4.1093526,"[6.283607006072998, 1.6191006898880005, 11.056658744812012, 4.427608489990234, 5.592336654663086, 1.9041926860809326, 8.190203666687012, 2.8762810230255127, 4.780414581298828, 4.1093525886535645]",2.2345412,0.9609269,6,"[ 6.265687   1.6498485 10.972007   4.614988   5.8489113  2.325574
  8.286291   2.8224268  4.7236633  3.9598396]",0.5697755138093278,Decide not to go to concert and instead hang out with Ted.
224,3619,198,7,Decide to do have everybody do something else that night,pg,4.0,29.0,Darya is on her way to a concert with her friends. As they approach the entrance her friend Ted realizes he forgot his ticket at his house. The concert is about to start and Ted would likely miss most of the concert if he returned to his house for his ticket.,is on way to a concert with friends . As approach the entrance friend Ted realizes forgot ticket at house . The concert is about to start and Ted likely miss most of the concert if returned to house for ticket . : Decide to do have everybody do something else that night,6.2699723,1.6480286,10.9996,4.500366,6.0117297,2.4104173,8.451614,2.8682964,4.770001,3.808842,"[6.269972324371338, 1.6480286121368408, 10.999600410461426, 4.5003662109375, 6.011729717254639, 2.410417318344116, 8.451614379882812, 2.8682963848114014, 4.77000093460083, 3.8088419437408447]",2.7330217,1.5653555,6,"[ 6.265687   1.6498485 10.972007   4.614988   5.8489113  2.325574
  8.286291   2.8224268  4.7236633  3.9598396]",0.31939428064169784,Decide not to go to concert and instead hang out with Ted.
225,3620,206,7,Skip the concert and do something else.,pg,4.0,100.0,Darya is on her way to a concert with her friends. As they approach the entrance her friend Ted realizes he forgot his ticket at his house. The concert is about to start and Ted would likely miss most of the concert if he returned to his house for his ticket.,is on way to a concert with friends . As approach the entrance friend Ted realizes forgot ticket at house . The concert is about to start and Ted likely miss most of the concert if returned to house for ticket . : Skip the concert and do something else .,6.246102,1.5990112,11.053,4.4206214,5.68195,1.9939266,8.2296715,2.854327,4.808344,4.0305805,"[6.2461018562316895, 1.5990111827850342, 11.053000450134277, 4.420621395111084, 5.681950092315674, 1.9939266443252563, 8.229671478271484, 2.8543269634246826, 4.808343887329102, 4.030580520629883]",2.2979972,1.0195711,6,"[ 6.265687   1.6498485 10.972007   4.614988   5.8489113  2.325574
  8.286291   2.8224268  4.7236633  3.9598396]",0.4489662960945423,Decide not to go to concert and instead hang out with Ted.
226,3621,105,7,GO HOME WITH HIM,pg,5.0,69.6666666666667,Darya is on her way to a concert with her friends. As they approach the entrance her friend Ted realizes he forgot his ticket at his house. The concert is about to start and Ted would likely miss most of the concert if he returned to his house for his ticket.,is on way to a concert with friends . As approach the entrance friend Ted realizes forgot ticket at house . The concert is about to start and Ted likely miss most of the concert if returned to house for ticket . : GO HOME WITH HIM,6.616735,2.0292528,11.1342945,5.615924,6.7294564,3.362957,8.447159,2.4249065,4.380086,3.655127,"[6.616734981536865, 2.029252767562866, 11.134294509887695, 5.615923881530762, 6.729456424713135, 3.362957000732422, 8.447158813476562, 2.4249064922332764, 4.3800859451293945, 3.6551270484924316]",4.17267,3.0105064,3,"[ 6.4198093  1.9720458 10.862053   5.365867   6.5569224  3.5447173
  8.288348   2.4836838  4.577658   3.5889297]",0.559994163437737,Let him go get it and I stay there
227,3622,112,7,Go home and miss the whole concert,pg,5.0,64.3333333333333,Darya is on her way to a concert with her friends. As they approach the entrance her friend Ted realizes he forgot his ticket at his house. The concert is about to start and Ted would likely miss most of the concert if he returned to his house for his ticket.,is on way to a concert with friends . As approach the entrance friend Ted realizes forgot ticket at house . The concert is about to start and Ted likely miss most of the concert if returned to house for ticket . : Go home and miss the whole concert,6.098495,1.593499,10.938323,4.786924,5.939779,2.2188804,8.419013,2.903542,4.6747475,4.175924,"[6.098495006561279, 1.593498945236206, 10.938323020935059, 4.786923885345459, 5.939778804779053, 2.2188804149627686, 8.419013023376465, 2.9035420417785645, 4.674747467041016, 4.175923824310303]",2.465995,1.3738332,6,"[ 6.265687   1.6498485 10.972007   4.614988   5.8489113  2.325574
  8.286291   2.8224268  4.7236633  3.9598396]",0.39337689506732476,Decide not to go to concert and instead hang out with Ted.
228,3623,114,7,Go do something besides the concert,pg,5.0,88.3333333333333,Darya is on her way to a concert with her friends. As they approach the entrance her friend Ted realizes he forgot his ticket at his house. The concert is about to start and Ted would likely miss most of the concert if he returned to his house for his ticket.,is on way to a concert with friends . As approach the entrance friend Ted realizes forgot ticket at house . The concert is about to start and Ted likely miss most of the concert if returned to house for ticket . : Go do something besides the concert,6.3403864,2.0332026,10.88168,5.026389,6.5346775,3.0178976,8.347236,2.6652517,4.7079062,3.8106744,"[6.340386390686035, 2.033202648162842, 10.88167953491211, 5.026389122009277, 6.534677505493164, 3.017897605895996, 8.347235679626465, 2.6652517318725586, 4.707906246185303, 3.8106744289398193]",3.3400705,2.1674778,3,"[ 6.4198093  1.9720458 10.862053   5.365867   6.5569224  3.5447173
  8.288348   2.4836838  4.577658   3.5889297]",0.711535298042148,Let him go get it and I stay there
229,3624,132,7,Offer to go home with Ted and miss the concert,pg,5.0,61.6666666666667,Darya is on her way to a concert with her friends. As they approach the entrance her friend Ted realizes he forgot his ticket at his house. The concert is about to start and Ted would likely miss most of the concert if he returned to his house for his ticket.,is on way to a concert with friends . As approach the entrance friend Ted realizes forgot ticket at house . The concert is about to start and Ted likely miss most of the concert if returned to house for ticket . : Offer to go home with Ted and miss the concert,5.868485,1.0622275,10.328413,3.2238057,6.2996426,3.919484,7.851539,2.1931689,4.7377286,2.6846213,"[5.868484973907471, 1.062227487564087, 10.328413009643555, 3.2238056659698486, 6.299642562866211, 3.9194839000701904, 7.851539134979248, 2.193168878555298, 4.737728595733643, 2.6846213340759277]",0.6814366,3.4981437,4,"[ 5.6905556  1.0821797 10.038611   3.213778   6.430102   4.3516946
  7.912626   2.3025432  4.7172823  2.5783617]",0.5893824322183218,TELL HIM TO BUY ANOTHER TICKET
230,3625,134,7,Miss the concert and hang out with Ted because Ted can't attend ,pg,5.0,43.3333333333333,Darya is on her way to a concert with her friends. As they approach the entrance her friend Ted realizes he forgot his ticket at his house. The concert is about to start and Ted would likely miss most of the concert if he returned to his house for his ticket.,is on way to a concert with friends . As approach the entrance friend Ted realizes forgot ticket at house . The concert is about to start and Ted likely miss most of the concert if returned to house for ticket . : Miss the concert and hang out with Ted because Ted ca n't attend,6.4269905,1.668493,10.977469,4.6299973,5.7394996,2.1982062,8.444351,2.97066,4.474266,4.1334057,"[6.426990509033203, 1.6684930324554443, 10.977469444274902, 4.629997253417969, 5.739499568939209, 2.1982061862945557, 8.444351196289062, 2.9706599712371826, 4.474266052246094, 4.133405685424805]",2.3153713,1.4277271,6,"[ 6.265687   1.6498485 10.972007   4.614988   5.8489113  2.325574
  8.286291   2.8224268  4.7236633  3.9598396]",0.4405624671360974,Decide not to go to concert and instead hang out with Ted.
231,3626,143,7,she can decide to not see the concert and do something else,pg,5.0,55.0,Darya is on her way to a concert with her friends. As they approach the entrance her friend Ted realizes he forgot his ticket at his house. The concert is about to start and Ted would likely miss most of the concert if he returned to his house for his ticket.,is on way to a concert with friends . As approach the entrance friend Ted realizes forgot ticket at house . The concert is about to start and Ted likely miss most of the concert if returned to house for ticket . : can decide to not see the concert and do something else,6.1187963,1.5159407,10.97899,4.445531,5.9256997,2.2315438,8.3634405,2.8091114,4.8570204,3.8829558,"[6.118796348571777, 1.5159406661987305, 10.978989601135254, 4.445530891418457, 5.925699710845947, 2.231543779373169, 8.36344051361084, 2.8091113567352295, 4.857020378112793, 3.88295578956604]",2.695175,1.2559506,6,"[ 6.265687   1.6498485 10.972007   4.614988   5.8489113  2.325574
  8.286291   2.8224268  4.7236633  3.9598396]",0.3359095970139889,Decide not to go to concert and instead hang out with Ted.
232,3627,149,7,not attend the concert without ted,pg,5.0,97.0,Darya is on her way to a concert with her friends. As they approach the entrance her friend Ted realizes he forgot his ticket at his house. The concert is about to start and Ted would likely miss most of the concert if he returned to his house for his ticket.,is on way to a concert with friends . As approach the entrance friend Ted realizes forgot ticket at house . The concert is about to start and Ted likely miss most of the concert if returned to house for ticket . : not attend the concert without ted,6.443435,1.7086788,10.87927,4.78153,5.650482,2.3346112,8.402577,3.1560247,4.4707384,4.2250185,"[6.443435192108154, 1.7086788415908813, 10.87926959991455, 4.781529903411865, 5.650482177734375, 2.334611177444458, 8.40257740020752, 3.156024694442749, 4.470738410949707, 4.225018501281738]",2.2497184,1.6808408,1,"[ 6.5916095  1.8438394 10.823863   5.022656   5.6287236  2.7807322
  8.377738   3.243035   4.359949   4.1942124]",0.5677535635102325,"I would return with him for his ticket and we would see what we could of the concert together. If that were not an option, I would sell my ticket to someone outside of the theater and take the loss. I would not want to go alone, without my friend. That would be unkind to my friend and not very much fun for me either."
233,3628,152,7,not go to the concert,pg,5.0,100.0,Darya is on her way to a concert with her friends. As they approach the entrance her friend Ted realizes he forgot his ticket at his house. The concert is about to start and Ted would likely miss most of the concert if he returned to his house for his ticket.,is on way to a concert with friends . As approach the entrance friend Ted realizes forgot ticket at house . The concert is about to start and Ted likely miss most of the concert if returned to house for ticket . : not go to the concert,6.203757,1.6125579,10.898907,4.6434107,5.9187155,2.3685884,8.444785,2.9978275,4.682801,4.043582,"[6.203756809234619, 1.6125578880310059, 10.898906707763672, 4.643410682678223, 5.918715476989746, 2.368588447570801, 8.444785118103027, 2.9978275299072266, 4.682800769805908, 4.043581962585449]",2.6424675,1.5624279,6,"[ 6.265687   1.6498485 10.972007   4.614988   5.8489113  2.325574
  8.286291   2.8224268  4.7236633  3.9598396]",0.28752145727703643,Decide not to go to concert and instead hang out with Ted.
234,3629,161,7,Go home and sleep,pg,5.0,66.6666666666667,Darya is on her way to a concert with her friends. As they approach the entrance her friend Ted realizes he forgot his ticket at his house. The concert is about to start and Ted would likely miss most of the concert if he returned to his house for his ticket.,is on way to a concert with friends . As approach the entrance friend Ted realizes forgot ticket at house . The concert is about to start and Ted likely miss most of the concert if returned to house for ticket . : Go home and sleep,6.3848624,1.9267813,11.088145,5.6205482,6.586087,3.1276145,8.492078,2.5652692,4.4847374,3.866888,"[6.384862422943115, 1.9267812967300415, 11.08814525604248, 5.620548248291016, 6.586087226867676, 3.1276144981384277, 8.492077827453613, 2.5652692317962646, 4.484737396240234, 3.8668880462646484]",4.0308166,2.6762462,3,"[ 6.4198093  1.9720458 10.862053   5.365867   6.5569224  3.5447173
  8.288348   2.4836838  4.577658   3.5889297]",0.6543185742331127,Let him go get it and I stay there
235,3630,164,7,Darya could suggest they skip the concert entirely.,pg,5.0,46.6666666666667,Darya is on her way to a concert with her friends. As they approach the entrance her friend Ted realizes he forgot his ticket at his house. The concert is about to start and Ted would likely miss most of the concert if he returned to his house for his ticket.,is on way to a concert with friends . As approach the entrance friend Ted realizes forgot ticket at house . The concert is about to start and Ted likely miss most of the concert if returned to house for ticket . : suggest skip the concert entirely .,6.264845,1.6134572,11.095603,4.4002323,5.624626,1.9074998,8.163907,2.827846,4.831797,4.044508,"[6.26484489440918, 1.613457202911377, 11.095602989196777, 4.400232315063477, 5.624626159667969, 1.9074997901916504, 8.163907051086426, 2.827846050262451, 4.831797122955322, 4.04450798034668]",2.2985384,0.9845475,6,"[ 6.265687   1.6498485 10.972007   4.614988   5.8489113  2.325574
  8.286291   2.8224268  4.7236633  3.9598396]",0.5671681160341642,Decide not to go to concert and instead hang out with Ted.
236,3631,167,7,decide to go to dinner instead,pg,5.0,34.3333333333333,Darya is on her way to a concert with her friends. As they approach the entrance her friend Ted realizes he forgot his ticket at his house. The concert is about to start and Ted would likely miss most of the concert if he returned to his house for his ticket.,is on way to a concert with friends . As approach the entrance friend Ted realizes forgot ticket at house . The concert is about to start and Ted likely miss most of the concert if returned to house for ticket . : decide to go to dinner instead,6.304345,1.6415824,11.021819,4.6441364,5.9432,2.2948117,8.444521,2.794962,4.6131363,4.0087256,"[6.30434513092041, 1.6415823698043823, 11.021819114685059, 4.644136428833008, 5.94320011138916, 2.294811725616455, 8.444520950317383, 2.794961929321289, 4.613136291503906, 4.008725643157959]",2.5961094,1.6506339,6,"[ 6.265687   1.6498485 10.972007   4.614988   5.8489113  2.325574
  8.286291   2.8224268  4.7236633  3.9598396]",0.23479236075707205,Decide not to go to concert and instead hang out with Ted.
237,3632,177,7,To go to the concert another time.,pg,5.0,90.3333333333333,Darya is on her way to a concert with her friends. As they approach the entrance her friend Ted realizes he forgot his ticket at his house. The concert is about to start and Ted would likely miss most of the concert if he returned to his house for his ticket.,is on way to a concert with friends . As approach the entrance friend Ted realizes forgot ticket at house . The concert is about to start and Ted likely miss most of the concert if returned to house for ticket . : To go to the concert another time .,6.3784246,2.1589267,10.5266485,5.3374925,6.904066,4.1611605,8.438661,2.7092993,4.466699,3.476613,"[6.378424644470215, 2.1589267253875732, 10.52664852142334, 5.3374924659729, 6.90406608581543, 4.161160469055176, 8.438660621643066, 2.709299325942993, 4.466699123382568, 3.4766130447387695]",3.676388,3.6984894,3,"[ 6.4198093  1.9720458 10.862053   5.365867   6.5569224  3.5447173
  8.288348   2.4836838  4.577658   3.5889297]",0.8653741405216809,Let him go get it and I stay there
238,3633,179,7,go home,pg,5.0,94.6666666666667,Darya is on her way to a concert with her friends. As they approach the entrance her friend Ted realizes he forgot his ticket at his house. The concert is about to start and Ted would likely miss most of the concert if he returned to his house for his ticket.,is on way to a concert with friends . As approach the entrance friend Ted realizes forgot ticket at house . The concert is about to start and Ted likely miss most of the concert if returned to house for ticket . : go home,6.5662503,2.0354567,11.13607,5.6902385,6.7377973,3.309215,8.467234,2.4629953,4.4278474,3.7316744,"[6.566250324249268, 2.035456657409668, 11.136070251464844, 5.6902384757995605, 6.737797260284424, 3.3092150688171387, 8.467233657836914, 2.4629952907562256, 4.427847385406494, 3.7316744327545166]",4.2685833,2.8256855,3,"[ 6.4198093  1.9720458 10.862053   5.365867   6.5569224  3.5447173
  8.288348   2.4836838  4.577658   3.5889297]",0.6076121642228277,Let him go get it and I stay there
239,3634,184,7,Go doing something else.,pg,5.0,85.0,Darya is on her way to a concert with her friends. As they approach the entrance her friend Ted realizes he forgot his ticket at his house. The concert is about to start and Ted would likely miss most of the concert if he returned to his house for his ticket.,is on way to a concert with friends . As approach the entrance friend Ted realizes forgot ticket at house . The concert is about to start and Ted likely miss most of the concert if returned to house for ticket . : Go doing something else .,6.293913,2.1010063,10.86122,5.0966086,6.6242976,3.1356642,8.293449,2.570953,4.7433467,3.8111835,"[6.293912887573242, 2.101006269454956, 10.861220359802246, 5.096608638763428, 6.624297618865967, 3.135664224624634, 8.293449401855469, 2.570952892303467, 4.743346691131592, 3.811183452606201]",3.4445002,2.200388,3,"[ 6.4198093  1.9720458 10.862053   5.365867   6.5569224  3.5447173
  8.288348   2.4836838  4.577658   3.5889297]",0.6011129252176153,Let him go get it and I stay there
240,3635,194,7,He could choose not to go to the concert and do something else instead,pg,5.0,88.0,Darya is on her way to a concert with her friends. As they approach the entrance her friend Ted realizes he forgot his ticket at his house. The concert is about to start and Ted would likely miss most of the concert if he returned to his house for his ticket.,is on way to a concert with friends . As approach the entrance friend Ted realizes forgot ticket at house . The concert is about to start and Ted likely miss most of the concert if returned to house for ticket . : choose not to go to the concert and do something else instead,6.1698546,1.5237275,10.99961,4.3614016,5.924755,2.1715837,8.389688,2.8553014,4.8271346,3.8830128,"[6.169854640960693, 1.523727536201477, 10.99960994720459, 4.361401557922363, 5.924755096435547, 2.171583652496338, 8.389687538146973, 2.8553013801574707, 4.827134609222412, 3.8830127716064453]",2.681636,1.3346268,6,"[ 6.265687   1.6498485 10.972007   4.614988   5.8489113  2.325574
  8.286291   2.8224268  4.7236633  3.9598396]",0.38471258903182465,Decide not to go to concert and instead hang out with Ted.
241,3636,196,7,both should go back without seeing the concert,pg,5.0,84.0,Darya is on her way to a concert with her friends. As they approach the entrance her friend Ted realizes he forgot his ticket at his house. The concert is about to start and Ted would likely miss most of the concert if he returned to his house for his ticket.,is on way to a concert with friends . As approach the entrance friend Ted realizes forgot ticket at house . The concert is about to start and Ted likely miss most of the concert if returned to house for ticket . : both go back without seeing the concert,5.886943,1.549596,10.661998,5.0423646,6.227241,2.9237068,8.659992,2.9639966,4.5830946,4.0335584,"[5.8869428634643555, 1.5495959520339966, 10.66199779510498, 5.042364597320557, 6.227241039276123, 2.9237067699432373, 8.659992218017578, 2.963996648788452, 4.583094596862793, 4.033558368682861]",2.866303,2.3668647,10,"[ 6.0350957  1.7044297 10.5954275  5.2186604  6.316846   3.4331267
  8.475936   2.7918687  4.4011946  3.9598694]",0.6715613740078462,Darya and her friends could all listen to the concert from the parking lot
242,3637,206,7,Sell Darya's ticket at the gate to another customer.,pg,5.0,87.0,Darya is on her way to a concert with her friends. As they approach the entrance her friend Ted realizes he forgot his ticket at his house. The concert is about to start and Ted would likely miss most of the concert if he returned to his house for his ticket.,is on way to a concert with friends . As approach the entrance friend Ted realizes forgot ticket at house . The concert is about to start and Ted likely miss most of the concert if returned to house for ticket . : Sell 's ticket at the gate to another customer .,4.7759337,0.9699902,9.045041,2.645759,6.713359,5.5296764,8.049564,2.8336904,4.943597,2.0653923,"[4.775933742523193, 0.9699901938438416, 9.04504108428955, 2.645759105682373, 6.7133588790893555, 5.52967643737793, 8.049564361572266, 2.8336904048919678, 4.943596839904785, 2.065392255783081]",-0.008226394,5.96255,5,"[4.901328   0.96364546 9.2391     2.67012    6.738846   5.2806845
 8.035381   2.6144583  4.893009   2.0630207 ]",0.4092574662435267,See if there were any tickets available and buy him one but have him reimburse me
243,4659,107,7,take him back to get his ticket,pg,1.0,66.3333333333333,Darya is on her way to a concert with her friends. As they approach the entrance her friend Ted realizes he forgot his ticket at his house. The concert is about to start and Ted would likely miss most of the concert if he returned to his house for his ticket.,is on way to a concert with friends . As approach the entrance friend Ted realizes forgot ticket at house . The concert is about to start and Ted likely miss most of the concert if returned to house for ticket . : take back to get ticket,6.314794,2.1490774,10.566292,5.391488,6.9374313,3.8514652,8.638586,2.8329961,4.458139,3.6519303,"[6.314794063568115, 2.1490774154663086, 10.566291809082031, 5.391488075256348, 6.937431335449219, 3.8514652252197266, 8.638586044311523, 2.832996129989624, 4.458138942718506, 3.651930332183838]",3.967054,3.6861827,3,"[ 6.4198093  1.9720458 10.862053   5.365867   6.5569224  3.5447173
  8.288348   2.4836838  4.577658   3.5889297]",0.795185731846634,Let him go get it and I stay there
244,4660,110,7,Miss some of the concert to go get the ticket.,pg,1.0,64.3333333333333,Darya is on her way to a concert with her friends. As they approach the entrance her friend Ted realizes he forgot his ticket at his house. The concert is about to start and Ted would likely miss most of the concert if he returned to his house for his ticket.,is on way to a concert with friends . As approach the entrance friend Ted realizes forgot ticket at house . The concert is about to start and Ted likely miss most of the concert if returned to house for ticket . : Miss some of the concert to go get the ticket .,6.2316537,1.6687527,10.910784,4.52296,5.7083287,1.930481,8.232033,2.937458,4.666463,4.274616,"[6.231653690338135, 1.668752670288086, 10.910783767700195, 4.522960186004639, 5.708328723907471, 1.93048095703125, 8.232032775878906, 2.937458038330078, 4.6664628982543945, 4.27461576461792]",2.1227784,1.1213503,6,"[ 6.265687   1.6498485 10.972007   4.614988   5.8489113  2.325574
  8.286291   2.8224268  4.7236633  3.9598396]",0.5550918671808076,Decide not to go to concert and instead hang out with Ted.
245,4661,112,7,Return to the house and get the ticket,pg,1.0,70.3333333333333,Darya is on her way to a concert with her friends. As they approach the entrance her friend Ted realizes he forgot his ticket at his house. The concert is about to start and Ted would likely miss most of the concert if he returned to his house for his ticket.,is on way to a concert with friends . As approach the entrance friend Ted realizes forgot ticket at house . The concert is about to start and Ted likely miss most of the concert if returned to house for ticket . : Return to the house and get the ticket,6.38645,1.9957125,10.494454,5.091191,6.788059,3.981633,8.567168,2.9115283,4.3587255,3.5623395,"[6.386449813842773, 1.9957125186920166, 10.494454383850098, 5.091190814971924, 6.788059234619141, 3.981632947921753, 8.567168235778809, 2.9115283489227295, 4.358725547790527, 3.5623395442962646]",3.719768,3.7828798,3,"[ 6.4198093  1.9720458 10.862053   5.365867   6.5569224  3.5447173
  8.288348   2.4836838  4.577658   3.5889297]",0.87521329405247,Let him go get it and I stay there
246,4662,115,7,Ted could go back to get the ticket.,pg,1.0,37.0,Darya is on her way to a concert with her friends. As they approach the entrance her friend Ted realizes he forgot his ticket at his house. The concert is about to start and Ted would likely miss most of the concert if he returned to his house for his ticket.,is on way to a concert with friends . As approach the entrance friend Ted realizes forgot ticket at house . The concert is about to start and Ted likely miss most of the concert if returned to house for ticket . : Ted go back to get the ticket .,6.4552073,2.155441,10.63895,5.422222,6.7808285,4.0227947,8.349507,2.5905876,4.4999056,3.5175629,"[6.455207347869873, 2.1554410457611084, 10.63895034790039, 5.422222137451172, 6.780828475952148, 4.022794723510742, 8.349507331848145, 2.590587615966797, 4.499905586242676, 3.5175628662109375]",4.039807,3.6106477,3,"[ 6.4198093  1.9720458 10.862053   5.365867   6.5569224  3.5447173
  8.288348   2.4836838  4.577658   3.5889297]",0.626767066286589,Let him go get it and I stay there
247,4663,117,7,Go back for the ticket.,pg,1.0,28.3333333333333,Darya is on her way to a concert with her friends. As they approach the entrance her friend Ted realizes he forgot his ticket at his house. The concert is about to start and Ted would likely miss most of the concert if he returned to his house for his ticket.,is on way to a concert with friends . As approach the entrance friend Ted realizes forgot ticket at house . The concert is about to start and Ted likely miss most of the concert if returned to house for ticket . : Go back for the ticket .,6.4030247,2.1840432,10.565384,5.3906217,6.969579,4.1294665,8.469389,2.699079,4.4578114,3.4896362,"[6.403024673461914, 2.1840431690216064, 10.565383911132812, 5.390621662139893, 6.969579219818115, 4.129466533660889, 8.469388961791992, 2.6990790367126465, 4.45781135559082, 3.489636182785034]",3.9346762,3.7784111,3,"[ 6.4198093  1.9720458 10.862053   5.365867   6.5569224  3.5447173
  8.288348   2.4836838  4.577658   3.5889297]",0.8657138599504055,Let him go get it and I stay there
248,4664,125,7,He can go home for his ticket,pg,1.0,51.3333333333333,Darya is on her way to a concert with her friends. As they approach the entrance her friend Ted realizes he forgot his ticket at his house. The concert is about to start and Ted would likely miss most of the concert if he returned to his house for his ticket.,is on way to a concert with friends . As approach the entrance friend Ted realizes forgot ticket at house . The concert is about to start and Ted likely miss most of the concert if returned to house for ticket . : can go home for ticket,6.4627976,1.9478977,11.101744,5.705759,6.672286,3.1135643,8.612936,2.6537938,4.400126,3.9120219,"[6.46279764175415, 1.9478976726531982, 11.101743698120117, 5.705759048461914, 6.672286033630371, 3.1135642528533936, 8.612936019897461, 2.6537938117980957, 4.400125980377197, 3.9120218753814697]",4.114161,2.9547656,3,"[ 6.4198093  1.9720458 10.862053   5.365867   6.5569224  3.5447173
  8.288348   2.4836838  4.577658   3.5889297]",0.8030018386156714,Let him go get it and I stay there
249,4665,156,7,Ted returns back to his house to get the tickets,pg,1.0,27.6666666666667,Darya is on her way to a concert with her friends. As they approach the entrance her friend Ted realizes he forgot his ticket at his house. The concert is about to start and Ted would likely miss most of the concert if he returned to his house for his ticket.,is on way to a concert with friends . As approach the entrance friend Ted realizes forgot ticket at house . The concert is about to start and Ted likely miss most of the concert if returned to house for ticket . : Ted returns back to house to get the tickets,6.472587,2.1181777,10.650965,5.536507,6.627497,3.9332786,8.320796,2.5543447,4.4502,3.6685371,"[6.4725871086120605, 2.118177652359009, 10.650964736938477, 5.5365071296691895, 6.62749719619751, 3.9332785606384277, 8.320796012878418, 2.554344654083252, 4.450200080871582, 3.668537139892578]",3.9901984,3.4133775,3,"[ 6.4198093  1.9720458 10.862053   5.365867   6.5569224  3.5447173
  8.288348   2.4836838  4.577658   3.5889297]",0.5314184944653798,Let him go get it and I stay there
250,4666,160,7,Return to house anyway,pg,1.0,72.0,Darya is on her way to a concert with her friends. As they approach the entrance her friend Ted realizes he forgot his ticket at his house. The concert is about to start and Ted would likely miss most of the concert if he returned to his house for his ticket.,is on way to a concert with friends . As approach the entrance friend Ted realizes forgot ticket at house . The concert is about to start and Ted likely miss most of the concert if returned to house for ticket . : Return to house anyway,6.355042,1.9728408,10.882465,5.49068,6.6849318,3.2646282,8.6410475,2.7657716,4.434936,3.8700182,"[6.355041980743408, 1.9728407859802246, 10.882465362548828, 5.49068021774292, 6.684931755065918, 3.2646281719207764, 8.641047477722168, 2.7657716274261475, 4.434936046600342, 3.870018243789673]",3.9171436,3.064495,3,"[ 6.4198093  1.9720458 10.862053   5.365867   6.5569224  3.5447173
  8.288348   2.4836838  4.577658   3.5889297]",0.6468210267262079,Let him go get it and I stay there
251,4667,165,7,go back for the ticket,pg,1.0,66.6666666666667,Darya is on her way to a concert with her friends. As they approach the entrance her friend Ted realizes he forgot his ticket at his house. The concert is about to start and Ted would likely miss most of the concert if he returned to his house for his ticket.,is on way to a concert with friends . As approach the entrance friend Ted realizes forgot ticket at house . The concert is about to start and Ted likely miss most of the concert if returned to house for ticket . : go back for the ticket,6.2827272,2.1276128,10.470266,5.314205,6.9410033,3.9598954,8.643103,2.919224,4.4908977,3.6142557,"[6.282727241516113, 2.127612829208374, 10.470266342163086, 5.314205169677734, 6.941003322601318, 3.959895372390747, 8.643102645874023, 2.9192240238189697, 4.4908976554870605, 3.614255666732788]",3.8848677,3.8007839,3,"[ 6.4198093  1.9720458 10.862053   5.365867   6.5569224  3.5447173
  8.288348   2.4836838  4.577658   3.5889297]",0.9180217953708797,Let him go get it and I stay there
252,4668,179,7,go home and get the tickets,pg,1.0,83.3333333333333,Darya is on her way to a concert with her friends. As they approach the entrance her friend Ted realizes he forgot his ticket at his house. The concert is about to start and Ted would likely miss most of the concert if he returned to his house for his ticket.,is on way to a concert with friends . As approach the entrance friend Ted realizes forgot ticket at house . The concert is about to start and Ted likely miss most of the concert if returned to house for ticket . : go home and get the tickets,6.409135,1.9133035,10.962205,5.5185833,6.8673763,3.5978742,8.494265,2.4297876,4.4198575,3.5434148,"[6.409134864807129, 1.9133034944534302, 10.962204933166504, 5.518583297729492, 6.867376327514648, 3.597874164581299, 8.494264602661133, 2.4297876358032227, 4.419857501983643, 3.543414831161499]",4.18287,3.2105455,3,"[ 6.4198093  1.9720458 10.862053   5.365867   6.5569224  3.5447173
  8.288348   2.4836838  4.577658   3.5889297]",0.4565123644053382,Let him go get it and I stay there
253,4669,180,7,Return to get the ticket.,pg,1.0,76.6666666666667,Darya is on her way to a concert with her friends. As they approach the entrance her friend Ted realizes he forgot his ticket at his house. The concert is about to start and Ted would likely miss most of the concert if he returned to his house for his ticket.,is on way to a concert with friends . As approach the entrance friend Ted realizes forgot ticket at house . The concert is about to start and Ted likely miss most of the concert if returned to house for ticket . : Return to get the ticket .,6.415426,2.1816728,10.576681,5.367664,6.9922376,4.100759,8.521186,2.7298656,4.4108615,3.5161648,"[6.415425777435303, 2.1816728115081787, 10.576681137084961, 5.367663860321045, 6.992237567901611, 4.100759029388428, 8.521185874938965, 2.729865550994873, 4.410861492156982, 3.516164779663086]",4.0154734,3.8177297,3,"[ 6.4198093  1.9720458 10.862053   5.365867   6.5569224  3.5447173
  8.288348   2.4836838  4.577658   3.5889297]",0.8786463067854213,Let him go get it and I stay there
254,4670,192,7,Drive Ted home to get his ticket,pg,1.0,75.3333333333333,Darya is on her way to a concert with her friends. As they approach the entrance her friend Ted realizes he forgot his ticket at his house. The concert is about to start and Ted would likely miss most of the concert if he returned to his house for his ticket.,is on way to a concert with friends . As approach the entrance friend Ted realizes forgot ticket at house . The concert is about to start and Ted likely miss most of the concert if returned to house for ticket . : Drive Ted home to get ticket,5.7644258,1.5096431,10.67041,5.4935226,6.6610284,3.4550426,8.753113,2.4465392,4.0776362,4.0119123,"[5.764425754547119, 1.5096430778503418, 10.67041015625, 5.493522644042969, 6.6610283851623535, 3.455042600631714, 8.75311279296875, 2.4465391635894775, 4.077636241912842, 4.0119123458862305]",4.746474,3.8914688,10,"[ 6.0350957  1.7044297 10.5954275  5.2186604  6.316846   3.4331267
  8.475936   2.7918687  4.4011946  3.9598694]",0.784089014669741,Darya and her friends could all listen to the concert from the parking lot
255,4671,194,7,He could return home,pg,1.0,88.3333333333333,Darya is on her way to a concert with her friends. As they approach the entrance her friend Ted realizes he forgot his ticket at his house. The concert is about to start and Ted would likely miss most of the concert if he returned to his house for his ticket.,is on way to a concert with friends . As approach the entrance friend Ted realizes forgot ticket at house . The concert is about to start and Ted likely miss most of the concert if returned to house for ticket . : return home,6.4429164,2.0124187,11.010389,5.6641974,6.8289943,3.403507,8.557748,2.510992,4.4087396,3.733031,"[6.442916393280029, 2.012418746948242, 11.01038932800293, 5.6641974449157715, 6.828994274139404, 3.4035069942474365, 8.557747840881348, 2.5109920501708984, 4.4087395668029785, 3.7330310344696045]",4.252181,3.196545,3,"[ 6.4198093  1.9720458 10.862053   5.365867   6.5569224  3.5447173
  8.288348   2.4836838  4.577658   3.5889297]",0.5742409126372903,Let him go get it and I stay there
256,4672,203,7,go home without his friend to get his ticket,pg,1.0,78.6666666666667,Darya is on her way to a concert with her friends. As they approach the entrance her friend Ted realizes he forgot his ticket at his house. The concert is about to start and Ted would likely miss most of the concert if he returned to his house for his ticket.,is on way to a concert with friends . As approach the entrance friend Ted realizes forgot ticket at house . The concert is about to start and Ted likely miss most of the concert if returned to house for ticket . : go home without friend to get ticket,6.5719485,1.8100901,10.982604,5.1947255,5.9644833,2.743818,8.50877,2.9990277,4.2685995,4.1333785,"[6.571948528289795, 1.8100900650024414, 10.982604026794434, 5.194725513458252, 5.964483261108398, 2.7438180446624756, 8.508769989013672, 2.999027729034424, 4.268599510192871, 4.133378505706787]",2.3285317,2.238623,1,"[ 6.5916095  1.8438394 10.823863   5.022656   5.6287236  2.7807322
  8.377738   3.243035   4.359949   4.1942124]",0.5091010489439193,"I would return with him for his ticket and we would see what we could of the concert together. If that were not an option, I would sell my ticket to someone outside of the theater and take the loss. I would not want to go alone, without my friend. That would be unkind to my friend and not very much fun for me either."
257,4673,123,7,Go with Ted to retrieve his ticket.,pg,2.0,88.3333333333333,Darya is on her way to a concert with her friends. As they approach the entrance her friend Ted realizes he forgot his ticket at his house. The concert is about to start and Ted would likely miss most of the concert if he returned to his house for his ticket.,is on way to a concert with friends . As approach the entrance friend Ted realizes forgot ticket at house . The concert is about to start and Ted likely miss most of the concert if returned to house for ticket . : Go with Ted to retrieve ticket .,6.4612117,1.9121438,10.496919,4.758713,6.7062454,4.296185,8.239255,2.515287,4.2302775,3.3186293,"[6.461211681365967, 1.9121438264846802, 10.496918678283691, 4.7587127685546875, 6.706245422363281, 4.29618501663208, 8.23925495147705, 2.515286922454834, 4.2302775382995605, 3.318629264831543]",3.5913515,4.158112,7,"[ 6.0744877  1.6136857 10.175958   4.596031   6.4566236  4.374307
  8.231861   2.6766467  4.3928285  3.4267533]",0.7076251455497141,I would wait for my friend to retrieve the ticket himself or have someone bring the ticket to him.
258,4674,127,7,go home with him to get the ticket,pg,2.0,90.0,Darya is on her way to a concert with her friends. As they approach the entrance her friend Ted realizes he forgot his ticket at his house. The concert is about to start and Ted would likely miss most of the concert if he returned to his house for his ticket.,is on way to a concert with friends . As approach the entrance friend Ted realizes forgot ticket at house . The concert is about to start and Ted likely miss most of the concert if returned to house for ticket . : go home with to get the ticket,6.6776114,2.0731428,11.0121,5.4477954,6.8519635,3.650752,8.466785,2.4795296,4.2778788,3.5416992,"[6.677611351013184, 2.0731427669525146, 11.012100219726562, 5.447795391082764, 6.851963520050049, 3.650752067565918, 8.466785430908203, 2.479529619216919, 4.277878761291504, 3.541699171066284]",4.2409573,3.2786624,3,"[ 6.4198093  1.9720458 10.862053   5.365867   6.5569224  3.5447173
  8.288348   2.4836838  4.577658   3.5889297]",0.5728499272894899,Let him go get it and I stay there
259,4675,136,7,She could go back with Ted for the ticket,pg,2.0,68.6666666666667,Darya is on her way to a concert with her friends. As they approach the entrance her friend Ted realizes he forgot his ticket at his house. The concert is about to start and Ted would likely miss most of the concert if he returned to his house for his ticket.,is on way to a concert with friends . As approach the entrance friend Ted realizes forgot ticket at house . The concert is about to start and Ted likely miss most of the concert if returned to house for ticket . : go back with Ted for the ticket,6.417065,2.148245,10.495042,5.099983,6.9224634,3.9988656,8.56723,2.8420794,4.379348,3.5463226,"[6.417065143585205, 2.148245096206665, 10.495041847229004, 5.099983215332031, 6.922463417053223, 3.9988656044006348, 8.567230224609375, 2.8420794010162354, 4.379347801208496, 3.5463225841522217]",3.720316,3.76208,3,"[ 6.4198093  1.9720458 10.862053   5.365867   6.5569224  3.5447173
  8.288348   2.4836838  4.577658   3.5889297]",0.9075686959161655,Let him go get it and I stay there
260,4676,139,7,Drive Ted back home to get his ticket,pg,2.0,96.6666666666667,Darya is on her way to a concert with her friends. As they approach the entrance her friend Ted realizes he forgot his ticket at his house. The concert is about to start and Ted would likely miss most of the concert if he returned to his house for his ticket.,is on way to a concert with friends . As approach the entrance friend Ted realizes forgot ticket at house . The concert is about to start and Ted likely miss most of the concert if returned to house for ticket . : Drive Ted back home to get ticket,5.793505,1.4772714,10.692166,5.438887,6.6256385,3.4658358,8.709852,2.3981433,4.008835,3.9975839,"[5.7935051918029785, 1.4772714376449585, 10.692166328430176, 5.438887119293213, 6.625638484954834, 3.4658358097076416, 8.70985221862793, 2.3981432914733887, 4.0088348388671875, 3.9975838661193848]",4.768211,3.8947363,10,"[ 6.0350957  1.7044297 10.5954275  5.2186604  6.316846   3.4331267
  8.475936   2.7918687  4.4011946  3.9598694]",0.7933176542355763,Darya and her friends could all listen to the concert from the parking lot
261,4677,147,7,Tell him to go home to get it,pg,2.0,89.3333333333333,Darya is on her way to a concert with her friends. As they approach the entrance her friend Ted realizes he forgot his ticket at his house. The concert is about to start and Ted would likely miss most of the concert if he returned to his house for his ticket.,is on way to a concert with friends . As approach the entrance friend Ted realizes forgot ticket at house . The concert is about to start and Ted likely miss most of the concert if returned to house for ticket . : Tell to go home to get,6.6082416,1.9559157,11.179471,5.473026,6.875189,3.37706,8.454641,2.2966242,4.3839054,3.4833443,"[6.608241558074951, 1.9559156894683838, 11.179471015930176, 5.473025798797607, 6.875188827514648, 3.3770599365234375, 8.454641342163086, 2.296624183654785, 4.383905410766602, 3.483344316482544]",4.4552646,2.8189564,3,"[ 6.4198093  1.9720458 10.862053   5.365867   6.5569224  3.5447173
  8.288348   2.4836838  4.577658   3.5889297]",0.6234899486785332,Let him go get it and I stay there
262,4678,150,7,drive back for the ticket,pg,2.0,44.0,Darya is on her way to a concert with her friends. As they approach the entrance her friend Ted realizes he forgot his ticket at his house. The concert is about to start and Ted would likely miss most of the concert if he returned to his house for his ticket.,is on way to a concert with friends . As approach the entrance friend Ted realizes forgot ticket at house . The concert is about to start and Ted likely miss most of the concert if returned to house for ticket . : drive back for the ticket,5.759149,1.5628086,10.6394415,5.563844,6.7262883,3.4600313,8.82313,2.4608777,4.1162353,3.996644,"[5.759149074554443, 1.562808632850647, 10.63944149017334, 5.563844203948975, 6.726288318634033, 3.460031270980835, 8.823129653930664, 2.4608776569366455, 4.116235256195068, 3.9966440200805664]",4.7005005,3.9171891,10,"[ 6.0350957  1.7044297 10.5954275  5.2186604  6.316846   3.4331267
  8.475936   2.7918687  4.4011946  3.9598694]",0.8356505706257369,Darya and her friends could all listen to the concert from the parking lot
263,4679,171,7,drive back,pg,2.0,57.6666666666667,Darya is on her way to a concert with her friends. As they approach the entrance her friend Ted realizes he forgot his ticket at his house. The concert is about to start and Ted would likely miss most of the concert if he returned to his house for his ticket.,is on way to a concert with friends . As approach the entrance friend Ted realizes forgot ticket at house . The concert is about to start and Ted likely miss most of the concert if returned to house for ticket . : drive back,5.715813,1.515293,10.610636,5.4936566,6.65837,3.3753464,8.818398,2.5705793,4.1889877,4.056725,"[5.715813159942627, 1.515293002128601, 10.610635757446289, 5.493656635284424, 6.658370018005371, 3.3753464221954346, 8.818398475646973, 2.5705792903900146, 4.188987731933594, 4.056725025177002]",4.589528,3.794798,10,"[ 6.0350957  1.7044297 10.5954275  5.2186604  6.316846   3.4331267
  8.475936   2.7918687  4.4011946  3.9598694]",0.7444514226119678,Darya and her friends could all listen to the concert from the parking lot
264,4680,182,7,Darya can go with Ted to pick up the ticket so he doesn't feel alone.,pg,2.0,53.0,Darya is on her way to a concert with her friends. As they approach the entrance her friend Ted realizes he forgot his ticket at his house. The concert is about to start and Ted would likely miss most of the concert if he returned to his house for his ticket.,is on way to a concert with friends . As approach the entrance friend Ted realizes forgot ticket at house . The concert is about to start and Ted likely miss most of the concert if returned to house for ticket . : can go with Ted to pick up the ticket so does n't feel alone .,6.575575,1.9069833,10.627598,4.7362604,6.7413573,4.116056,8.325528,2.4703338,4.140804,3.2872705,"[6.57557487487793, 1.9069832563400269, 10.62759780883789, 4.736260414123535, 6.741357326507568, 4.116055965423584, 8.325528144836426, 2.4703338146209717, 4.140803813934326, 3.2872705459594727]",3.7290308,4.136142,7,"[ 6.0744877  1.6136857 10.175958   4.596031   6.4566236  4.374307
  8.231861   2.6766467  4.3928285  3.4267533]",0.9180589484837628,I would wait for my friend to retrieve the ticket himself or have someone bring the ticket to him.
265,4681,190,7,Darya could go with Ted to get his ticket,pg,2.0,80.6666666666667,Darya is on her way to a concert with her friends. As they approach the entrance her friend Ted realizes he forgot his ticket at his house. The concert is about to start and Ted would likely miss most of the concert if he returned to his house for his ticket.,is on way to a concert with friends . As approach the entrance friend Ted realizes forgot ticket at house . The concert is about to start and Ted likely miss most of the concert if returned to house for ticket . : go with Ted to get ticket,6.482694,1.7199113,10.643823,4.511219,6.6594706,3.920427,8.355071,2.4776351,4.152172,3.2650144,"[6.482694149017334, 1.7199113368988037, 10.64382266998291, 4.511219024658203, 6.659470558166504, 3.920427083969116, 8.355071067810059, 2.477635145187378, 4.152172088623047, 3.265014410018921]",3.6056528,4.248371,7,"[ 6.0744877  1.6136857 10.175958   4.596031   6.4566236  4.374307
  8.231861   2.6766467  4.3928285  3.4267533]",0.8888320565074629,I would wait for my friend to retrieve the ticket himself or have someone bring the ticket to him.
266,4682,195,7,give ted a ride to get the ticket,pg,2.0,54.6666666666667,Darya is on her way to a concert with her friends. As they approach the entrance her friend Ted realizes he forgot his ticket at his house. The concert is about to start and Ted would likely miss most of the concert if he returned to his house for his ticket.,is on way to a concert with friends . As approach the entrance friend Ted realizes forgot ticket at house . The concert is about to start and Ted likely miss most of the concert if returned to house for ticket . : give ted a ride to get the ticket,6.257621,0.8444541,10.596947,2.8514767,6.440267,3.9432032,7.5946684,1.6580257,4.39464,2.3026292,"[6.257620811462402, 0.8444541096687317, 10.596946716308594, 2.8514766693115234, 6.440267086029053, 3.9432032108306885, 7.594668388366699, 1.6580257415771484, 4.39463996887207, 2.302629232406616]",-0.45997122,3.1409323,8,"[ 6.206129   0.8477411 10.542283   2.8365161  6.434092   3.902594
  7.6392226  1.7240117  4.5328426  2.3152208]",0.18209644425530058,She could give Ted her ticket instead.
267,4683,196,7,go back home with Ted to pick the ticket,pg,2.0,93.6666666666667,Darya is on her way to a concert with her friends. As they approach the entrance her friend Ted realizes he forgot his ticket at his house. The concert is about to start and Ted would likely miss most of the concert if he returned to his house for his ticket.,is on way to a concert with friends . As approach the entrance friend Ted realizes forgot ticket at house . The concert is about to start and Ted likely miss most of the concert if returned to house for ticket . : go back home with Ted to pick the ticket,6.584296,1.980988,10.707705,4.9073873,6.7749443,4.0274386,8.347709,2.4794977,4.1686015,3.3819022,"[6.584296226501465, 1.9809880256652832, 10.707704544067383, 4.9073872566223145, 6.774944305419922, 4.027438640594482, 8.347708702087402, 2.4794976711273193, 4.1686015129089355, 3.3819022178649902]",3.8650792,4.0082192,3,"[ 6.4198093  1.9720458 10.862053   5.365867   6.5569224  3.5447173
  8.288348   2.4836838  4.577658   3.5889297]",0.8691636463769362,Let him go get it and I stay there
268,4684,201,7,Go get Ted's ticket.,pg,2.0,64.6666666666667,Darya is on her way to a concert with her friends. As they approach the entrance her friend Ted realizes he forgot his ticket at his house. The concert is about to start and Ted would likely miss most of the concert if he returned to his house for his ticket.,is on way to a concert with friends . As approach the entrance friend Ted realizes forgot ticket at house . The concert is about to start and Ted likely miss most of the concert if returned to house for ticket . : Go get Ted 's ticket .,6.3854847,1.8991269,10.584977,4.9211464,6.8144493,4.212556,8.252381,2.4568405,4.3430996,3.3014781,"[6.38548469543457, 1.8991268873214722, 10.584977149963379, 4.921146392822266, 6.814449310302734, 4.212555885314941, 8.252381324768066, 2.4568405151367188, 4.343099594116211, 3.301478147506714]",3.6814237,4.0189657,7,"[ 6.0744877  1.6136857 10.175958   4.596031   6.4566236  4.374307
  8.231861   2.6766467  4.3928285  3.4267533]",0.8199378182253944,I would wait for my friend to retrieve the ticket himself or have someone bring the ticket to him.
269,4685,205,7,Give the car keys to Ted and he can drive back,pg,2.0,68.3333333333333,Darya is on her way to a concert with her friends. As they approach the entrance her friend Ted realizes he forgot his ticket at his house. The concert is about to start and Ted would likely miss most of the concert if he returned to his house for his ticket.,is on way to a concert with friends . As approach the entrance friend Ted realizes forgot ticket at house . The concert is about to start and Ted likely miss most of the concert if returned to house for ticket . : Give the car keys to Ted and can drive back,5.794606,1.409739,10.724501,5.3738284,6.513973,3.472108,8.529056,2.2264786,4.090086,3.9101818,"[5.7946062088012695, 1.4097390174865723, 10.72450065612793, 5.373828411102295, 6.513973236083984, 3.4721078872680664, 8.52905559539795, 2.2264785766601562, 4.090085983276367, 3.910181760787964]",4.7179403,3.6752815,10,"[ 6.0350957  1.7044297 10.5954275  5.2186604  6.316846   3.4331267
  8.475936   2.7918687  4.4011946  3.9598694]",0.8046978504742391,Darya and her friends could all listen to the concert from the parking lot
270,4686,207,7,Turn around to retrieve the ticket ,pg,2.0,76.3333333333333,Darya is on her way to a concert with her friends. As they approach the entrance her friend Ted realizes he forgot his ticket at his house. The concert is about to start and Ted would likely miss most of the concert if he returned to his house for his ticket.,is on way to a concert with friends . As approach the entrance friend Ted realizes forgot ticket at house . The concert is about to start and Ted likely miss most of the concert if returned to house for ticket . : Turn around to retrieve the ticket,6.115882,1.9382148,10.434638,5.325506,6.7020187,3.9212387,8.616773,2.8258512,4.2792544,3.8081622,"[6.11588191986084, 1.9382147789001465, 10.434638023376465, 5.325506210327148, 6.702018737792969, 3.921238660812378, 8.616772651672363, 2.8258512020111084, 4.27925443649292, 3.808162212371826]",4.2006774,3.868149,10,"[ 6.0350957  1.7044297 10.5954275  5.2186604  6.316846   3.4331267
  8.475936   2.7918687  4.4011946  3.9598694]",0.7375207290459836,Darya and her friends could all listen to the concert from the parking lot
271,4687,208,7,go back,pg,2.0,88.0,Darya is on her way to a concert with her friends. As they approach the entrance her friend Ted realizes he forgot his ticket at his house. The concert is about to start and Ted would likely miss most of the concert if he returned to his house for his ticket.,is on way to a concert with friends . As approach the entrance friend Ted realizes forgot ticket at house . The concert is about to start and Ted likely miss most of the concert if returned to house for ticket . : go back,6.3067236,2.1494982,10.621594,5.519931,6.892045,3.7668498,8.632035,2.8238177,4.4949555,3.723234,"[6.306723594665527, 2.149498224258423, 10.621594429016113, 5.519930839538574, 6.892045021057129, 3.7668497562408447, 8.632035255432129, 2.823817729949951, 4.494955539703369, 3.723233938217163]",3.9979522,3.314386,3,"[ 6.4198093  1.9720458 10.862053   5.365867   6.5569224  3.5447173
  8.288348   2.4836838  4.577658   3.5889297]",0.7390350935026141,Let him go get it and I stay there
272,4688,113,7,go with him to get his ticket,pg,3.0,50.6666666666667,Darya is on her way to a concert with her friends. As they approach the entrance her friend Ted realizes he forgot his ticket at his house. The concert is about to start and Ted would likely miss most of the concert if he returned to his house for his ticket.,is on way to a concert with friends . As approach the entrance friend Ted realizes forgot ticket at house . The concert is about to start and Ted likely miss most of the concert if returned to house for ticket . : go with to get ticket,6.597087,1.706322,10.961233,4.5324464,6.152422,2.8889341,8.587016,2.8568091,4.2789507,3.6866663,"[6.5970869064331055, 1.7063219547271729, 10.961233139038086, 4.532446384429932, 6.152421951293945, 2.8889341354370117, 8.587016105651855, 2.856809139251709, 4.2789506912231445, 3.686666250228882]",2.5398104,2.2254505,6,"[ 6.265687   1.6498485 10.972007   4.614988   5.8489113  2.325574
  8.286291   2.8224268  4.7236633  3.9598396]",0.9452240174154957,Decide not to go to concert and instead hang out with Ted.
273,4689,119,7,go home and get the ticket by himself.,pg,3.0,93.6666666666667,Darya is on her way to a concert with her friends. As they approach the entrance her friend Ted realizes he forgot his ticket at his house. The concert is about to start and Ted would likely miss most of the concert if he returned to his house for his ticket.,is on way to a concert with friends . As approach the entrance friend Ted realizes forgot ticket at house . The concert is about to start and Ted likely miss most of the concert if returned to house for ticket . : go home and get the ticket by .,6.377921,1.9102752,10.556487,5.0694294,6.8269143,4.171958,8.409373,2.6096256,4.276301,3.4355097,"[6.377921104431152, 1.9102752208709717, 10.556487083435059, 5.069429397583008, 6.826914310455322, 4.171957969665527, 8.40937328338623, 2.6096255779266357, 4.27630090713501, 3.43550968170166]",3.811222,3.8764057,7,"[ 6.0744877  1.6136857 10.175958   4.596031   6.4566236  4.374307
  8.231861   2.6766467  4.3928285  3.4267533]",0.8812853361116092,I would wait for my friend to retrieve the ticket himself or have someone bring the ticket to him.
274,4690,126,7,Drive back,pg,3.0,66.6666666666667,Darya is on her way to a concert with her friends. As they approach the entrance her friend Ted realizes he forgot his ticket at his house. The concert is about to start and Ted would likely miss most of the concert if he returned to his house for his ticket.,is on way to a concert with friends . As approach the entrance friend Ted realizes forgot ticket at house . The concert is about to start and Ted likely miss most of the concert if returned to house for ticket . : Drive back,5.792205,1.5898526,10.624417,5.49913,6.6855617,3.4292557,8.754462,2.555915,4.2234535,3.9938521,"[5.792204856872559, 1.5898525714874268, 10.624417304992676, 5.499129772186279, 6.685561656951904, 3.429255723953247, 8.754462242126465, 2.555915117263794, 4.223453521728516, 3.993852138519287]",4.550935,3.8864622,10,"[ 6.0350957  1.7044297 10.5954275  5.2186604  6.316846   3.4331267
  8.475936   2.7918687  4.4011946  3.9598694]",0.6734919344881898,Darya and her friends could all listen to the concert from the parking lot
275,4691,146,7,offer to go with him to get the ticket,pg,3.0,85.6666666666667,Darya is on her way to a concert with her friends. As they approach the entrance her friend Ted realizes he forgot his ticket at his house. The concert is about to start and Ted would likely miss most of the concert if he returned to his house for his ticket.,is on way to a concert with friends . As approach the entrance friend Ted realizes forgot ticket at house . The concert is about to start and Ted likely miss most of the concert if returned to house for ticket . : offer to go with to get the ticket,5.7977934,1.0344808,10.275131,3.1206796,6.335814,4.054812,7.8235903,2.1654177,4.7279434,2.5947633,"[5.797793388366699, 1.0344808101654053, 10.275131225585938, 3.1206796169281006, 6.335813999176025, 4.054811954498291, 7.823590278625488, 2.1654176712036133, 4.727943420410156, 2.5947632789611816]",0.65657604,3.5186462,4,"[ 5.6905556  1.0821797 10.038611   3.213778   6.430102   4.3516946
  7.912626   2.3025432  4.7172823  2.5783617]",0.45002994974971283,TELL HIM TO BUY ANOTHER TICKET
276,4692,152,7,go get his ticket,pg,3.0,79.6666666666667,Darya is on her way to a concert with her friends. As they approach the entrance her friend Ted realizes he forgot his ticket at his house. The concert is about to start and Ted would likely miss most of the concert if he returned to his house for his ticket.,is on way to a concert with friends . As approach the entrance friend Ted realizes forgot ticket at house . The concert is about to start and Ted likely miss most of the concert if returned to house for ticket . : go get ticket,6.2678623,1.7388517,10.601514,4.7897015,6.875569,3.9892323,8.436776,2.5536182,4.331032,3.3056004,"[6.267862319946289, 1.7388516664505005, 10.601513862609863, 4.789701461791992, 6.875568866729736, 3.989232301712036, 8.436776161193848, 2.5536181926727295, 4.331031799316406, 3.30560040473938]",3.626652,3.9811773,7,"[ 6.0744877  1.6136857 10.175958   4.596031   6.4566236  4.374307
  8.231861   2.6766467  4.3928285  3.4267533]",0.8191992179005151,I would wait for my friend to retrieve the ticket himself or have someone bring the ticket to him.
277,4693,161,7,Look for the ticket at Ted's house,pg,3.0,93.6666666666667,Darya is on her way to a concert with her friends. As they approach the entrance her friend Ted realizes he forgot his ticket at his house. The concert is about to start and Ted would likely miss most of the concert if he returned to his house for his ticket.,is on way to a concert with friends . As approach the entrance friend Ted realizes forgot ticket at house . The concert is about to start and Ted likely miss most of the concert if returned to house for ticket . : Look for the ticket at Ted 's house,6.119511,1.8176486,10.113518,4.759643,6.6994743,4.718137,8.250964,2.6433356,4.371092,3.3352826,"[6.119511127471924, 1.8176486492156982, 10.113517761230469, 4.759643077850342, 6.699474334716797, 4.718136787414551, 8.250964164733887, 2.6433355808258057, 4.371091842651367, 3.335282564163208]",3.2252867,4.613624,7,"[ 6.0744877  1.6136857 10.175958   4.596031   6.4566236  4.374307
  8.231861   2.6766467  4.3928285  3.4267533]",0.5116686678182993,I would wait for my friend to retrieve the ticket himself or have someone bring the ticket to him.
278,4694,173,7,go with Ted to get the ticket,pg,3.0,89.0,Darya is on her way to a concert with her friends. As they approach the entrance her friend Ted realizes he forgot his ticket at his house. The concert is about to start and Ted would likely miss most of the concert if he returned to his house for his ticket.,is on way to a concert with friends . As approach the entrance friend Ted realizes forgot ticket at house . The concert is about to start and Ted likely miss most of the concert if returned to house for ticket . : go with Ted to get the ticket,6.5337176,1.8599147,10.656811,4.719015,6.684454,4.000169,8.35095,2.5296926,4.1840434,3.3318362,"[6.533717632293701, 1.8599146604537964, 10.656810760498047, 4.719015121459961, 6.684453964233398, 4.000168800354004, 8.350950241088867, 2.5296926498413086, 4.1840434074401855, 3.331836223602295]",3.6725857,4.1499753,7,"[ 6.0744877  1.6136857 10.175958   4.596031   6.4566236  4.374307
  8.231861   2.6766467  4.3928285  3.4267533]",0.8933811797833746,I would wait for my friend to retrieve the ticket himself or have someone bring the ticket to him.
279,4695,175,7,Suggest Ted try and get the ticket anyway,pg,3.0,75.0,Darya is on her way to a concert with her friends. As they approach the entrance her friend Ted realizes he forgot his ticket at his house. The concert is about to start and Ted would likely miss most of the concert if he returned to his house for his ticket.,is on way to a concert with friends . As approach the entrance friend Ted realizes forgot ticket at house . The concert is about to start and Ted likely miss most of the concert if returned to house for ticket . : Suggest Ted try and get the ticket anyway,6.0996485,1.6154475,10.883172,4.5108914,6.2783775,2.8250039,8.271012,2.529977,4.84511,3.5117612,"[6.099648475646973, 1.6154475212097168, 10.883172035217285, 4.510891437530518, 6.278377532958984, 2.8250038623809814, 8.271012306213379, 2.5299770832061768, 4.845109939575195, 3.51176118850708]",3.2852721,1.6680384,6,"[ 6.265687   1.6498485 10.972007   4.614988   5.8489113  2.325574
  8.286291   2.8224268  4.7236633  3.9598396]",0.8846667267512768,Decide not to go to concert and instead hang out with Ted.
280,4696,176,7,go to his house and get the ticket,pg,3.0,91.6666666666667,Darya is on her way to a concert with her friends. As they approach the entrance her friend Ted realizes he forgot his ticket at his house. The concert is about to start and Ted would likely miss most of the concert if he returned to his house for his ticket.,is on way to a concert with friends . As approach the entrance friend Ted realizes forgot ticket at house . The concert is about to start and Ted likely miss most of the concert if returned to house for ticket . : go to house and get the ticket,6.1682024,1.8040655,10.357759,4.9366665,6.7413983,4.209013,8.442902,2.771019,4.4172125,3.4399822,"[6.1682024002075195, 1.804065465927124, 10.357759475708008, 4.936666488647461, 6.741398334503174, 4.209012985229492, 8.442901611328125, 2.7710189819335938, 4.41721248626709, 3.4399821758270264]",3.5137131,3.9189694,7,"[ 6.0744877  1.6136857 10.175958   4.596031   6.4566236  4.374307
  8.231861   2.6766467  4.3928285  3.4267533]",0.5972803633752244,I would wait for my friend to retrieve the ticket himself or have someone bring the ticket to him.
281,4697,185,7,drive back with Ted to get his ticket,pg,3.0,90.0,Darya is on her way to a concert with her friends. As they approach the entrance her friend Ted realizes he forgot his ticket at his house. The concert is about to start and Ted would likely miss most of the concert if he returned to his house for his ticket.,is on way to a concert with friends . As approach the entrance friend Ted realizes forgot ticket at house . The concert is about to start and Ted likely miss most of the concert if returned to house for ticket . : drive back with Ted to get ticket,5.7885885,1.5497017,10.651033,5.4479623,6.6292996,3.4830668,8.714059,2.470843,4.0998936,4.004015,"[5.788588523864746, 1.5497016906738281, 10.651033401489258, 5.447962284088135, 6.629299640655518, 3.4830667972564697, 8.714058876037598, 2.4708430767059326, 4.099893569946289, 4.00401496887207]",4.6786304,3.8918855,10,"[ 6.0350957  1.7044297 10.5954275  5.2186604  6.316846   3.4331267
  8.475936   2.7918687  4.4011946  3.9598694]",0.7021327555494563,Darya and her friends could all listen to the concert from the parking lot
282,4698,188,7,Co home to get ticket.,pg,3.0,77.3333333333333,Darya is on her way to a concert with her friends. As they approach the entrance her friend Ted realizes he forgot his ticket at his house. The concert is about to start and Ted would likely miss most of the concert if he returned to his house for his ticket.,is on way to a concert with friends . As approach the entrance friend Ted realizes forgot ticket at house . The concert is about to start and Ted likely miss most of the concert if returned to house for ticket . : Co home to get ticket .,6.2664533,1.7708731,10.755383,5.3085694,6.945598,3.9246132,8.536395,2.5264516,4.3125925,3.471468,"[6.266453266143799, 1.7708730697631836, 10.755382537841797, 5.308569431304932, 6.945598125457764, 3.9246132373809814, 8.536395072937012, 2.526451587677002, 4.312592506408691, 3.471467971801758]",4.138293,3.5697007,3,"[ 6.4198093  1.9720458 10.862053   5.365867   6.5569224  3.5447173
  8.288348   2.4836838  4.577658   3.5889297]",0.7221171911089236,Let him go get it and I stay there
283,4699,193,7,take Ted to his house,pg,3.0,58.3333333333333,Darya is on her way to a concert with her friends. As they approach the entrance her friend Ted realizes he forgot his ticket at his house. The concert is about to start and Ted would likely miss most of the concert if he returned to his house for his ticket.,is on way to a concert with friends . As approach the entrance friend Ted realizes forgot ticket at house . The concert is about to start and Ted likely miss most of the concert if returned to house for ticket . : take Ted to house,6.5643053,1.975632,10.706081,5.0224223,6.7071867,3.9060373,8.392236,2.515853,4.183916,3.4861755,"[6.564305305480957, 1.9756319522857666, 10.70608139038086, 5.0224223136901855, 6.707186698913574, 3.9060373306274414, 8.39223575592041, 2.515852928161621, 4.183916091918945, 3.486175537109375]",3.8786814,3.7108202,3,"[ 6.4198093  1.9720458 10.862053   5.365867   6.5569224  3.5447173
  8.288348   2.4836838  4.577658   3.5889297]",0.7026546996666186,Let him go get it and I stay there
284,4700,206,7,Take Ted home to get the ticket.,pg,3.0,80.0,Darya is on her way to a concert with her friends. As they approach the entrance her friend Ted realizes he forgot his ticket at his house. The concert is about to start and Ted would likely miss most of the concert if he returned to his house for his ticket.,is on way to a concert with friends . As approach the entrance friend Ted realizes forgot ticket at house . The concert is about to start and Ted likely miss most of the concert if returned to house for ticket . : Take Ted home to get the ticket .,6.4962883,1.9590493,10.574484,4.9674916,6.701549,4.1941957,8.275423,2.4786398,4.219798,3.4184752,"[6.496288299560547, 1.9590493440628052, 10.574483871459961, 4.967491626739502, 6.701549053192139, 4.194195747375488, 8.275423049926758, 2.478639841079712, 4.2197980880737305, 3.4184751510620117]",3.735408,4.092453,7,"[ 6.0744877  1.6136857 10.175958   4.596031   6.4566236  4.374307
  8.231861   2.6766467  4.3928285  3.4267533]",0.8703670420413417,I would wait for my friend to retrieve the ticket himself or have someone bring the ticket to him.
285,4701,121,7,go back fast and get it,pg,4.0,98.3333333333333,Darya is on her way to a concert with her friends. As they approach the entrance her friend Ted realizes he forgot his ticket at his house. The concert is about to start and Ted would likely miss most of the concert if he returned to his house for his ticket.,is on way to a concert with friends . As approach the entrance friend Ted realizes forgot ticket at house . The concert is about to start and Ted likely miss most of the concert if returned to house for ticket . : go back fast and get,6.2431417,2.0149093,10.623544,5.231526,6.9122643,3.8112757,8.555948,2.7190475,4.477464,3.5421822,"[6.2431416511535645, 2.014909267425537, 10.623543739318848, 5.231525897979736, 6.912264347076416, 3.8112757205963135, 8.555948257446289, 2.7190475463867188, 4.477464199066162, 3.542182207107544]",4.1553297,3.5595555,3,"[ 6.4198093  1.9720458 10.862053   5.365867   6.5569224  3.5447173
  8.288348   2.4836838  4.577658   3.5889297]",0.6667340081699227,Let him go get it and I stay there
286,4702,133,7,go with him,pg,4.0,57.3333333333333,Darya is on her way to a concert with her friends. As they approach the entrance her friend Ted realizes he forgot his ticket at his house. The concert is about to start and Ted would likely miss most of the concert if he returned to his house for his ticket.,is on way to a concert with friends . As approach the entrance friend Ted realizes forgot ticket at house . The concert is about to start and Ted likely miss most of the concert if returned to house for ticket . : go with,6.535986,1.675565,10.987624,4.5625744,6.0193887,2.6996331,8.5439625,2.8965988,4.3753095,3.7823398,"[6.535985946655273, 1.6755650043487549, 10.987624168395996, 4.56257438659668, 6.019388675689697, 2.6996331214904785, 8.543962478637695, 2.8965988159179688, 4.375309467315674, 3.7823398113250732]",2.420106,1.9862425,6,"[ 6.265687   1.6498485 10.972007   4.614988   5.8489113  2.325574
  8.286291   2.8224268  4.7236633  3.9598396]",0.6858931151020909,Decide not to go to concert and instead hang out with Ted.
287,4703,140,7,Return with Ted,pg,4.0,66.6666666666667,Darya is on her way to a concert with her friends. As they approach the entrance her friend Ted realizes he forgot his ticket at his house. The concert is about to start and Ted would likely miss most of the concert if he returned to his house for his ticket.,is on way to a concert with friends . As approach the entrance friend Ted realizes forgot ticket at house . The concert is about to start and Ted likely miss most of the concert if returned to house for ticket . : Return with Ted,6.5110435,2.1773143,10.670079,5.357651,6.814852,3.8753028,8.482548,2.6568265,4.360956,3.601353,"[6.511043548583984, 2.177314281463623, 10.670079231262207, 5.357651233673096, 6.814852237701416, 3.875302791595459, 8.482547760009766, 2.6568264961242676, 4.360956192016602, 3.6013529300689697]",3.8450499,3.4183578,3,"[ 6.4198093  1.9720458 10.862053   5.365867   6.5569224  3.5447173
  8.288348   2.4836838  4.577658   3.5889297]",0.6148176318847789,Let him go get it and I stay there
288,4704,183,7,go back with Ted to get his,pg,4.0,55.6666666666667,Darya is on her way to a concert with her friends. As they approach the entrance her friend Ted realizes he forgot his ticket at his house. The concert is about to start and Ted would likely miss most of the concert if he returned to his house for his ticket.,is on way to a concert with friends . As approach the entrance friend Ted realizes forgot ticket at house . The concert is about to start and Ted likely miss most of the concert if returned to house for ticket . : go back with Ted to get,6.488768,2.081954,10.665534,5.209758,6.804665,3.9391396,8.421357,2.6080737,4.387181,3.4755447,"[6.488768100738525, 2.081954002380371, 10.665534019470215, 5.2097578048706055, 6.8046650886535645, 3.9391396045684814, 8.421357154846191, 2.6080737113952637, 4.387180805206299, 3.4755446910858154]",3.761552,3.4741638,3,"[ 6.4198093  1.9720458 10.862053   5.365867   6.5569224  3.5447173
  8.288348   2.4836838  4.577658   3.5889297]",0.6156884775021522,Let him go get it and I stay there
289,4705,202,7,go back to the house with Ted,pg,4.0,49.3333333333333,Darya is on her way to a concert with her friends. As they approach the entrance her friend Ted realizes he forgot his ticket at his house. The concert is about to start and Ted would likely miss most of the concert if he returned to his house for his ticket.,is on way to a concert with friends . As approach the entrance friend Ted realizes forgot ticket at house . The concert is about to start and Ted likely miss most of the concert if returned to house for ticket . : go back to the house with Ted,6.4713798,2.0692472,10.636668,5.261651,6.55353,3.7579334,8.38855,2.7004797,4.436993,3.6703572,"[6.47137975692749, 2.069247245788574, 10.63666820526123, 5.261651039123535, 6.553530216217041, 3.7579333782196045, 8.3885498046875, 2.700479745864868, 4.43699312210083, 3.6703572273254395]",3.7742093,3.3527162,3,"[ 6.4198093  1.9720458 10.862053   5.365867   6.5569224  3.5447173
  8.288348   2.4836838  4.577658   3.5889297]",0.4502193193890237,Let him go get it and I stay there
290,4706,116,7,She could drive Ted back and miss part of the concert,pg,5.0,65.3333333333333,Darya is on her way to a concert with her friends. As they approach the entrance her friend Ted realizes he forgot his ticket at his house. The concert is about to start and Ted would likely miss most of the concert if he returned to his house for his ticket.,is on way to a concert with friends . As approach the entrance friend Ted realizes forgot ticket at house . The concert is about to start and Ted likely miss most of the concert if returned to house for ticket . : drive Ted back and miss part of the concert,5.696342,1.4942931,10.652442,5.526317,6.624691,3.3243194,8.807537,2.5068936,4.1059914,4.0948424,"[5.6963419914245605, 1.4942930936813354, 10.65244197845459, 5.526317119598389, 6.624691009521484, 3.324319362640381, 8.807537078857422, 2.5068936347961426, 4.105991363525391, 4.094842433929443]",4.752964,3.9406867,10,"[ 6.0350957  1.7044297 10.5954275  5.2186604  6.316846   3.4331267
  8.475936   2.7918687  4.4011946  3.9598694]",0.8123762811959602,Darya and her friends could all listen to the concert from the parking lot
291,4707,121,7,call uber to go get it,pg,5.0,97.0,Darya is on her way to a concert with her friends. As they approach the entrance her friend Ted realizes he forgot his ticket at his house. The concert is about to start and Ted would likely miss most of the concert if he returned to his house for his ticket.,is on way to a concert with friends . As approach the entrance friend Ted realizes forgot ticket at house . The concert is about to start and Ted likely miss most of the concert if returned to house for ticket . : call uber to go get,6.136397,1.5379144,10.471073,4.7250824,6.720987,4.0195303,8.449931,2.381061,4.178916,3.4178908,"[6.136396884918213, 1.5379143953323364, 10.471073150634766, 4.7250823974609375, 6.720986843109131, 4.019530296325684, 8.449931144714355, 2.38106107711792, 4.178915977478027, 3.417890787124634]",3.7360036,4.3298454,7,"[ 6.0744877  1.6136857 10.175958   4.596031   6.4566236  4.374307
  8.231861   2.6766467  4.3928285  3.4267533]",0.6998846102170776,I would wait for my friend to retrieve the ticket himself or have someone bring the ticket to him.
292,4708,122,7,go back for the ticket,pg,5.0,67.3333333333333,Darya is on her way to a concert with her friends. As they approach the entrance her friend Ted realizes he forgot his ticket at his house. The concert is about to start and Ted would likely miss most of the concert if he returned to his house for his ticket.,is on way to a concert with friends . As approach the entrance friend Ted realizes forgot ticket at house . The concert is about to start and Ted likely miss most of the concert if returned to house for ticket . : go back for the ticket,6.2935133,2.0866592,10.52649,5.2809854,6.973938,3.908565,8.685846,2.8806934,4.42142,3.6217422,"[6.293513298034668, 2.0866591930389404, 10.526490211486816, 5.280985355377197, 6.97393798828125, 3.908565044403076, 8.685846328735352, 2.8806934356689453, 4.421420097351074, 3.6217422485351562]",3.780908,3.7584953,3,"[ 6.4198093  1.9720458 10.862053   5.365867   6.5569224  3.5447173
  8.288348   2.4836838  4.577658   3.5889297]",0.8923506678812281,Let him go get it and I stay there
293,4709,128,7,Get the ticket herself,pg,5.0,43.3333333333333,Darya is on her way to a concert with her friends. As they approach the entrance her friend Ted realizes he forgot his ticket at his house. The concert is about to start and Ted would likely miss most of the concert if he returned to his house for his ticket.,is on way to a concert with friends . As approach the entrance friend Ted realizes forgot ticket at house . The concert is about to start and Ted likely miss most of the concert if returned to house for ticket . : Get the ticket herself,6.541086,1.6935512,10.61268,4.487501,6.4751735,3.8379517,8.406366,2.695206,4.0831313,3.3607492,"[6.541086196899414, 1.6935511827468872, 10.612680435180664, 4.48750114440918, 6.475173473358154, 3.83795166015625, 8.406366348266602, 2.6952059268951416, 4.083131313323975, 3.3607492446899414]",2.252961,2.7347531,7,"[ 6.0744877  1.6136857 10.175958   4.596031   6.4566236  4.374307
  8.231861   2.6766467  4.3928285  3.4267533]",0.9196112730625707,I would wait for my friend to retrieve the ticket himself or have someone bring the ticket to him.
294,4710,162,7,Go with Ted to his house to pick up his ticket,pg,5.0,85.0,Darya is on her way to a concert with her friends. As they approach the entrance her friend Ted realizes he forgot his ticket at his house. The concert is about to start and Ted would likely miss most of the concert if he returned to his house for his ticket.,is on way to a concert with friends . As approach the entrance friend Ted realizes forgot ticket at house . The concert is about to start and Ted likely miss most of the concert if returned to house for ticket . : Go with Ted to house to pick up ticket,6.574745,1.9110771,10.637862,4.785559,6.7324133,4.040214,8.379637,2.476606,4.1135736,3.3592315,"[6.574745178222656, 1.9110771417617798, 10.637862205505371, 4.785559177398682, 6.732413291931152, 4.0402140617370605, 8.379636764526367, 2.4766058921813965, 4.1135735511779785, 3.359231472015381]",3.8051739,4.181504,7,"[ 6.0744877  1.6136857 10.175958   4.596031   6.4566236  4.374307
  8.231861   2.6766467  4.3928285  3.4267533]",0.9591926338365798,I would wait for my friend to retrieve the ticket himself or have someone bring the ticket to him.
295,4711,168,7,Ask to go get the ticket for Ted.,pg,5.0,73.3333333333333,Darya is on her way to a concert with her friends. As they approach the entrance her friend Ted realizes he forgot his ticket at his house. The concert is about to start and Ted would likely miss most of the concert if he returned to his house for his ticket.,is on way to a concert with friends . As approach the entrance friend Ted realizes forgot ticket at house . The concert is about to start and Ted likely miss most of the concert if returned to house for ticket . : Ask to go get the ticket for Ted .,6.3155003,1.6987349,10.398171,4.365428,6.7019987,4.3796105,8.138031,2.3772771,4.291834,3.093827,"[6.315500259399414, 1.6987348794937134, 10.398171424865723, 4.3654279708862305, 6.701998710632324, 4.379610538482666, 8.138031005859375, 2.377277135848999, 4.291833877563477, 3.09382700920105]",2.575672,4.25601,7,"[ 6.0744877  1.6136857 10.175958   4.596031   6.4566236  4.374307
  8.231861   2.6766467  4.3928285  3.4267533]",0.6690144585092775,I would wait for my friend to retrieve the ticket himself or have someone bring the ticket to him.
296,4712,191,7,"Tell Ted that you wouldn't mind accompanying him back to his house, even though you both might end up missing the concert",pg,5.0,73.3333333333333,Darya is on her way to a concert with her friends. As they approach the entrance her friend Ted realizes he forgot his ticket at his house. The concert is about to start and Ted would likely miss most of the concert if he returned to his house for his ticket.,"is on way to a concert with friends . As approach the entrance friend Ted realizes forgot ticket at house . The concert is about to start and Ted likely miss most of the concert if returned to house for ticket . : Tell Ted that n't mind accompanying back to house , even though both might end up missing the concert",6.7354527,1.900762,11.051652,4.9578924,6.101853,3.1401362,8.265038,2.573528,4.3311963,3.570421,"[6.735452651977539, 1.9007619619369507, 11.051651954650879, 4.957892417907715, 6.101852893829346, 3.140136241912842, 8.265037536621094, 2.5735280513763428, 4.331196308135986, 3.570420980453491]",3.1091788,2.4750981,3,"[ 6.4198093  1.9720458 10.862053   5.365867   6.5569224  3.5447173
  8.288348   2.4836838  4.577658   3.5889297]",0.8646263787443825,Let him go get it and I stay there
297,4713,205,7,Tell Ted to walk back to his house,pg,5.0,0.666666666666667,Darya is on her way to a concert with her friends. As they approach the entrance her friend Ted realizes he forgot his ticket at his house. The concert is about to start and Ted would likely miss most of the concert if he returned to his house for his ticket.,is on way to a concert with friends . As approach the entrance friend Ted realizes forgot ticket at house . The concert is about to start and Ted likely miss most of the concert if returned to house for ticket . : Tell Ted to walk back to house,6.508803,2.1366022,10.697129,5.237314,6.538473,3.5969348,8.445713,2.6701705,4.336715,3.6959734,"[6.508802890777588, 2.1366021633148193, 10.697129249572754, 5.237314224243164, 6.538473129272461, 3.5969347953796387, 8.44571304321289, 2.670170545578003, 4.336715221405029, 3.6959733963012695]",3.6973283,3.191664,3,"[ 6.4198093  1.9720458 10.862053   5.365867   6.5569224  3.5447173
  8.288348   2.4836838  4.577658   3.5889297]",0.4591777737229226,Let him go get it and I stay there
298,5550,111,7,give away the ticket,pg,1.0,66.0,Darya is on her way to a concert with her friends. As they approach the entrance her friend Ted realizes he forgot his ticket at his house. The concert is about to start and Ted would likely miss most of the concert if he returned to his house for his ticket.,is on way to a concert with friends . As approach the entrance friend Ted realizes forgot ticket at house . The concert is about to start and Ted likely miss most of the concert if returned to house for ticket . : give away the ticket,6.2170467,0.74117756,10.559257,2.5696788,6.4049077,3.903564,7.552006,1.6333091,4.4962063,2.242222,"[6.217046737670898, 0.7411775588989258, 10.559256553649902, 2.569678783416748, 6.404907703399658, 3.903563976287842, 7.552005767822266, 1.6333091259002686, 4.496206283569336, 2.2422220706939697]",-0.30004913,3.1965647,8,"[ 6.206129   0.8477411 10.542283   2.8365161  6.434092   3.902594
  7.6392226  1.7240117  4.5328426  2.3152208]",0.3260716212445453,She could give Ted her ticket instead.
299,5551,114,7,Give Ted her ticket,pg,1.0,55.0,Darya is on her way to a concert with her friends. As they approach the entrance her friend Ted realizes he forgot his ticket at his house. The concert is about to start and Ted would likely miss most of the concert if he returned to his house for his ticket.,is on way to a concert with friends . As approach the entrance friend Ted realizes forgot ticket at house . The concert is about to start and Ted likely miss most of the concert if returned to house for ticket . : Give Ted ticket,6.244995,0.8596999,10.54544,2.6689951,6.5074124,3.9641645,7.6276636,1.6653719,4.536162,2.1187768,"[6.2449951171875, 0.8596999049186707, 10.545439720153809, 2.6689951419830322, 6.507412433624268, 3.9641644954681396, 7.627663612365723, 1.6653718948364258, 4.53616189956665, 2.118776798248291]",-0.4137359,3.3802955,8,"[ 6.206129   0.8477411 10.542283   2.8365161  6.434092   3.902594
  7.6392226  1.7240117  4.5328426  2.3152208]",0.28472290889431157,She could give Ted her ticket instead.
300,5552,120,7,Give Ted her ticket,pg,1.0,47.0,Darya is on her way to a concert with her friends. As they approach the entrance her friend Ted realizes he forgot his ticket at his house. The concert is about to start and Ted would likely miss most of the concert if he returned to his house for his ticket.,is on way to a concert with friends . As approach the entrance friend Ted realizes forgot ticket at house . The concert is about to start and Ted likely miss most of the concert if returned to house for ticket . : Give Ted ticket,6.220501,0.8097624,10.545724,2.7342064,6.4550505,3.9507697,7.6149917,1.6495285,4.5138903,2.1900232,"[6.220500946044922, 0.8097624182701111, 10.545723915100098, 2.734206438064575, 6.455050468444824, 3.9507696628570557, 7.614991664886475, 1.6495285034179688, 4.513890266418457, 2.190023183822632]",-0.42128068,3.3168833,8,"[ 6.206129   0.8477411 10.542283   2.8365161  6.434092   3.902594
  7.6392226  1.7240117  4.5328426  2.3152208]",0.19250120226108228,She could give Ted her ticket instead.
301,5553,128,7,Give Ted her ticket,pg,1.0,47.0,Darya is on her way to a concert with her friends. As they approach the entrance her friend Ted realizes he forgot his ticket at his house. The concert is about to start and Ted would likely miss most of the concert if he returned to his house for his ticket.,is on way to a concert with friends . As approach the entrance friend Ted realizes forgot ticket at house . The concert is about to start and Ted likely miss most of the concert if returned to house for ticket . : Give Ted ticket,6.2111692,0.7708336,10.510142,2.733018,6.450243,4.0024157,7.591517,1.6054288,4.5579953,2.1646557,"[6.211169242858887, 0.7708336114883423, 10.51014232635498, 2.733017921447754, 6.45024299621582, 4.002415657043457, 7.591516971588135, 1.6054288148880005, 4.557995319366455, 2.1646556854248047]",-0.49656743,3.3659534,8,"[ 6.206129   0.8477411 10.542283   2.8365161  6.434092   3.902594
  7.6392226  1.7240117  4.5328426  2.3152208]",0.2599048235855617,She could give Ted her ticket instead.
302,5554,130,7,Darya might give her ticket to Ted,pg,1.0,66.3333333333333,Darya is on her way to a concert with her friends. As they approach the entrance her friend Ted realizes he forgot his ticket at his house. The concert is about to start and Ted would likely miss most of the concert if he returned to his house for his ticket.,is on way to a concert with friends . As approach the entrance friend Ted realizes forgot ticket at house . The concert is about to start and Ted likely miss most of the concert if returned to house for ticket . : might give ticket to Ted,6.29498,0.74901336,10.549391,2.8092468,6.5621796,4.0668416,7.513903,1.5591623,4.3781404,2.247395,"[6.294980049133301, 0.749013364315033, 10.54939079284668, 2.809246778488159, 6.5621795654296875, 4.0668416023254395, 7.5139031410217285, 1.5591622591018677, 4.378140449523926, 2.2473950386047363]",-0.1839625,3.2393732,8,"[ 6.206129   0.8477411 10.542283   2.8365161  6.434092   3.902594
  7.6392226  1.7240117  4.5328426  2.3152208]",0.36501077436805596,She could give Ted her ticket instead.
303,5555,132,7,Give Ted her ticket,pg,1.0,57.3333333333333,Darya is on her way to a concert with her friends. As they approach the entrance her friend Ted realizes he forgot his ticket at his house. The concert is about to start and Ted would likely miss most of the concert if he returned to his house for his ticket.,is on way to a concert with friends . As approach the entrance friend Ted realizes forgot ticket at house . The concert is about to start and Ted likely miss most of the concert if returned to house for ticket . : Give Ted ticket,6.177379,0.80758166,10.584069,2.744627,6.4264884,3.923339,7.613565,1.6200005,4.6081324,2.1823704,"[6.177379131317139, 0.8075816631317139, 10.58406925201416, 2.744626998901367, 6.426488399505615, 3.9233388900756836, 7.613564968109131, 1.6200004816055298, 4.608132362365723, 2.18237042427063]",-0.5468903,3.3868573,8,"[ 6.206129   0.8477411 10.542283   2.8365161  6.434092   3.902594
  7.6392226  1.7240117  4.5328426  2.3152208]",0.21888722850354178,She could give Ted her ticket instead.
304,5556,136,7,She could give Ted her ticket,pg,1.0,46.3333333333333,Darya is on her way to a concert with her friends. As they approach the entrance her friend Ted realizes he forgot his ticket at his house. The concert is about to start and Ted would likely miss most of the concert if he returned to his house for his ticket.,is on way to a concert with friends . As approach the entrance friend Ted realizes forgot ticket at house . The concert is about to start and Ted likely miss most of the concert if returned to house for ticket . : give Ted ticket,6.2120156,0.803808,10.557667,2.6980512,6.484925,4.0154767,7.5990853,1.6227391,4.478083,2.160005,"[6.212015628814697, 0.8038079738616943, 10.557666778564453, 2.6980512142181396, 6.484924793243408, 4.015476703643799, 7.599085330963135, 1.6227390766143799, 4.47808313369751, 2.1600050926208496]",-0.44280577,3.375391,8,"[ 6.206129   0.8477411 10.542283   2.8365161  6.434092   3.902594
  7.6392226  1.7240117  4.5328426  2.3152208]",0.27506015471555645,She could give Ted her ticket instead.
305,5557,138,7,She could give Ted her ticket instead.,pg,1.0,66.0,Darya is on her way to a concert with her friends. As they approach the entrance her friend Ted realizes he forgot his ticket at his house. The concert is about to start and Ted would likely miss most of the concert if he returned to his house for his ticket.,is on way to a concert with friends . As approach the entrance friend Ted realizes forgot ticket at house . The concert is about to start and Ted likely miss most of the concert if returned to house for ticket . : give Ted ticket instead .,6.2690377,0.83716327,10.61911,2.8758237,6.469391,3.8082833,7.6108503,1.6862847,4.526834,2.320459,"[6.26903772354126, 0.8371632695198059, 10.619110107421875, 2.875823736190796, 6.469390869140625, 3.8082833290100098, 7.6108503341674805, 1.6862846612930298, 4.526834011077881, 2.3204588890075684]",-0.1739702,3.110921,8,"[ 6.206129   0.8477411 10.542283   2.8365161  6.434092   3.902594
  7.6392226  1.7240117  4.5328426  2.3152208]",0.1547554592796385,She could give Ted her ticket instead.
306,5558,147,7,She could give him her ticket,pg,1.0,85.3333333333333,Darya is on her way to a concert with her friends. As they approach the entrance her friend Ted realizes he forgot his ticket at his house. The concert is about to start and Ted would likely miss most of the concert if he returned to his house for his ticket.,is on way to a concert with friends . As approach the entrance friend Ted realizes forgot ticket at house . The concert is about to start and Ted likely miss most of the concert if returned to house for ticket . : give ticket,6.248592,0.78574634,10.541425,2.6230967,6.4426866,3.9447749,7.5861707,1.5895295,4.5437217,2.1020331,"[6.248591899871826, 0.7857463359832764, 10.541424751281738, 2.6230967044830322, 6.442686557769775, 3.944774866104126, 7.586170673370361, 1.5895295143127441, 4.543721675872803, 2.1020331382751465]",-0.5330664,3.369704,8,"[ 6.206129   0.8477411 10.542283   2.8365161  6.434092   3.902594
  7.6392226  1.7240117  4.5328426  2.3152208]",0.34571003091375546,She could give Ted her ticket instead.
307,5559,163,7,Give Ted her ticket,pg,1.0,37.6666666666667,Darya is on her way to a concert with her friends. As they approach the entrance her friend Ted realizes he forgot his ticket at his house. The concert is about to start and Ted would likely miss most of the concert if he returned to his house for his ticket.,is on way to a concert with friends . As approach the entrance friend Ted realizes forgot ticket at house . The concert is about to start and Ted likely miss most of the concert if returned to house for ticket . : Give Ted ticket,6.2170043,0.79446167,10.567071,2.700895,6.4548035,3.9441743,7.5932,1.618202,4.5046477,2.1803303,"[6.217004299163818, 0.7944616675376892, 10.567070960998535, 2.700895071029663, 6.454803466796875, 3.944174289703369, 7.593200206756592, 1.6182019710540771, 4.504647731781006, 2.180330276489258]",-0.41742438,3.451807,8,"[ 6.206129   0.8477411 10.542283   2.8365161  6.434092   3.902594
  7.6392226  1.7240117  4.5328426  2.3152208]",0.23754269104669118,She could give Ted her ticket instead.
308,5560,168,7,Pay for another ticket for Ted.,pg,1.0,60.0,Darya is on her way to a concert with her friends. As they approach the entrance her friend Ted realizes he forgot his ticket at his house. The concert is about to start and Ted would likely miss most of the concert if he returned to his house for his ticket.,is on way to a concert with friends . As approach the entrance friend Ted realizes forgot ticket at house . The concert is about to start and Ted likely miss most of the concert if returned to house for ticket . : Pay for another ticket for Ted .,4.9279704,0.8542889,9.355135,2.5780551,6.686684,5.077299,7.952282,2.5350263,4.9538846,2.0296988,"[4.9279704093933105, 0.8542888760566711, 9.355134963989258, 2.5780551433563232, 6.6866841316223145, 5.077299118041992, 7.952281951904297, 2.5350263118743896, 4.953884601593018, 2.0296988487243652]",-0.22159068,5.418522,5,"[4.901328   0.96364546 9.2391     2.67012    6.738846   5.2806845
 8.035381   2.6144583  4.893009   2.0630207 ]",0.31100832105325316,See if there were any tickets available and buy him one but have him reimburse me
309,5561,169,7,offer Ted her ticket,pg,1.0,60.3333333333333,Darya is on her way to a concert with her friends. As they approach the entrance her friend Ted realizes he forgot his ticket at his house. The concert is about to start and Ted would likely miss most of the concert if he returned to his house for his ticket.,is on way to a concert with friends . As approach the entrance friend Ted realizes forgot ticket at house . The concert is about to start and Ted likely miss most of the concert if returned to house for ticket . : offer Ted ticket,6.043406,0.85582787,10.385501,2.7195733,6.467762,4.111393,7.672284,1.7983879,4.5780244,2.2124472,"[6.043406009674072, 0.8558278679847717, 10.38550090789795, 2.7195732593536377, 6.467761993408203, 4.111392974853516, 7.672284126281738, 1.798387885093689, 4.578024387359619, 2.212447166442871]",-0.077504836,3.5927277,8,"[ 6.206129   0.8477411 10.542283   2.8365161  6.434092   3.902594
  7.6392226  1.7240117  4.5328426  2.3152208]",0.3588311783922001,She could give Ted her ticket instead.
310,5562,191,7,Give her own ticket to Ted and not go to the concert ,pg,1.0,43.3333333333333,Darya is on her way to a concert with her friends. As they approach the entrance her friend Ted realizes he forgot his ticket at his house. The concert is about to start and Ted would likely miss most of the concert if he returned to his house for his ticket.,is on way to a concert with friends . As approach the entrance friend Ted realizes forgot ticket at house . The concert is about to start and Ted likely miss most of the concert if returned to house for ticket . : Give own ticket to Ted and not go to the concert,6.25986,0.91066766,10.704555,3.0952506,6.2141337,3.3412547,7.7301855,1.9314793,4.621783,2.7421763,"[6.259860038757324, 0.9106676578521729, 10.704554557800293, 3.0952506065368652, 6.2141337394714355, 3.341254711151123, 7.730185508728027, 1.9314793348312378, 4.6217827796936035, 2.7421762943267822]",0.68138134,2.3442848,8,"[ 6.206129   0.8477411 10.542283   2.8365161  6.434092   3.902594
  7.6392226  1.7240117  4.5328426  2.3152208]",0.8397167854144769,She could give Ted her ticket instead.
311,5563,193,7,give Ted her ticket,pg,1.0,52.0,Darya is on her way to a concert with her friends. As they approach the entrance her friend Ted realizes he forgot his ticket at his house. The concert is about to start and Ted would likely miss most of the concert if he returned to his house for his ticket.,is on way to a concert with friends . As approach the entrance friend Ted realizes forgot ticket at house . The concert is about to start and Ted likely miss most of the concert if returned to house for ticket . : give Ted ticket,6.1870723,0.8027931,10.542214,2.7248971,6.4240026,3.9507685,7.5820937,1.5838866,4.587998,2.1450763,"[6.187072277069092, 0.8027930855751038, 10.542214393615723, 2.7248971462249756, 6.424002647399902, 3.95076847076416, 7.582093715667725, 1.5838866233825684, 4.587997913360596, 2.145076274871826]",-0.50236535,3.3910813,8,"[ 6.206129   0.8477411 10.542283   2.8365161  6.434092   3.902594
  7.6392226  1.7240117  4.5328426  2.3152208]",0.26861659055374815,She could give Ted her ticket instead.
312,5564,148,7,Give him her ticket,pg,2.0,33.3333333333333,Darya is on her way to a concert with her friends. As they approach the entrance her friend Ted realizes he forgot his ticket at his house. The concert is about to start and Ted would likely miss most of the concert if he returned to his house for his ticket.,is on way to a concert with friends . As approach the entrance friend Ted realizes forgot ticket at house . The concert is about to start and Ted likely miss most of the concert if returned to house for ticket . : Give ticket,6.238906,0.7656913,10.5377445,2.5863702,6.4331317,3.947991,7.554268,1.5599443,4.552849,2.0647228,"[6.238905906677246, 0.7656912803649902, 10.537744522094727, 2.5863702297210693, 6.433131694793701, 3.947990894317627, 7.554267883300781, 1.5599442720413208, 4.552848815917969, 2.064722776412964]",-0.54659486,3.358796,8,"[ 6.206129   0.8477411 10.542283   2.8365161  6.434092   3.902594
  7.6392226  1.7240117  4.5328426  2.3152208]",0.4120034037617141,She could give Ted her ticket instead.
313,5565,168,7,Offer Ted her ticket.,pg,2.0,38.3333333333333,Darya is on her way to a concert with her friends. As they approach the entrance her friend Ted realizes he forgot his ticket at his house. The concert is about to start and Ted would likely miss most of the concert if he returned to his house for his ticket.,is on way to a concert with friends . As approach the entrance friend Ted realizes forgot ticket at house . The concert is about to start and Ted likely miss most of the concert if returned to house for ticket . : Offer Ted ticket .,6.0058503,0.9324462,10.335013,2.9407902,6.4176807,4.1334453,7.7136707,1.9274639,4.545921,2.419634,"[6.005850315093994, 0.9324461817741394, 10.335013389587402, 2.9407901763916016, 6.417680740356445, 4.1334452629089355, 7.71367073059082, 1.9274638891220093, 4.5459208488464355, 2.4196341037750244]",0.15421666,3.5410619,8,"[ 6.206129   0.8477411 10.542283   2.8365161  6.434092   3.902594
  7.6392226  1.7240117  4.5328426  2.3152208]",0.4611837095354519,She could give Ted her ticket instead.
314,5566,170,7,Give her his,pg,2.0,64.3333333333333,Darya is on her way to a concert with her friends. As they approach the entrance her friend Ted realizes he forgot his ticket at his house. The concert is about to start and Ted would likely miss most of the concert if he returned to his house for his ticket.,is on way to a concert with friends . As approach the entrance friend Ted realizes forgot ticket at house . The concert is about to start and Ted likely miss most of the concert if returned to house for ticket . : Give,6.2545514,0.7796733,10.515889,2.6769955,6.511788,4.036114,7.574638,1.6089545,4.4772305,2.1245084,"[6.254551410675049, 0.7796732783317566, 10.515889167785645, 2.6769955158233643, 6.5117878913879395, 4.03611421585083, 7.5746378898620605, 1.6089545488357544, 4.477230548858643, 2.1245083808898926]",-0.60295486,3.335994,8,"[ 6.206129   0.8477411 10.542283   2.8365161  6.434092   3.902594
  7.6392226  1.7240117  4.5328426  2.3152208]",0.3374299348515817,She could give Ted her ticket instead.
315,5567,124,7,"She could give him her ticket, maybe. ",pg,3.0,40.0,Darya is on her way to a concert with her friends. As they approach the entrance her friend Ted realizes he forgot his ticket at his house. The concert is about to start and Ted would likely miss most of the concert if he returned to his house for his ticket.,"is on way to a concert with friends . As approach the entrance friend Ted realizes forgot ticket at house . The concert is about to start and Ted likely miss most of the concert if returned to house for ticket . : give ticket , maybe .",6.255016,0.81297237,10.550537,2.749279,6.487528,4.0064263,7.6110687,1.5940576,4.4576216,2.1561475,"[6.255015850067139, 0.812972366809845, 10.550537109375, 2.749279022216797, 6.487527847290039, 4.0064263343811035, 7.6110687255859375, 1.594057559967041, 4.4576215744018555, 2.1561474800109863]",-0.32850295,3.1381092,8,"[ 6.206129   0.8477411 10.542283   2.8365161  6.434092   3.902594
  7.6392226  1.7240117  4.5328426  2.3152208]",0.27121393330138605,She could give Ted her ticket instead.
316,5568,131,7,Give Ted her ticket,pg,3.0,47.6666666666667,Darya is on her way to a concert with her friends. As they approach the entrance her friend Ted realizes he forgot his ticket at his house. The concert is about to start and Ted would likely miss most of the concert if he returned to his house for his ticket.,is on way to a concert with friends . As approach the entrance friend Ted realizes forgot ticket at house . The concert is about to start and Ted likely miss most of the concert if returned to house for ticket . : Give Ted ticket,6.202407,0.85639036,10.568841,2.6942677,6.527361,4.012836,7.6443443,1.6354467,4.5536437,2.087149,"[6.202406883239746, 0.8563903570175171, 10.568840980529785, 2.694267749786377, 6.527360916137695, 4.01283597946167, 7.644344329833984, 1.6354466676712036, 4.553643703460693, 2.087148904800415]",-0.47098395,3.3979197,8,"[ 6.206129   0.8477411 10.542283   2.8365161  6.434092   3.902594
  7.6392226  1.7240117  4.5328426  2.3152208]",0.3196880155458351,She could give Ted her ticket instead.
317,5569,134,7,Give Ted her ticket ,pg,3.0,40.0,Darya is on her way to a concert with her friends. As they approach the entrance her friend Ted realizes he forgot his ticket at his house. The concert is about to start and Ted would likely miss most of the concert if he returned to his house for his ticket.,is on way to a concert with friends . As approach the entrance friend Ted realizes forgot ticket at house . The concert is about to start and Ted likely miss most of the concert if returned to house for ticket . : Give Ted ticket,6.2726593,0.83232903,10.555599,2.600052,6.4876275,3.9096823,7.6153655,1.6074735,4.5484705,2.0543044,"[6.2726593017578125, 0.8323290348052979, 10.555599212646484, 2.6000521183013916, 6.4876275062561035, 3.909682273864746, 7.615365505218506, 1.6074734926223755, 4.548470497131348, 2.054304361343384]",-0.52811503,3.369434,8,"[ 6.206129   0.8477411 10.542283   2.8365161  6.434092   3.902594
  7.6392226  1.7240117  4.5328426  2.3152208]",0.3822886183295088,She could give Ted her ticket instead.
318,5570,144,7,Offer her ticket,pg,3.0,70.0,Darya is on her way to a concert with her friends. As they approach the entrance her friend Ted realizes he forgot his ticket at his house. The concert is about to start and Ted would likely miss most of the concert if he returned to his house for his ticket.,is on way to a concert with friends . As approach the entrance friend Ted realizes forgot ticket at house . The concert is about to start and Ted likely miss most of the concert if returned to house for ticket . : Offer ticket,5.9352856,0.8540915,10.240907,2.6435816,6.502544,4.2718053,7.6786785,1.8679961,4.543429,2.1788561,"[5.935285568237305, 0.8540915250778198, 10.240906715393066, 2.6435816287994385, 6.502543926239014, 4.271805286407471, 7.678678512573242, 1.867996096611023, 4.543428897857666, 2.178856134414673]",0.027405407,3.7433822,8,"[ 6.206129   0.8477411 10.542283   2.8365161  6.434092   3.902594
  7.6392226  1.7240117  4.5328426  2.3152208]",0.6192303382783352,She could give Ted her ticket instead.
319,5571,172,7,Darya could give Ted her ticket and not go to the concert.,pg,3.0,85.0,Darya is on her way to a concert with her friends. As they approach the entrance her friend Ted realizes he forgot his ticket at his house. The concert is about to start and Ted would likely miss most of the concert if he returned to his house for his ticket.,is on way to a concert with friends . As approach the entrance friend Ted realizes forgot ticket at house . The concert is about to start and Ted likely miss most of the concert if returned to house for ticket . : give Ted ticket and not go to the concert .,6.283448,0.7930258,10.676101,2.8176165,6.3861265,3.6490464,7.61997,1.684115,4.626907,2.3519182,"[6.283448219299316, 0.79302579164505, 10.676100730895996, 2.8176164627075195, 6.386126518249512, 3.6490464210510254, 7.619969844818115, 1.6841150522232056, 4.626906871795654, 2.3519182205200195]",-0.06608967,2.9155254,8,"[ 6.206129   0.8477411 10.542283   2.8365161  6.434092   3.902594
  7.6392226  1.7240117  4.5328426  2.3152208]",0.3255467476026594,She could give Ted her ticket instead.
320,5572,183,7,give her ticket to Ted and decide not to go herself,pg,3.0,35.3333333333333,Darya is on her way to a concert with her friends. As they approach the entrance her friend Ted realizes he forgot his ticket at his house. The concert is about to start and Ted would likely miss most of the concert if he returned to his house for his ticket.,is on way to a concert with friends . As approach the entrance friend Ted realizes forgot ticket at house . The concert is about to start and Ted likely miss most of the concert if returned to house for ticket . : give ticket to Ted and decide not to go,6.1924057,1.3646556,10.913212,4.0701737,6.023533,2.5549705,8.260154,2.5921643,4.7402363,3.5546434,"[6.192405700683594, 1.364655613899231, 10.913211822509766, 4.070173740386963, 6.023532867431641, 2.5549705028533936, 8.260153770446777, 2.5921642780303955, 4.740236282348633, 3.554643392562866]",1.4267348,1.7845718,6,"[ 6.265687   1.6498485 10.972007   4.614988   5.8489113  2.325574
  8.286291   2.8224268  4.7236633  3.9598396]",0.829615852446363,Decide not to go to concert and instead hang out with Ted.
321,5573,192,7,Give her ticket to Ted and miss the concert herself,pg,3.0,47.3333333333333,Darya is on her way to a concert with her friends. As they approach the entrance her friend Ted realizes he forgot his ticket at his house. The concert is about to start and Ted would likely miss most of the concert if he returned to his house for his ticket.,is on way to a concert with friends . As approach the entrance friend Ted realizes forgot ticket at house . The concert is about to start and Ted likely miss most of the concert if returned to house for ticket . : Give ticket to Ted and miss the concert herself,6.247835,0.90175635,10.690511,3.0686417,6.19848,3.3636072,7.707514,1.9080938,4.6279974,2.713683,"[6.247835159301758, 0.9017563462257385, 10.690510749816895, 3.0686416625976562, 6.198480129241943, 3.363607168197632, 7.707513809204102, 1.908093810081482, 4.627997398376465, 2.7136828899383545]",0.6006076,2.4024076,8,"[ 6.206129   0.8477411 10.542283   2.8365161  6.434092   3.902594
  7.6392226  1.7240117  4.5328426  2.3152208]",0.7955545158038335,She could give Ted her ticket instead.
322,5574,123,7,Give Ted her ticket.,pg,4.0,35.6666666666667,Darya is on her way to a concert with her friends. As they approach the entrance her friend Ted realizes he forgot his ticket at his house. The concert is about to start and Ted would likely miss most of the concert if he returned to his house for his ticket.,is on way to a concert with friends . As approach the entrance friend Ted realizes forgot ticket at house . The concert is about to start and Ted likely miss most of the concert if returned to house for ticket . : Give Ted ticket .,6.25342,0.8648644,10.546208,2.9505925,6.481305,3.9674742,7.652589,1.6808288,4.3691344,2.3875966,"[6.253419876098633, 0.8648644089698792, 10.546208381652832, 2.950592517852783, 6.481305122375488, 3.9674742221832275, 7.652588844299316, 1.6808288097381592, 4.369134426116943, 2.387596607208252]",-0.31203657,3.124629,8,"[ 6.206129   0.8477411 10.542283   2.8365161  6.434092   3.902594
  7.6392226  1.7240117  4.5328426  2.3152208]",0.23681006297068313,She could give Ted her ticket instead.
323,5575,146,7,give up her ticket and go get his for him,pg,4.0,66.6666666666667,Darya is on her way to a concert with her friends. As they approach the entrance her friend Ted realizes he forgot his ticket at his house. The concert is about to start and Ted would likely miss most of the concert if he returned to his house for his ticket.,is on way to a concert with friends . As approach the entrance friend Ted realizes forgot ticket at house . The concert is about to start and Ted likely miss most of the concert if returned to house for ticket . : give up ticket and go get for,6.3028483,0.9388422,10.615826,3.127214,6.54645,3.9177017,7.718128,1.7428797,4.427357,2.487701,"[6.3028483390808105, 0.9388421773910522, 10.615825653076172, 3.127213954925537, 6.546450138092041, 3.9177017211914062, 7.718128204345703, 1.7428797483444214, 4.427357196807861, 2.487700939178467]",0.0724063,3.0133147,8,"[ 6.206129   0.8477411 10.542283   2.8365161  6.434092   3.902594
  7.6392226  1.7240117  4.5328426  2.3152208]",0.40973038906910947,She could give Ted her ticket instead.
324,5576,165,7,give Ted her ticket,pg,4.0,63.3333333333333,Darya is on her way to a concert with her friends. As they approach the entrance her friend Ted realizes he forgot his ticket at his house. The concert is about to start and Ted would likely miss most of the concert if he returned to his house for his ticket.,is on way to a concert with friends . As approach the entrance friend Ted realizes forgot ticket at house . The concert is about to start and Ted likely miss most of the concert if returned to house for ticket . : give Ted ticket,6.219006,0.8371766,10.58727,2.6537306,6.4846435,3.9420915,7.5921497,1.6067113,4.540601,2.0559711,"[6.219006061553955, 0.8371766209602356, 10.58726978302002, 2.653730630874634, 6.484643459320068, 3.942091464996338, 7.59214973449707, 1.6067112684249878, 4.540600776672363, 2.055971145629883]",-0.53018594,3.4418218,8,"[ 6.206129   0.8477411 10.542283   2.8365161  6.434092   3.902594
  7.6392226  1.7240117  4.5328426  2.3152208]",0.35081774439587465,She could give Ted her ticket instead.
325,5577,172,7,"Darya could give her ticket to Ted and go get his ticket and use it for herself, though she would be late.",pg,4.0,91.6666666666667,Darya is on her way to a concert with her friends. As they approach the entrance her friend Ted realizes he forgot his ticket at his house. The concert is about to start and Ted would likely miss most of the concert if he returned to his house for his ticket.,"is on way to a concert with friends . As approach the entrance friend Ted realizes forgot ticket at house . The concert is about to start and Ted likely miss most of the concert if returned to house for ticket . : give ticket to Ted and go get ticket and use for , though be late .",6.279629,0.9646475,10.529244,3.2563384,6.5519867,4.043885,7.7619443,1.8011799,4.310127,2.6048658,"[6.279629230499268, 0.9646474719047546, 10.529244422912598, 3.256338357925415, 6.5519866943359375, 4.043885231018066, 7.76194429397583, 1.8011798858642578, 4.310126781463623, 2.604865789413452]",0.2301498,3.188333,8,"[ 6.206129   0.8477411 10.542283   2.8365161  6.434092   3.902594
  7.6392226  1.7240117  4.5328426  2.3152208]",0.6195679924952534,She could give Ted her ticket instead.
326,5578,127,7,give him her ticket instead and she goes get the ticket at his house,pg,5.0,76.6666666666667,Darya is on her way to a concert with her friends. As they approach the entrance her friend Ted realizes he forgot his ticket at his house. The concert is about to start and Ted would likely miss most of the concert if he returned to his house for his ticket.,is on way to a concert with friends . As approach the entrance friend Ted realizes forgot ticket at house . The concert is about to start and Ted likely miss most of the concert if returned to house for ticket . : give ticket instead and goes get the ticket at house,6.297617,0.8498079,10.639511,2.8975434,6.632239,3.8713923,7.632015,1.6429939,4.5230875,2.2846656,"[6.297616958618164, 0.8498079180717468, 10.639511108398438, 2.897543430328369, 6.632238864898682, 3.871392250061035, 7.632015228271484, 1.6429939270019531, 4.523087501525879, 2.284665584564209]",-0.07446096,3.0835333,8,"[ 6.206129   0.8477411 10.542283   2.8365161  6.434092   3.902594
  7.6392226  1.7240117  4.5328426  2.3152208]",0.2635000014848493,She could give Ted her ticket instead.
327,5579,139,7,Darya gives up her ticket and let him go by himself,pg,5.0,30.0,Darya is on her way to a concert with her friends. As they approach the entrance her friend Ted realizes he forgot his ticket at his house. The concert is about to start and Ted would likely miss most of the concert if he returned to his house for his ticket.,is on way to a concert with friends . As approach the entrance friend Ted realizes forgot ticket at house . The concert is about to start and Ted likely miss most of the concert if returned to house for ticket . : gives up ticket and let go by,6.2053027,1.7546688,10.927323,5.3848505,6.330749,3.2598433,8.109598,2.2655902,4.7143764,3.7684374,"[6.205302715301514, 1.7546688318252563, 10.927323341369629, 5.38485050201416, 6.330749034881592, 3.259843349456787, 8.109598159790039, 2.265590190887451, 4.714376449584961, 3.768437385559082]",3.7164176,2.3745978,3,"[ 6.4198093  1.9720458 10.862053   5.365867   6.5569224  3.5447173
  8.288348   2.4836838  4.577658   3.5889297]",0.6005208817058568,Let him go get it and I stay there
328,5580,183,7,give her ticket to Ted and go get his,pg,5.0,38.3333333333333,Darya is on her way to a concert with her friends. As they approach the entrance her friend Ted realizes he forgot his ticket at his house. The concert is about to start and Ted would likely miss most of the concert if he returned to his house for his ticket.,is on way to a concert with friends . As approach the entrance friend Ted realizes forgot ticket at house . The concert is about to start and Ted likely miss most of the concert if returned to house for ticket . : give ticket to Ted and go get,6.3096905,0.95144546,10.685018,3.0665822,6.618856,3.9179823,7.71594,1.6657808,4.48837,2.380412,"[6.309690475463867, 0.951445460319519, 10.685017585754395, 3.066582202911377, 6.618855953216553, 3.917982339859009, 7.715939998626709, 1.665780782699585, 4.488369941711426, 2.3804121017456055]",-0.11324705,3.2109013,8,"[ 6.206129   0.8477411 10.542283   2.8365161  6.434092   3.902594
  7.6392226  1.7240117  4.5328426  2.3152208]",0.3803441908273881,She could give Ted her ticket instead.
329,5581,187,7,Give Ted her ticket,pg,5.0,75.0,Darya is on her way to a concert with her friends. As they approach the entrance her friend Ted realizes he forgot his ticket at his house. The concert is about to start and Ted would likely miss most of the concert if he returned to his house for his ticket.,is on way to a concert with friends . As approach the entrance friend Ted realizes forgot ticket at house . The concert is about to start and Ted likely miss most of the concert if returned to house for ticket . : Give Ted ticket,6.2961116,0.856258,10.626334,2.67422,6.512188,3.9014132,7.6334686,1.5938458,4.519776,2.1100435,"[6.296111583709717, 0.856257975101471, 10.626334190368652, 2.674220085144043, 6.512187957763672, 3.9014132022857666, 7.6334686279296875, 1.5938458442687988, 4.519775867462158, 2.110043525695801]",-0.62877434,3.3096163,8,"[ 6.206129   0.8477411 10.542283   2.8365161  6.434092   3.902594
  7.6392226  1.7240117  4.5328426  2.3152208]",0.32698482143107177,She could give Ted her ticket instead.
330,5582,190,7,Darya could give her ticket to Ted and skip the concert,pg,5.0,50.3333333333333,Darya is on her way to a concert with her friends. As they approach the entrance her friend Ted realizes he forgot his ticket at his house. The concert is about to start and Ted would likely miss most of the concert if he returned to his house for his ticket.,is on way to a concert with friends . As approach the entrance friend Ted realizes forgot ticket at house . The concert is about to start and Ted likely miss most of the concert if returned to house for ticket . : give ticket to Ted and skip the concert,6.214732,0.9697336,10.712734,3.212818,6.169707,3.221914,7.783299,2.0311983,4.6640067,2.8654995,"[6.2147321701049805, 0.9697335958480835, 10.71273422241211, 3.212817907333374, 6.16970682144165, 3.221914052963257, 7.783298969268799, 2.031198263168335, 4.66400671005249, 2.865499496459961]",0.91136813,2.164532,8,"[ 6.206129   0.8477411 10.542283   2.8365161  6.434092   3.902594
  7.6392226  1.7240117  4.5328426  2.3152208]",1.0742298997362971,She could give Ted her ticket instead.
331,5583,207,7,Offer ted her own ticket and wait outside the venue if no other tickets are available. ,pg,5.0,43.3333333333333,Darya is on her way to a concert with her friends. As they approach the entrance her friend Ted realizes he forgot his ticket at his house. The concert is about to start and Ted would likely miss most of the concert if he returned to his house for his ticket.,is on way to a concert with friends . As approach the entrance friend Ted realizes forgot ticket at house . The concert is about to start and Ted likely miss most of the concert if returned to house for ticket . : Offer ted own ticket and wait outside the venue if no other tickets are available .,5.8584137,1.2908614,10.087393,3.8729267,6.22465,4.2697835,8.018974,2.6623952,4.4521947,3.258287,"[5.8584136962890625, 1.2908613681793213, 10.087392807006836, 3.872926712036133, 6.224649906158447, 4.2697834968566895, 8.018974304199219, 2.6623952388763428, 4.452194690704346, 3.258286952972412]",1.8100098,3.793281,7,"[ 6.0744877  1.6136857 10.175958   4.596031   6.4566236  4.374307
  8.231861   2.6766467  4.3928285  3.4267533]",0.9076306942399693,I would wait for my friend to retrieve the ticket himself or have someone bring the ticket to him.
332,6365,105,7,BUY HIM A TICKET,pg,1.0,54.0,Darya is on her way to a concert with her friends. As they approach the entrance her friend Ted realizes he forgot his ticket at his house. The concert is about to start and Ted would likely miss most of the concert if he returned to his house for his ticket.,is on way to a concert with friends . As approach the entrance friend Ted realizes forgot ticket at house . The concert is about to start and Ted likely miss most of the concert if returned to house for ticket . : BUY HIM A TICKET,5.33477,0.96661663,9.607649,2.6865265,6.6815276,4.94555,7.950916,2.3813453,4.7060437,2.144984,"[5.334770202636719, 0.9666166305541992, 9.607648849487305, 2.6865265369415283, 6.681527614593506, 4.945549964904785, 7.950915813446045, 2.381345272064209, 4.706043720245361, 2.144984006881714]",-0.10834686,4.657302,5,"[4.901328   0.96364546 9.2391     2.67012    6.738846   5.2806845
 8.035381   2.6144583  4.893009   2.0630207 ]",0.7367012191531632,See if there were any tickets available and buy him one but have him reimburse me
333,6366,113,7,buy him a new ticket,pg,1.0,52.0,Darya is on her way to a concert with her friends. As they approach the entrance her friend Ted realizes he forgot his ticket at his house. The concert is about to start and Ted would likely miss most of the concert if he returned to his house for his ticket.,is on way to a concert with friends . As approach the entrance friend Ted realizes forgot ticket at house . The concert is about to start and Ted likely miss most of the concert if returned to house for ticket . : buy a new ticket,5.091846,1.2368127,9.1668,2.8256264,6.6218576,5.5060744,7.960444,2.6589837,4.8375793,2.1238906,"[5.091845989227295, 1.236812710762024, 9.166799545288086, 2.8256263732910156, 6.621857643127441, 5.50607442855835, 7.96044397354126, 2.6589837074279785, 4.837579250335693, 2.1238906383514404]",0.28881273,5.7996492,5,"[4.901328   0.96364546 9.2391     2.67012    6.738846   5.2806845
 8.035381   2.6144583  4.893009   2.0630207 ]",0.468176977210104,See if there were any tickets available and buy him one but have him reimburse me
334,6367,118,7,Buy another ticket,pg,1.0,83.3333333333333,Darya is on her way to a concert with her friends. As they approach the entrance her friend Ted realizes he forgot his ticket at his house. The concert is about to start and Ted would likely miss most of the concert if he returned to his house for his ticket.,is on way to a concert with friends . As approach the entrance friend Ted realizes forgot ticket at house . The concert is about to start and Ted likely miss most of the concert if returned to house for ticket . : Buy another ticket,4.6968217,0.86865866,9.159534,2.46608,6.7861714,5.2894087,7.9845867,2.5332625,5.0062633,1.9268506,"[4.696821689605713, 0.8686586618423462, 9.159534454345703, 2.4660799503326416, 6.7861714363098145, 5.2894086837768555, 7.984586715698242, 2.5332624912261963, 5.006263256072998, 1.9268505573272705]",-0.28398147,5.9692397,5,"[4.901328   0.96364546 9.2391     2.67012    6.738846   5.2806845
 8.035381   2.6144583  4.893009   2.0630207 ]",0.37638533798735213,See if there were any tickets available and buy him one but have him reimburse me
335,6368,124,7,She could buy the ticket at the concert for her friend.,pg,1.0,100.0,Darya is on her way to a concert with her friends. As they approach the entrance her friend Ted realizes he forgot his ticket at his house. The concert is about to start and Ted would likely miss most of the concert if he returned to his house for his ticket.,is on way to a concert with friends . As approach the entrance friend Ted realizes forgot ticket at house . The concert is about to start and Ted likely miss most of the concert if returned to house for ticket . : buy the ticket at the concert for friend .,5.1870933,1.1353743,9.4133415,2.8006966,6.7073784,5.1698365,8.059582,2.6068027,4.713431,2.214975,"[5.187093257904053, 1.1353743076324463, 9.413341522216797, 2.800696611404419, 6.707378387451172, 5.169836521148682, 8.059581756591797, 2.6068027019500732, 4.713430881500244, 2.214975118637085]",0.41840485,5.480815,5,"[4.901328   0.96364546 9.2391     2.67012    6.738846   5.2806845
 8.035381   2.6144583  4.893009   2.0630207 ]",0.4773080549221768,See if there were any tickets available and buy him one but have him reimburse me
336,6369,129,7,Loan Ted money for a new ticket.,pg,1.0,73.3333333333333,Darya is on her way to a concert with her friends. As they approach the entrance her friend Ted realizes he forgot his ticket at his house. The concert is about to start and Ted would likely miss most of the concert if he returned to his house for his ticket.,is on way to a concert with friends . As approach the entrance friend Ted realizes forgot ticket at house . The concert is about to start and Ted likely miss most of the concert if returned to house for ticket . : Loan Ted money for a new ticket .,5.6365023,0.9618105,9.888021,2.9295816,6.4987307,4.64841,7.830894,2.1987233,4.6709495,2.4036646,"[5.636502265930176, 0.9618105292320251, 9.888021469116211, 2.929581642150879, 6.498730659484863, 4.648409843444824, 7.8308939933776855, 2.198723316192627, 4.670949459075928, 2.4036645889282227]",0.23775484,4.399867,4,"[ 5.6905556  1.0821797 10.038611   3.213778   6.430102   4.3516946
  7.912626   2.3025432  4.7172823  2.5783617]",0.513546232649967,TELL HIM TO BUY ANOTHER TICKET
337,6370,134,7,Try to buy a new ticket,pg,1.0,100.0,Darya is on her way to a concert with her friends. As they approach the entrance her friend Ted realizes he forgot his ticket at his house. The concert is about to start and Ted would likely miss most of the concert if he returned to his house for his ticket.,is on way to a concert with friends . As approach the entrance friend Ted realizes forgot ticket at house . The concert is about to start and Ted likely miss most of the concert if returned to house for ticket . : Try to buy a new ticket,5.1553936,1.4136466,9.396862,3.5024867,6.726239,5.266098,8.179482,2.8301334,4.8318706,2.4865518,"[5.155393600463867, 1.4136465787887573, 9.396862030029297, 3.5024867057800293, 6.726239204406738, 5.2660980224609375, 8.179482460021973, 2.8301334381103516, 4.8318705558776855, 2.4865517616271973]",1.2528564,5.529205,0,"[5.3655806 1.2702221 9.198152  3.5741282 6.570315  5.561966  8.121828
 2.7489474 4.534417  2.9537492]",0.7334063415890367,Look for anyone selling tickets
338,6371,137,7,Buy a new ticket.,pg,1.0,76.6666666666667,Darya is on her way to a concert with her friends. As they approach the entrance her friend Ted realizes he forgot his ticket at his house. The concert is about to start and Ted would likely miss most of the concert if he returned to his house for his ticket.,is on way to a concert with friends . As approach the entrance friend Ted realizes forgot ticket at house . The concert is about to start and Ted likely miss most of the concert if returned to house for ticket . : Buy a new ticket .,5.310191,1.5681685,9.328766,3.3609104,6.5939083,5.3636,8.094582,2.863541,4.6902823,2.544275,"[5.3101911544799805, 1.5681685209274292, 9.328765869140625, 3.360910415649414, 6.593908309936523, 5.36359977722168, 8.094581604003906, 2.8635408878326416, 4.690282344818115, 2.5442750453948975]",0.9561913,5.366626,0,"[5.3655806 1.2702221 9.198152  3.5741282 6.570315  5.561966  8.121828
 2.7489474 4.534417  2.9537492]",0.6325383942397781,Look for anyone selling tickets
339,6372,140,7,pay for Ted,pg,1.0,70.3333333333333,Darya is on her way to a concert with her friends. As they approach the entrance her friend Ted realizes he forgot his ticket at his house. The concert is about to start and Ted would likely miss most of the concert if he returned to his house for his ticket.,is on way to a concert with friends . As approach the entrance friend Ted realizes forgot ticket at house . The concert is about to start and Ted likely miss most of the concert if returned to house for ticket . : pay for Ted,5.0248575,0.85356444,9.390562,2.5389392,6.6774817,5.0870624,7.9458375,2.4995975,4.896798,2.0333211,"[5.024857521057129, 0.853564441204071, 9.390562057495117, 2.5389392375946045, 6.677481651306152, 5.087062358856201, 7.945837497711182, 2.4995975494384766, 4.896798133850098, 2.0333211421966553]",-0.25741598,5.3847284,5,"[4.901328   0.96364546 9.2391     2.67012    6.738846   5.2806845
 8.035381   2.6144583  4.893009   2.0630207 ]",0.361785790132164,See if there were any tickets available and buy him one but have him reimburse me
340,6373,143,7,she could buy him another ticket.,pg,1.0,80.0,Darya is on her way to a concert with her friends. As they approach the entrance her friend Ted realizes he forgot his ticket at his house. The concert is about to start and Ted would likely miss most of the concert if he returned to his house for his ticket.,is on way to a concert with friends . As approach the entrance friend Ted realizes forgot ticket at house . The concert is about to start and Ted likely miss most of the concert if returned to house for ticket . : buy another ticket .,5.140129,1.3912503,9.386011,3.3319483,6.6389194,5.199371,8.142751,2.8839645,4.811891,2.4503367,"[5.140129089355469, 1.3912502527236938, 9.386011123657227, 3.3319482803344727, 6.638919353485107, 5.199370861053467, 8.14275074005127, 2.8839645385742188, 4.811891078948975, 2.4503366947174072]",0.8881971,5.4161925,0,"[5.3655806 1.2702221 9.198152  3.5741282 6.570315  5.561966  8.121828
 2.7489474 4.534417  2.9537492]",0.80292188157677,Look for anyone selling tickets
341,6374,146,7,Ask him if they could buy another ticket,pg,1.0,93.3333333333333,Darya is on her way to a concert with her friends. As they approach the entrance her friend Ted realizes he forgot his ticket at his house. The concert is about to start and Ted would likely miss most of the concert if he returned to his house for his ticket.,is on way to a concert with friends . As approach the entrance friend Ted realizes forgot ticket at house . The concert is about to start and Ted likely miss most of the concert if returned to house for ticket . : Ask if buy another ticket,5.397769,1.150675,9.716932,3.3898096,6.545415,4.7505093,8.055596,2.5453749,4.7846727,2.5592072,"[5.397768974304199, 1.1506750583648682, 9.71693229675293, 3.3898096084594727, 6.545414924621582, 4.750509262084961, 8.055596351623535, 2.545374870300293, 4.784672737121582, 2.5592072010040283]",1.095659,4.7523556,4,"[ 5.6905556  1.0821797 10.038611   3.213778   6.430102   4.3516946
  7.912626   2.3025432  4.7172823  2.5783617]",0.6939356024301246,TELL HIM TO BUY ANOTHER TICKET
342,6375,154,7,buy another ticket,pg,1.0,88.0,Darya is on her way to a concert with her friends. As they approach the entrance her friend Ted realizes he forgot his ticket at his house. The concert is about to start and Ted would likely miss most of the concert if he returned to his house for his ticket.,is on way to a concert with friends . As approach the entrance friend Ted realizes forgot ticket at house . The concert is about to start and Ted likely miss most of the concert if returned to house for ticket . : buy another ticket,4.683692,0.75737643,9.136831,2.5156858,6.7933407,5.3074374,8.092855,2.58185,4.935716,1.9163665,"[4.68369197845459, 0.7573764324188232, 9.136831283569336, 2.515685796737671, 6.793340682983398, 5.307437419891357, 8.092855453491211, 2.581850051879883, 4.935716152191162, 1.916366457939148]",-0.429085,6.050807,5,"[4.901328   0.96364546 9.2391     2.67012    6.738846   5.2806845
 8.035381   2.6144583  4.893009   2.0630207 ]",0.3944675306296824,See if there were any tickets available and buy him one but have him reimburse me
343,6376,159,7,Look for a scalper,pg,1.0,72.0,Darya is on her way to a concert with her friends. As they approach the entrance her friend Ted realizes he forgot his ticket at his house. The concert is about to start and Ted would likely miss most of the concert if he returned to his house for his ticket.,is on way to a concert with friends . As approach the entrance friend Ted realizes forgot ticket at house . The concert is about to start and Ted likely miss most of the concert if returned to house for ticket . : Look for a scalper,5.4643397,1.0103183,8.805852,3.4864757,6.3969784,6.0905333,8.060839,2.65128,4.2358947,3.4228394,"[5.464339733123779, 1.0103182792663574, 8.805851936340332, 3.486475706100464, 6.396978378295898, 6.090533256530762, 8.06083869934082, 2.651279926300049, 4.235894680023193, 3.422839403152466]",1.8081892,6.55535,0,"[5.3655806 1.2702221 9.198152  3.5741282 6.570315  5.561966  8.121828
 2.7489474 4.534417  2.9537492]",0.9331314014074883,Look for anyone selling tickets
344,6377,161,7,They could buy another ticket,pg,1.0,93.3333333333333,Darya is on her way to a concert with her friends. As they approach the entrance her friend Ted realizes he forgot his ticket at his house. The concert is about to start and Ted would likely miss most of the concert if he returned to his house for his ticket.,is on way to a concert with friends . As approach the entrance friend Ted realizes forgot ticket at house . The concert is about to start and Ted likely miss most of the concert if returned to house for ticket . : buy another ticket,4.6312447,0.8041932,9.110566,2.4151566,6.8644485,5.3025155,8.038111,2.5967577,5.0008726,1.8434596,"[4.631244659423828, 0.8041931986808777, 9.110566139221191, 2.415156602859497, 6.864448547363281, 5.302515506744385, 8.038110733032227, 2.596757650375366, 5.000872611999512, 1.8434596061706543]",-0.43972966,6.025493,5,"[4.901328   0.96364546 9.2391     2.67012    6.738846   5.2806845
 8.035381   2.6144583  4.893009   2.0630207 ]",0.5062731304264235,See if there were any tickets available and buy him one but have him reimburse me
345,6378,162,7,Buy Ted another ticket,pg,1.0,88.3333333333333,Darya is on her way to a concert with her friends. As they approach the entrance her friend Ted realizes he forgot his ticket at his house. The concert is about to start and Ted would likely miss most of the concert if he returned to his house for his ticket.,is on way to a concert with friends . As approach the entrance friend Ted realizes forgot ticket at house . The concert is about to start and Ted likely miss most of the concert if returned to house for ticket . : Buy Ted another ticket,4.752577,0.8461389,9.203008,2.3855507,6.7226615,5.3369246,7.974993,2.479189,4.968364,1.8442105,"[4.75257682800293, 0.8461388945579529, 9.203007698059082, 2.3855507373809814, 6.72266149520874, 5.3369245529174805, 7.9749932289123535, 2.479188919067383, 4.9683637619018555, 1.8442105054855347]",-0.49338666,5.899685,5,"[4.901328   0.96364546 9.2391     2.67012    6.738846   5.2806845
 8.035381   2.6144583  4.893009   2.0630207 ]",0.4440075568353948,See if there were any tickets available and buy him one but have him reimburse me
346,6379,167,7,buy a new ticket,pg,1.0,90.3333333333333,Darya is on her way to a concert with her friends. As they approach the entrance her friend Ted realizes he forgot his ticket at his house. The concert is about to start and Ted would likely miss most of the concert if he returned to his house for his ticket.,is on way to a concert with friends . As approach the entrance friend Ted realizes forgot ticket at house . The concert is about to start and Ted likely miss most of the concert if returned to house for ticket . : buy a new ticket,5.068713,1.2080461,9.211179,2.7845721,6.6773024,5.4304194,8.023409,2.6725163,4.8009024,2.1625552,"[5.068713188171387, 1.2080460786819458, 9.21117877960205, 2.784572124481201, 6.677302360534668, 5.430419445037842, 8.023408889770508, 2.672516345977783, 4.800902366638184, 2.16255521774292]",0.39783677,5.7688303,5,"[4.901328   0.96364546 9.2391     2.67012    6.738846   5.2806845
 8.035381   2.6144583  4.893009   2.0630207 ]",0.3869642913010812,See if there were any tickets available and buy him one but have him reimburse me
347,6380,170,7,Buy him a ticket,pg,1.0,61.0,Darya is on her way to a concert with her friends. As they approach the entrance her friend Ted realizes he forgot his ticket at his house. The concert is about to start and Ted would likely miss most of the concert if he returned to his house for his ticket.,is on way to a concert with friends . As approach the entrance friend Ted realizes forgot ticket at house . The concert is about to start and Ted likely miss most of the concert if returned to house for ticket . : Buy a ticket,5.164686,1.009537,9.428152,2.7035549,6.738847,5.1298604,8.0308895,2.527991,4.7301016,2.1578019,"[5.16468620300293, 1.0095369815826416, 9.428152084350586, 2.70355486869812, 6.738846778869629, 5.1298604011535645, 8.030889511108398, 2.5279910564422607, 4.730101585388184, 2.157801866531372]",0.06981168,5.531445,5,"[4.901328   0.96364546 9.2391     2.67012    6.738846   5.2806845
 8.035381   2.6144583  4.893009   2.0630207 ]",0.41723968756216334,See if there were any tickets available and buy him one but have him reimburse me
348,6381,171,7,buy another ticket at the booth,pg,1.0,93.6666666666667,Darya is on her way to a concert with her friends. As they approach the entrance her friend Ted realizes he forgot his ticket at his house. The concert is about to start and Ted would likely miss most of the concert if he returned to his house for his ticket.,is on way to a concert with friends . As approach the entrance friend Ted realizes forgot ticket at house . The concert is about to start and Ted likely miss most of the concert if returned to house for ticket . : buy another ticket at the booth,4.642031,0.78188175,9.134904,2.4262855,6.8577676,5.319479,8.0434065,2.5863166,5.008497,1.8442768,"[4.642031192779541, 0.7818817496299744, 9.134903907775879, 2.4262855052948, 6.857767581939697, 5.319478988647461, 8.04340648651123, 2.5863165855407715, 5.00849723815918, 1.844276785850525]",-0.4991215,6.1854935,5,"[4.901328   0.96364546 9.2391     2.67012    6.738846   5.2806845
 8.035381   2.6144583  4.893009   2.0630207 ]",0.49827227436999494,See if there were any tickets available and buy him one but have him reimburse me
349,6382,175,7,Try to see if there are any tickets available for purchase online,pg,1.0,100.0,Darya is on her way to a concert with her friends. As they approach the entrance her friend Ted realizes he forgot his ticket at his house. The concert is about to start and Ted would likely miss most of the concert if he returned to his house for his ticket.,is on way to a concert with friends . As approach the entrance friend Ted realizes forgot ticket at house . The concert is about to start and Ted likely miss most of the concert if returned to house for ticket . : Try to see if there are any tickets available for purchase online,5.1470027,1.1530999,9.360766,3.6741915,6.716218,5.289466,8.232976,2.7855043,4.705834,2.7462587,"[5.147002696990967, 1.1530998945236206, 9.360766410827637, 3.674191474914551, 6.716217994689941, 5.28946590423584, 8.232975959777832, 2.7855043411254883, 4.705833911895752, 2.7462587356567383]",1.619532,5.4420447,0,"[5.3655806 1.2702221 9.198152  3.5741282 6.570315  5.561966  8.121828
 2.7489474 4.534417  2.9537492]",0.5287914289485445,Look for anyone selling tickets
350,6383,176,7,try to purchase another ticket,pg,1.0,92.0,Darya is on her way to a concert with her friends. As they approach the entrance her friend Ted realizes he forgot his ticket at his house. The concert is about to start and Ted would likely miss most of the concert if he returned to his house for his ticket.,is on way to a concert with friends . As approach the entrance friend Ted realizes forgot ticket at house . The concert is about to start and Ted likely miss most of the concert if returned to house for ticket . : try to purchase another ticket,5.0991373,1.305212,9.356669,3.6353507,6.7584224,5.3493495,8.241599,2.8457344,4.84858,2.5631487,"[5.099137306213379, 1.3052120208740234, 9.356669425964355, 3.6353507041931152, 6.758422374725342, 5.349349498748779, 8.241599082946777, 2.8457343578338623, 4.8485798835754395, 2.5631487369537354]",1.3051884,5.6226783,0,"[5.3655806 1.2702221 9.198152  3.5741282 6.570315  5.561966  8.121828
 2.7489474 4.534417  2.9537492]",0.6757679551888025,Look for anyone selling tickets
351,6384,182,7,Darya can spot Ted by buying the ticket at the booth.,pg,1.0,28.6666666666667,Darya is on her way to a concert with her friends. As they approach the entrance her friend Ted realizes he forgot his ticket at his house. The concert is about to start and Ted would likely miss most of the concert if he returned to his house for his ticket.,is on way to a concert with friends . As approach the entrance friend Ted realizes forgot ticket at house . The concert is about to start and Ted likely miss most of the concert if returned to house for ticket . : can spot Ted by buying the ticket at the booth .,6.178135,1.8769647,10.183291,4.880948,6.6725235,4.6114054,8.269757,2.6685555,4.3998895,3.4133792,"[6.178134918212891, 1.8769646883010864, 10.1832914352417, 4.880948066711426, 6.672523498535156, 4.611405372619629, 8.269757270812988, 2.668555498123169, 4.3998894691467285, 3.413379192352295]",3.4379714,4.4485817,7,"[ 6.0744877  1.6136857 10.175958   4.596031   6.4566236  4.374307
  8.231861   2.6766467  4.3928285  3.4267533]",0.5156051126662937,I would wait for my friend to retrieve the ticket himself or have someone bring the ticket to him.
352,6385,188,7,Buy a new ticket.,pg,1.0,98.3333333333333,Darya is on her way to a concert with her friends. As they approach the entrance her friend Ted realizes he forgot his ticket at his house. The concert is about to start and Ted would likely miss most of the concert if he returned to his house for his ticket.,is on way to a concert with friends . As approach the entrance friend Ted realizes forgot ticket at house . The concert is about to start and Ted likely miss most of the concert if returned to house for ticket . : Buy a new ticket .,5.2977614,1.5803988,9.305204,3.3328924,6.586786,5.3802404,8.0921135,2.881276,4.6775584,2.5401347,"[5.2977614402771, 1.5803987979888916, 9.305204391479492, 3.332892417907715, 6.586785793304443, 5.380240440368652, 8.092113494873047, 2.8812758922576904, 4.677558422088623, 2.5401346683502197]",0.9954408,5.439066,0,"[5.3655806 1.2702221 9.198152  3.5741282 6.570315  5.561966  8.121828
 2.7489474 4.534417  2.9537492]",0.6432104209222346,Look for anyone selling tickets
353,6386,196,7,purchase a new ticket for Ted,pg,1.0,94.6666666666667,Darya is on her way to a concert with her friends. As they approach the entrance her friend Ted realizes he forgot his ticket at his house. The concert is about to start and Ted would likely miss most of the concert if he returned to his house for his ticket.,is on way to a concert with friends . As approach the entrance friend Ted realizes forgot ticket at house . The concert is about to start and Ted likely miss most of the concert if returned to house for ticket . : purchase a new ticket for Ted,5.220024,1.340427,9.298608,2.9481277,6.623176,5.3764343,8.016239,2.6874042,4.729798,2.2981358,"[5.220024108886719, 1.340427041053772, 9.29860782623291, 2.9481277465820312, 6.623176097869873, 5.376434326171875, 8.016239166259766, 2.687404155731201, 4.729797840118408, 2.298135757446289]",0.48721012,5.6003194,5,"[4.901328   0.96364546 9.2391     2.67012    6.738846   5.2806845
 8.035381   2.6144583  4.893009   2.0630207 ]",0.659176013801041,See if there were any tickets available and buy him one but have him reimburse me
354,6387,199,7,Buy another ticket.,pg,1.0,84.6666666666667,Darya is on her way to a concert with her friends. As they approach the entrance her friend Ted realizes he forgot his ticket at his house. The concert is about to start and Ted would likely miss most of the concert if he returned to his house for his ticket.,is on way to a concert with friends . As approach the entrance friend Ted realizes forgot ticket at house . The concert is about to start and Ted likely miss most of the concert if returned to house for ticket . : Buy another ticket .,5.168712,1.4311075,9.380786,3.3483331,6.6395006,5.2191153,8.156792,2.882639,4.8015594,2.47718,"[5.168712139129639, 1.431107521057129, 9.380785942077637, 3.3483331203460693, 6.639500617980957, 5.219115257263184, 8.156791687011719, 2.882638931274414, 4.8015594482421875, 2.477180004119873]",0.9646755,5.4590373,0,"[5.3655806 1.2702221 9.198152  3.5741282 6.570315  5.561966  8.121828
 2.7489474 4.534417  2.9537492]",0.767393207180574,Look for anyone selling tickets
355,6388,200,7,She could buy his ticket.,pg,1.0,64.0,Darya is on her way to a concert with her friends. As they approach the entrance her friend Ted realizes he forgot his ticket at his house. The concert is about to start and Ted would likely miss most of the concert if he returned to his house for his ticket.,is on way to a concert with friends . As approach the entrance friend Ted realizes forgot ticket at house . The concert is about to start and Ted likely miss most of the concert if returned to house for ticket . : buy ticket .,5.1933374,1.0686501,9.472188,2.7857084,6.7367973,5.070346,8.084806,2.5739226,4.7105145,2.1964765,"[5.193337440490723, 1.0686501264572144, 9.472187995910645, 2.785708427429199, 6.736797332763672, 5.070345878601074, 8.084806442260742, 2.573922634124756, 4.710514545440674, 2.196476459503174]",0.3142985,5.3367004,5,"[4.901328   0.96364546 9.2391     2.67012    6.738846   5.2806845
 8.035381   2.6144583  4.893009   2.0630207 ]",0.5132574063604767,See if there were any tickets available and buy him one but have him reimburse me
356,6389,207,7,Call the venue to see if tickets can be bought at the door. ,pg,1.0,96.6666666666667,Darya is on her way to a concert with her friends. As they approach the entrance her friend Ted realizes he forgot his ticket at his house. The concert is about to start and Ted would likely miss most of the concert if he returned to his house for his ticket.,is on way to a concert with friends . As approach the entrance friend Ted realizes forgot ticket at house . The concert is about to start and Ted likely miss most of the concert if returned to house for ticket . : Call the venue to see if tickets can be bought at the door .,5.69535,1.370934,9.29738,3.9187171,6.477619,5.5413313,8.09935,2.6918902,4.2836065,3.3698578,"[5.695350170135498, 1.370934009552002, 9.297380447387695, 3.9187171459198, 6.477619171142578, 5.5413312911987305, 8.099349975585938, 2.691890239715576, 4.28360652923584, 3.3698577880859375]",2.2799368,5.786657,0,"[5.3655806 1.2702221 9.198152  3.5741282 6.570315  5.561966  8.121828
 2.7489474 4.534417  2.9537492]",0.7044928977018058,Look for anyone selling tickets
357,6390,208,7,pay for the ticket online,pg,1.0,87.0,Darya is on her way to a concert with her friends. As they approach the entrance her friend Ted realizes he forgot his ticket at his house. The concert is about to start and Ted would likely miss most of the concert if he returned to his house for his ticket.,is on way to a concert with friends . As approach the entrance friend Ted realizes forgot ticket at house . The concert is about to start and Ted likely miss most of the concert if returned to house for ticket . : pay for the ticket online,5.019105,0.8894177,9.323456,2.7770913,6.69832,5.19277,8.009546,2.5863216,4.882349,2.1949654,"[5.019104957580566, 0.8894177079200745, 9.323455810546875, 2.7770912647247314, 6.698319911956787, 5.192770004272461, 8.009546279907227, 2.5863215923309326, 4.882349014282227, 2.194965362548828]",0.08388831,5.528914,5,"[4.901328   0.96364546 9.2391     2.67012    6.738846   5.2806845
 8.035381   2.6144583  4.893009   2.0630207 ]",0.2574748274186763,See if there were any tickets available and buy him one but have him reimburse me
358,6391,107,7,see if he could buy another ticket,pg,2.0,91.0,Darya is on her way to a concert with her friends. As they approach the entrance her friend Ted realizes he forgot his ticket at his house. The concert is about to start and Ted would likely miss most of the concert if he returned to his house for his ticket.,is on way to a concert with friends . As approach the entrance friend Ted realizes forgot ticket at house . The concert is about to start and Ted likely miss most of the concert if returned to house for ticket . : see if buy another ticket,4.6463523,0.81830645,9.255483,2.6472394,6.860996,5.144187,8.128939,2.6055777,4.996426,1.981592,"[4.646352291107178, 0.8183064460754395, 9.25548267364502, 2.6472394466400146, 6.860995769500732, 5.144186973571777, 8.128938674926758, 2.6055777072906494, 4.996426105499268, 1.981592059135437]",-0.2595671,6.147147,5,"[4.901328   0.96364546 9.2391     2.67012    6.738846   5.2806845
 8.035381   2.6144583  4.893009   2.0630207 ]",0.38293300428818056,See if there were any tickets available and buy him one but have him reimburse me
359,6392,115,7,Ted could buy a new ticket.,pg,2.0,100.0,Darya is on her way to a concert with her friends. As they approach the entrance her friend Ted realizes he forgot his ticket at his house. The concert is about to start and Ted would likely miss most of the concert if he returned to his house for his ticket.,is on way to a concert with friends . As approach the entrance friend Ted realizes forgot ticket at house . The concert is about to start and Ted likely miss most of the concert if returned to house for ticket . : Ted buy a new ticket .,5.3242397,1.6310208,9.326137,3.370955,6.5920353,5.36023,8.098651,2.899445,4.6839266,2.5408816,"[5.324239730834961, 1.6310207843780518, 9.326136589050293, 3.370954990386963, 6.592035293579102, 5.360229969024658, 8.098650932312012, 2.899445056915283, 4.683926582336426, 2.540881633758545]",0.9553089,5.36443,0,"[5.3655806 1.2702221 9.198152  3.5741282 6.570315  5.561966  8.121828
 2.7489474 4.534417  2.9537492]",0.6683658138658831,Look for anyone selling tickets
360,6393,120,7,Buy a ticket from another person or ticket scalper,pg,2.0,87.0,Darya is on her way to a concert with her friends. As they approach the entrance her friend Ted realizes he forgot his ticket at his house. The concert is about to start and Ted would likely miss most of the concert if he returned to his house for his ticket.,is on way to a concert with friends . As approach the entrance friend Ted realizes forgot ticket at house . The concert is about to start and Ted likely miss most of the concert if returned to house for ticket . : Buy a ticket from another person or ticket scalper,5.539994,1.1141961,8.763274,3.4272957,6.4904532,6.0343723,7.953563,2.5898721,4.2402015,3.4078166,"[5.539993762969971, 1.1141960620880127, 8.763274192810059, 3.427295684814453, 6.490453243255615, 6.034372329711914, 7.953563213348389, 2.589872121810913, 4.240201473236084, 3.4078166484832764]",1.9737451,6.3729534,0,"[5.3655806 1.2702221 9.198152  3.5741282 6.570315  5.561966  8.121828
 2.7489474 4.534417  2.9537492]",0.9172491561826648,Look for anyone selling tickets
361,6394,124,7,She could loan him the money to buy a concert ticket.,pg,2.0,100.0,Darya is on her way to a concert with her friends. As they approach the entrance her friend Ted realizes he forgot his ticket at his house. The concert is about to start and Ted would likely miss most of the concert if he returned to his house for his ticket.,is on way to a concert with friends . As approach the entrance friend Ted realizes forgot ticket at house . The concert is about to start and Ted likely miss most of the concert if returned to house for ticket . : loan the money to buy a concert ticket .,5.597266,0.9723461,9.852343,2.8985515,6.5232186,4.6860685,7.8513527,2.2300625,4.6769238,2.378321,"[5.59726619720459, 0.9723461270332336, 9.85234260559082, 2.8985514640808105, 6.523218631744385, 4.686068534851074, 7.851352691650391, 2.230062484741211, 4.676923751831055, 2.3783209323883057]",0.27503926,4.5112066,4,"[ 5.6905556  1.0821797 10.038611   3.213778   6.430102   4.3516946
  7.912626   2.3025432  4.7172823  2.5783617]",0.5709289052963272,TELL HIM TO BUY ANOTHER TICKET
362,6395,130,7,Darya might offer to buy Ted another ticket as they enter,pg,2.0,70.0,Darya is on her way to a concert with her friends. As they approach the entrance her friend Ted realizes he forgot his ticket at his house. The concert is about to start and Ted would likely miss most of the concert if he returned to his house for his ticket.,is on way to a concert with friends . As approach the entrance friend Ted realizes forgot ticket at house . The concert is about to start and Ted likely miss most of the concert if returned to house for ticket . : might offer to buy Ted another ticket as enter,4.745639,0.9117954,9.29426,2.7906175,6.702726,5.0622945,8.126757,2.7323809,4.9848676,2.1206138,"[4.745638847351074, 0.9117953777313232, 9.294260025024414, 2.7906174659729004, 6.702725887298584, 5.0622944831848145, 8.12675666809082, 2.7323808670043945, 4.984867572784424, 2.1206138134002686]",0.083332375,5.5085287,5,"[4.901328   0.96364546 9.2391     2.67012    6.738846   5.2806845
 8.035381   2.6144583  4.893009   2.0630207 ]",0.3570696494288246,See if there were any tickets available and buy him one but have him reimburse me
363,6396,132,7,Offer to buy Ted another ticket,pg,2.0,46.6666666666667,Darya is on her way to a concert with her friends. As they approach the entrance her friend Ted realizes he forgot his ticket at his house. The concert is about to start and Ted would likely miss most of the concert if he returned to his house for his ticket.,is on way to a concert with friends . As approach the entrance friend Ted realizes forgot ticket at house . The concert is about to start and Ted likely miss most of the concert if returned to house for ticket . : Offer to buy Ted another ticket,5.683931,0.98690206,10.119206,2.9674003,6.3895054,4.1899567,7.822346,2.1827455,4.783679,2.428455,"[5.68393087387085, 0.9869020581245422, 10.119206428527832, 2.967400312423706, 6.389505386352539, 4.1899566650390625, 7.822346210479736, 2.1827454566955566, 4.783679008483887, 2.428455114364624]",0.42481464,3.896421,4,"[ 5.6905556  1.0821797 10.038611   3.213778   6.430102   4.3516946
  7.912626   2.3025432  4.7172823  2.5783617]",0.3918020990533036,TELL HIM TO BUY ANOTHER TICKET
364,6397,142,7,Try and buy Ted another ticket. ,pg,2.0,75.0,Darya is on her way to a concert with her friends. As they approach the entrance her friend Ted realizes he forgot his ticket at his house. The concert is about to start and Ted would likely miss most of the concert if he returned to his house for his ticket.,is on way to a concert with friends . As approach the entrance friend Ted realizes forgot ticket at house . The concert is about to start and Ted likely miss most of the concert if returned to house for ticket . : Try and buy Ted another ticket .,5.3303356,1.5314034,9.539762,3.7538471,6.70922,5.1879053,8.199575,2.8381221,4.8276086,2.6447158,"[5.33033561706543, 1.5314034223556519, 9.539761543273926, 3.753847122192383, 6.709219932556152, 5.187905311584473, 8.199575424194336, 2.8381221294403076, 4.827608585357666, 2.6447157859802246]",1.2247995,5.283869,0,"[5.3655806 1.2702221 9.198152  3.5741282 6.570315  5.561966  8.121828
 2.7489474 4.534417  2.9537492]",0.7570533559965287,Look for anyone selling tickets
365,6398,144,7,Try to find another ticket,pg,2.0,96.6666666666667,Darya is on her way to a concert with her friends. As they approach the entrance her friend Ted realizes he forgot his ticket at his house. The concert is about to start and Ted would likely miss most of the concert if he returned to his house for his ticket.,is on way to a concert with friends . As approach the entrance friend Ted realizes forgot ticket at house . The concert is about to start and Ted likely miss most of the concert if returned to house for ticket . : Try to find another ticket,5.252075,1.4504597,9.481441,3.868982,6.7511234,5.262554,8.254926,2.8513634,4.8015985,2.669142,"[5.2520751953125, 1.4504597187042236, 9.481440544128418, 3.8689820766448975, 6.751123428344727, 5.262554168701172, 8.254925727844238, 2.85136342048645, 4.80159854888916, 2.669142007827759]",1.4506973,5.438289,0,"[5.3655806 1.2702221 9.198152  3.5741282 6.570315  5.561966  8.121828
 2.7489474 4.534417  2.9537492]",0.7179769203162364,Look for anyone selling tickets
366,6399,152,7,buy a new ticket,pg,2.0,84.0,Darya is on her way to a concert with her friends. As they approach the entrance her friend Ted realizes he forgot his ticket at his house. The concert is about to start and Ted would likely miss most of the concert if he returned to his house for his ticket.,is on way to a concert with friends . As approach the entrance friend Ted realizes forgot ticket at house . The concert is about to start and Ted likely miss most of the concert if returned to house for ticket . : buy a new ticket,5.0668173,1.222421,9.220606,2.779767,6.6794257,5.422351,8.022817,2.6780396,4.808435,2.147021,"[5.066817283630371, 1.2224210500717163, 9.220605850219727, 2.7797670364379883, 6.6794257164001465, 5.422350883483887, 8.02281665802002, 2.67803955078125, 4.808434963226318, 2.1470210552215576]",0.30129486,5.7177663,5,"[4.901328   0.96364546 9.2391     2.67012    6.738846   5.2806845
 8.035381   2.6144583  4.893009   2.0630207 ]",0.3856493572931072,See if there were any tickets available and buy him one but have him reimburse me
367,6400,156,7,Buy tickets at the door,pg,2.0,51.3333333333333,Darya is on her way to a concert with her friends. As they approach the entrance her friend Ted realizes he forgot his ticket at his house. The concert is about to start and Ted would likely miss most of the concert if he returned to his house for his ticket.,is on way to a concert with friends . As approach the entrance friend Ted realizes forgot ticket at house . The concert is about to start and Ted likely miss most of the concert if returned to house for ticket . : Buy tickets at the door,5.1730714,1.1285007,9.4105,2.872774,6.7341833,5.1791306,8.145456,2.64986,4.7011056,2.2059016,"[5.173071384429932, 1.1285006999969482, 9.410499572753906, 2.8727738857269287, 6.734183311462402, 5.179130554199219, 8.145456314086914, 2.64985990524292, 4.70110559463501, 2.205901622772217]",0.62078327,5.702063,5,"[4.901328   0.96364546 9.2391     2.67012    6.738846   5.2806845
 8.035381   2.6144583  4.893009   2.0630207 ]",0.5024087812106777,See if there were any tickets available and buy him one but have him reimburse me
368,6401,160,7,buy a new ticket on the concert itself,pg,2.0,85.0,Darya is on her way to a concert with her friends. As they approach the entrance her friend Ted realizes he forgot his ticket at his house. The concert is about to start and Ted would likely miss most of the concert if he returned to his house for his ticket.,is on way to a concert with friends . As approach the entrance friend Ted realizes forgot ticket at house . The concert is about to start and Ted likely miss most of the concert if returned to house for ticket . : buy a new ticket on the concert,5.0763183,1.2145019,9.231808,2.7944145,6.6621876,5.40845,8.02842,2.6908784,4.7883306,2.1734798,"[5.076318264007568, 1.2145018577575684, 9.231807708740234, 2.794414520263672, 6.662187576293945, 5.408450126647949, 8.028420448303223, 2.690878391265869, 4.788330554962158, 2.1734797954559326]",0.20550454,5.7867,5,"[4.901328   0.96364546 9.2391     2.67012    6.738846   5.2806845
 8.035381   2.6144583  4.893009   2.0630207 ]",0.40037565313861667,See if there were any tickets available and buy him one but have him reimburse me
369,6402,162,7,Lend money to Ted so he can buy another ticket,pg,2.0,96.6666666666667,Darya is on her way to a concert with her friends. As they approach the entrance her friend Ted realizes he forgot his ticket at his house. The concert is about to start and Ted would likely miss most of the concert if he returned to his house for his ticket.,is on way to a concert with friends . As approach the entrance friend Ted realizes forgot ticket at house . The concert is about to start and Ted likely miss most of the concert if returned to house for ticket . : Lend money to Ted so can buy another ticket,5.6116667,0.89332825,9.918345,2.7946026,6.5253644,4.5957828,7.8067226,2.1424768,4.700284,2.2940853,"[5.611666679382324, 0.8933282494544983, 9.91834545135498, 2.794602632522583, 6.525364398956299, 4.59578275680542, 7.806722640991211, 2.142476797103882, 4.700284004211426, 2.2940852642059326]",-0.04161299,4.3482027,4,"[ 5.6905556  1.0821797 10.038611   3.213778   6.430102   4.3516946
  7.912626   2.3025432  4.7172823  2.5783617]",0.6470339918156519,TELL HIM TO BUY ANOTHER TICKET
370,6403,163,7,Buy another one,pg,2.0,77.0,Darya is on her way to a concert with her friends. As they approach the entrance her friend Ted realizes he forgot his ticket at his house. The concert is about to start and Ted would likely miss most of the concert if he returned to his house for his ticket.,is on way to a concert with friends . As approach the entrance friend Ted realizes forgot ticket at house . The concert is about to start and Ted likely miss most of the concert if returned to house for ticket . : Buy another one,4.6747413,0.7504395,9.147415,2.4853065,6.807253,5.3016453,8.08187,2.5749817,4.9625773,1.8620126,"[4.674741268157959, 0.7504395246505737, 9.147415161132812, 2.48530650138855, 6.807252883911133, 5.301645278930664, 8.081870079040527, 2.574981689453125, 4.9625773429870605, 1.8620126247406006]",-0.42688942,6.065603,5,"[4.901328   0.96364546 9.2391     2.67012    6.738846   5.2806845
 8.035381   2.6144583  4.893009   2.0630207 ]",0.43982160863220376,See if there were any tickets available and buy him one but have him reimburse me
371,6404,165,7,try to purchase a new ticket,pg,2.0,76.6666666666667,Darya is on her way to a concert with her friends. As they approach the entrance her friend Ted realizes he forgot his ticket at his house. The concert is about to start and Ted would likely miss most of the concert if he returned to his house for his ticket.,is on way to a concert with friends . As approach the entrance friend Ted realizes forgot ticket at house . The concert is about to start and Ted likely miss most of the concert if returned to house for ticket . : try to purchase a new ticket,5.1911073,1.3912152,9.308397,3.5451515,6.6996865,5.405753,8.183559,2.8399138,4.757769,2.5613415,"[5.191107273101807, 1.391215205192566, 9.30839729309082, 3.545151472091675, 6.699686527252197, 5.405753135681152, 8.18355941772461, 2.839913845062256, 4.7577691078186035, 2.5613415241241455]",1.2335752,5.541019,0,"[5.3655806 1.2702221 9.198152  3.5741282 6.570315  5.561966  8.121828
 2.7489474 4.534417  2.9537492]",0.5613991564229747,Look for anyone selling tickets
372,6405,177,7,To buy a second-hand ticket.,pg,2.0,97.0,Darya is on her way to a concert with her friends. As they approach the entrance her friend Ted realizes he forgot his ticket at his house. The concert is about to start and Ted would likely miss most of the concert if he returned to his house for his ticket.,is on way to a concert with friends . As approach the entrance friend Ted realizes forgot ticket at house . The concert is about to start and Ted likely miss most of the concert if returned to house for ticket . : To buy a second-hand ticket .,5.3929543,1.6900613,9.353123,3.4713285,6.578632,5.364657,8.094493,2.8948116,4.641698,2.6289525,"[5.392954349517822, 1.690061330795288, 9.35312271118164, 3.4713284969329834, 6.57863187789917, 5.364656925201416, 8.09449291229248, 2.8948116302490234, 4.641697883605957, 2.6289525032043457]",1.0617156,5.4148197,0,"[5.3655806 1.2702221 9.198152  3.5741282 6.570315  5.561966  8.121828
 2.7489474 4.534417  2.9537492]",0.6241985231114128,Look for anyone selling tickets
373,6406,178,7,Help Ted find a new tcket fro a seller,pg,2.0,90.3333333333333,Darya is on her way to a concert with her friends. As they approach the entrance her friend Ted realizes he forgot his ticket at his house. The concert is about to start and Ted would likely miss most of the concert if he returned to his house for his ticket.,is on way to a concert with friends . As approach the entrance friend Ted realizes forgot ticket at house . The concert is about to start and Ted likely miss most of the concert if returned to house for ticket . : Help Ted find a new tcket fro a seller,5.3742924,1.344273,9.370111,3.4551864,6.6277804,5.387707,8.081658,2.685193,4.6545987,2.6662414,"[5.374292373657227, 1.3442729711532593, 9.370111465454102, 3.455186367034912, 6.627780437469482, 5.387707233428955, 8.081658363342285, 2.6851930618286133, 4.654598712921143, 2.666241407394409]",1.1162306,5.4211383,0,"[5.3655806 1.2702221 9.198152  3.5741282 6.570315  5.561966  8.121828
 2.7489474 4.534417  2.9537492]",0.43096138207348006,Look for anyone selling tickets
374,6407,179,7,buy from a scalper,pg,2.0,66.6666666666667,Darya is on her way to a concert with her friends. As they approach the entrance her friend Ted realizes he forgot his ticket at his house. The concert is about to start and Ted would likely miss most of the concert if he returned to his house for his ticket.,is on way to a concert with friends . As approach the entrance friend Ted realizes forgot ticket at house . The concert is about to start and Ted likely miss most of the concert if returned to house for ticket . : buy from a scalper,5.408504,0.98404235,8.660612,3.3587115,6.4504113,6.161756,7.9942827,2.6343138,4.2222,3.4126556,"[5.408504009246826, 0.9840423464775085, 8.660612106323242, 3.3587114810943604, 6.450411319732666, 6.1617560386657715, 7.9942827224731445, 2.6343138217926025, 4.2221999168396, 3.4126555919647217]",1.8050879,6.689611,0,"[5.3655806 1.2702221 9.198152  3.5741282 6.570315  5.561966  8.121828
 2.7489474 4.534417  2.9537492]",1.0633450450282043,Look for anyone selling tickets
375,6408,180,7,Try and get another ticket from someone.,pg,2.0,100.0,Darya is on her way to a concert with her friends. As they approach the entrance her friend Ted realizes he forgot his ticket at his house. The concert is about to start and Ted would likely miss most of the concert if he returned to his house for his ticket.,is on way to a concert with friends . As approach the entrance friend Ted realizes forgot ticket at house . The concert is about to start and Ted likely miss most of the concert if returned to house for ticket . : Try and get another ticket from someone .,5.405405,1.6192449,9.492697,3.904209,6.6826477,5.2876334,8.202386,2.8751059,4.70665,2.7597065,"[5.405405044555664, 1.619244933128357, 9.492696762084961, 3.9042088985443115, 6.682647705078125, 5.287633419036865, 8.202385902404785, 2.875105857849121, 4.7066497802734375, 2.759706497192383]",1.6132995,5.277879,0,"[5.3655806 1.2702221 9.198152  3.5741282 6.570315  5.561966  8.121828
 2.7489474 4.534417  2.9537492]",0.7047781708742454,Look for anyone selling tickets
376,6409,194,7,He could buy a new ticket,pg,2.0,91.0,Darya is on her way to a concert with her friends. As they approach the entrance her friend Ted realizes he forgot his ticket at his house. The concert is about to start and Ted would likely miss most of the concert if he returned to his house for his ticket.,is on way to a concert with friends . As approach the entrance friend Ted realizes forgot ticket at house . The concert is about to start and Ted likely miss most of the concert if returned to house for ticket . : buy a new ticket,5.0983014,1.210085,9.246892,2.8167524,6.682717,5.394044,8.034195,2.6603212,4.776138,2.185495,"[5.098301410675049, 1.2100850343704224, 9.246891975402832, 2.8167524337768555, 6.6827168464660645, 5.394043922424316, 8.034194946289062, 2.6603212356567383, 4.776137828826904, 2.185494899749756]",0.36462313,5.7861032,5,"[4.901328   0.96364546 9.2391     2.67012    6.738846   5.2806845
 8.035381   2.6144583  4.893009   2.0630207 ]",0.4097038162473645,See if there were any tickets available and buy him one but have him reimburse me
377,6410,202,7,help Ted buy a new ticket,pg,2.0,82.6666666666667,Darya is on her way to a concert with her friends. As they approach the entrance her friend Ted realizes he forgot his ticket at his house. The concert is about to start and Ted would likely miss most of the concert if he returned to his house for his ticket.,is on way to a concert with friends . As approach the entrance friend Ted realizes forgot ticket at house . The concert is about to start and Ted likely miss most of the concert if returned to house for ticket . : help Ted buy a new ticket,5.4035935,1.4142293,9.403118,3.31173,6.6070986,5.332723,8.034056,2.6735337,4.664009,2.5524209,"[5.40359354019165, 1.4142292737960815, 9.403118133544922, 3.311729907989502, 6.607098579406738, 5.332723140716553, 8.034055709838867, 2.6735336780548096, 4.664009094238281, 2.5524208545684814]",0.8839593,5.2130256,0,"[5.3655806 1.2702221 9.198152  3.5741282 6.570315  5.561966  8.121828
 2.7489474 4.534417  2.9537492]",0.6149814620056516,Look for anyone selling tickets
378,6411,203,7,buy another ticket ,pg,2.0,100.0,Darya is on her way to a concert with her friends. As they approach the entrance her friend Ted realizes he forgot his ticket at his house. The concert is about to start and Ted would likely miss most of the concert if he returned to his house for his ticket.,is on way to a concert with friends . As approach the entrance friend Ted realizes forgot ticket at house . The concert is about to start and Ted likely miss most of the concert if returned to house for ticket . : buy another ticket,4.5961275,0.7914924,9.120855,2.4299266,6.9044304,5.3378367,8.047433,2.6078122,5.0085363,1.8225121,"[4.596127510070801, 0.7914924025535583, 9.120855331420898, 2.429926633834839, 6.904430389404297, 5.337836742401123, 8.047432899475098, 2.6078121662139893, 5.008536338806152, 1.822512149810791]",-0.43344784,6.0684566,5,"[4.901328   0.96364546 9.2391     2.67012    6.738846   5.2806845
 8.035381   2.6144583  4.893009   2.0630207 ]",0.5445399531302485,See if there were any tickets available and buy him one but have him reimburse me
379,6412,116,7,Try to buy a ticket outside the event,pg,3.0,48.6666666666667,Darya is on her way to a concert with her friends. As they approach the entrance her friend Ted realizes he forgot his ticket at his house. The concert is about to start and Ted would likely miss most of the concert if he returned to his house for his ticket.,is on way to a concert with friends . As approach the entrance friend Ted realizes forgot ticket at house . The concert is about to start and Ted likely miss most of the concert if returned to house for ticket . : Try to buy a ticket outside the event,5.2061496,1.441049,9.351641,3.5766373,6.6887336,5.3418713,8.208817,2.8920383,4.792285,2.5766394,"[5.206149578094482, 1.4410489797592163, 9.351640701293945, 3.5766372680664062, 6.6887335777282715, 5.34187126159668, 8.208816528320312, 2.892038345336914, 4.792284965515137, 2.576639413833618]",1.344819,5.428018,0,"[5.3655806 1.2702221 9.198152  3.5741282 6.570315  5.561966  8.121828
 2.7489474 4.534417  2.9537492]",0.6143122407148351,Look for anyone selling tickets
380,6413,117,7,Buy another ticket when they get there.,pg,3.0,41.6666666666667,Darya is on her way to a concert with her friends. As they approach the entrance her friend Ted realizes he forgot his ticket at his house. The concert is about to start and Ted would likely miss most of the concert if he returned to his house for his ticket.,is on way to a concert with friends . As approach the entrance friend Ted realizes forgot ticket at house . The concert is about to start and Ted likely miss most of the concert if returned to house for ticket . : Buy another ticket when get there .,5.0846553,1.3575699,9.358773,3.2142007,6.6503434,5.2004867,8.123297,2.8726182,4.8446145,2.3643923,"[5.084655284881592, 1.357569932937622, 9.358773231506348, 3.214200735092163, 6.650343418121338, 5.200486660003662, 8.123296737670898, 2.8726181983947754, 4.844614505767822, 2.3643922805786133]",0.8167285,5.463247,5,"[4.901328   0.96364546 9.2391     2.67012    6.738846   5.2806845
 8.035381   2.6144583  4.893009   2.0630207 ]",0.8251894633349117,See if there were any tickets available and buy him one but have him reimburse me
381,6414,122,7,buy another ticket,pg,3.0,69.0,Darya is on her way to a concert with her friends. As they approach the entrance her friend Ted realizes he forgot his ticket at his house. The concert is about to start and Ted would likely miss most of the concert if he returned to his house for his ticket.,is on way to a concert with friends . As approach the entrance friend Ted realizes forgot ticket at house . The concert is about to start and Ted likely miss most of the concert if returned to house for ticket . : buy another ticket,4.6151237,0.8000768,9.10186,2.4386992,6.8493285,5.334696,8.014212,2.581587,5.0390196,1.8507909,"[4.615123748779297, 0.8000767827033997, 9.101860046386719, 2.438699245452881, 6.849328517913818, 5.334695816040039, 8.014211654663086, 2.581587076187134, 5.039019584655762, 1.8507908582687378]",-0.30614957,6.13626,5,"[4.901328   0.96364546 9.2391     2.67012    6.738846   5.2806845
 8.035381   2.6144583  4.893009   2.0630207 ]",0.5138783902799869,See if there were any tickets available and buy him one but have him reimburse me
382,6415,125,7,He can try to buy a scalped ticket,pg,3.0,56.6666666666667,Darya is on her way to a concert with her friends. As they approach the entrance her friend Ted realizes he forgot his ticket at his house. The concert is about to start and Ted would likely miss most of the concert if he returned to his house for his ticket.,is on way to a concert with friends . As approach the entrance friend Ted realizes forgot ticket at house . The concert is about to start and Ted likely miss most of the concert if returned to house for ticket . : can try to buy a scalped ticket,5.43547,0.9554665,8.710847,3.4184408,6.413632,6.1884055,8.046286,2.6444147,4.1765323,3.4656925,"[5.435470104217529, 0.9554665088653564, 8.710846900939941, 3.418440818786621, 6.413631916046143, 6.188405513763428, 8.046285629272461, 2.6444146633148193, 4.17653226852417, 3.4656925201416016]",1.7512896,6.6426206,0,"[5.3655806 1.2702221 9.198152  3.5741282 6.570315  5.561966  8.121828
 2.7489474 4.534417  2.9537492]",1.090613326626829,Look for anyone selling tickets
383,6416,127,7,buy another ticket,pg,3.0,93.3333333333333,Darya is on her way to a concert with her friends. As they approach the entrance her friend Ted realizes he forgot his ticket at his house. The concert is about to start and Ted would likely miss most of the concert if he returned to his house for his ticket.,is on way to a concert with friends . As approach the entrance friend Ted realizes forgot ticket at house . The concert is about to start and Ted likely miss most of the concert if returned to house for ticket . : buy another ticket,4.669356,0.7924925,9.057757,2.4159107,6.8036523,5.391835,7.9994617,2.6289027,4.9923053,1.8572949,"[4.669355869293213, 0.7924925088882446, 9.057757377624512, 2.4159107208251953, 6.803652286529541, 5.3918352127075195, 7.999461650848389, 2.6289026737213135, 4.992305278778076, 1.8572949171066284]",-0.40431753,6.0813866,5,"[4.901328   0.96364546 9.2391     2.67012    6.738846   5.2806845
 8.035381   2.6144583  4.893009   2.0630207 ]",0.5008474347084053,See if there were any tickets available and buy him one but have him reimburse me
384,6417,139,7,Keep driving and hope they can buy a ticket at the concert,pg,3.0,60.0,Darya is on her way to a concert with her friends. As they approach the entrance her friend Ted realizes he forgot his ticket at his house. The concert is about to start and Ted would likely miss most of the concert if he returned to his house for his ticket.,is on way to a concert with friends . As approach the entrance friend Ted realizes forgot ticket at house . The concert is about to start and Ted likely miss most of the concert if returned to house for ticket . : Keep driving and hope can buy a ticket at the concert,5.67103,1.4955612,10.624549,5.5646205,6.704801,3.398016,8.833085,2.4911785,4.11741,4.0613203,"[5.671030044555664, 1.4955612421035767, 10.62454891204834, 5.564620494842529, 6.704801082611084, 3.3980159759521484, 8.833085060119629, 2.491178512573242, 4.117410182952881, 4.0613203048706055]",4.7702093,3.8595426,10,"[ 6.0350957  1.7044297 10.5954275  5.2186604  6.316846   3.4331267
  8.475936   2.7918687  4.4011946  3.9598694]",0.8701978274357974,Darya and her friends could all listen to the concert from the parking lot
385,6418,159,7,Buy another ticket at box office,pg,3.0,82.0,Darya is on her way to a concert with her friends. As they approach the entrance her friend Ted realizes he forgot his ticket at his house. The concert is about to start and Ted would likely miss most of the concert if he returned to his house for his ticket.,is on way to a concert with friends . As approach the entrance friend Ted realizes forgot ticket at house . The concert is about to start and Ted likely miss most of the concert if returned to house for ticket . : Buy another ticket at box office,4.8307037,1.0198387,9.124522,2.8525918,6.7249527,5.441291,8.112077,2.7802398,4.9179273,2.1611347,"[4.8307037353515625, 1.0198386907577515, 9.12452220916748, 2.8525917530059814, 6.724952697753906, 5.441290855407715, 8.112076759338379, 2.7802398204803467, 4.917927265167236, 2.161134719848633]",-0.0007227216,6.1575017,5,"[4.901328   0.96364546 9.2391     2.67012    6.738846   5.2806845
 8.035381   2.6144583  4.893009   2.0630207 ]",0.3523776232768764,See if there were any tickets available and buy him one but have him reimburse me
386,6419,160,7,buy a new ticket from scalpers ,pg,3.0,56.0,Darya is on her way to a concert with her friends. As they approach the entrance her friend Ted realizes he forgot his ticket at his house. The concert is about to start and Ted would likely miss most of the concert if he returned to his house for his ticket.,is on way to a concert with friends . As approach the entrance friend Ted realizes forgot ticket at house . The concert is about to start and Ted likely miss most of the concert if returned to house for ticket . : buy a new ticket from scalpers,5.390007,1.0097367,8.760917,3.3756757,6.4352174,6.0869317,8.045224,2.653715,4.268787,3.3105783,"[5.390007019042969, 1.0097366571426392, 8.760916709899902, 3.375675678253174, 6.435217380523682, 6.0869317054748535, 8.0452241897583, 2.653714895248413, 4.268786907196045, 3.3105783462524414]",1.678222,6.472237,0,"[5.3655806 1.2702221 9.198152  3.5741282 6.570315  5.561966  8.121828
 2.7489474 4.534417  2.9537492]",0.8975919315406052,Look for anyone selling tickets
387,6420,164,7,She could try to buy a ticket off a scalper.,pg,3.0,16.6666666666667,Darya is on her way to a concert with her friends. As they approach the entrance her friend Ted realizes he forgot his ticket at his house. The concert is about to start and Ted would likely miss most of the concert if he returned to his house for his ticket.,is on way to a concert with friends . As approach the entrance friend Ted realizes forgot ticket at house . The concert is about to start and Ted likely miss most of the concert if returned to house for ticket . : try to buy a ticket off a scalper .,5.5268493,1.1453964,8.901012,3.551575,6.431109,5.9397426,8.063767,2.674546,4.25146,3.3809867,"[5.526849269866943, 1.14539635181427, 8.901012420654297, 3.551574945449829, 6.4311089515686035, 5.939742565155029, 8.063767433166504, 2.674546003341675, 4.251460075378418, 3.3809866905212402]",1.9578804,6.2810817,0,"[5.3655806 1.2702221 9.198152  3.5741282 6.570315  5.561966  8.121828
 2.7489474 4.534417  2.9537492]",0.7509900523912729,Look for anyone selling tickets
388,6421,171,7,scalp another ticket,pg,3.0,90.0,Darya is on her way to a concert with her friends. As they approach the entrance her friend Ted realizes he forgot his ticket at his house. The concert is about to start and Ted would likely miss most of the concert if he returned to his house for his ticket.,is on way to a concert with friends . As approach the entrance friend Ted realizes forgot ticket at house . The concert is about to start and Ted likely miss most of the concert if returned to house for ticket . : scalp another ticket,5.4070315,0.956822,8.817242,3.4671872,6.4715385,6.177183,8.095263,2.6762068,4.1865754,3.4028177,"[5.407031536102295, 0.9568219780921936, 8.817241668701172, 3.4671871662139893, 6.471538543701172, 6.177183151245117, 8.09526252746582, 2.6762068271636963, 4.186575412750244, 3.402817726135254]",1.5358944,6.699458,0,"[5.3655806 1.2702221 9.198152  3.5741282 6.570315  5.561966  8.121828
 2.7489474 4.534417  2.9537492]",0.9865945836218182,Look for anyone selling tickets
389,6422,179,7,ask another person if they would sell their tickets,pg,3.0,83.3333333333333,Darya is on her way to a concert with her friends. As they approach the entrance her friend Ted realizes he forgot his ticket at his house. The concert is about to start and Ted would likely miss most of the concert if he returned to his house for his ticket.,is on way to a concert with friends . As approach the entrance friend Ted realizes forgot ticket at house . The concert is about to start and Ted likely miss most of the concert if returned to house for ticket . : ask another person if sell tickets,5.123399,0.9192309,9.183343,2.9027674,6.6223702,5.4525285,8.007496,2.6040685,4.716119,2.453738,"[5.123398780822754, 0.9192308783531189, 9.183342933654785, 2.9027674198150635, 6.62237024307251, 5.452528476715088, 8.007495880126953, 2.6040685176849365, 4.716118812561035, 2.45373797416687]",0.47183073,5.7695518,5,"[4.901328   0.96364546 9.2391     2.67012    6.738846   5.2806845
 8.035381   2.6144583  4.893009   2.0630207 ]",0.5800469185170107,See if there were any tickets available and buy him one but have him reimburse me
390,6423,180,7,Try and buy another ticket.,pg,3.0,100.0,Darya is on her way to a concert with her friends. As they approach the entrance her friend Ted realizes he forgot his ticket at his house. The concert is about to start and Ted would likely miss most of the concert if he returned to his house for his ticket.,is on way to a concert with friends . As approach the entrance friend Ted realizes forgot ticket at house . The concert is about to start and Ted likely miss most of the concert if returned to house for ticket . : Try and buy another ticket .,5.205608,1.4901139,9.470794,3.8112397,6.776101,5.252757,8.262989,2.9049857,4.8401895,2.5826943,"[5.205607891082764, 1.4901138544082642, 9.470793724060059, 3.811239719390869, 6.776101112365723, 5.2527570724487305, 8.262989044189453, 2.9049856662750244, 4.840189456939697, 2.5826942920684814]",1.2923591,5.3657265,0,"[5.3655806 1.2702221 9.198152  3.5741282 6.570315  5.561966  8.121828
 2.7489474 4.534417  2.9537492]",0.7860726272637598,Look for anyone selling tickets
391,6424,181,7,Buy him another ticket,pg,3.0,81.6666666666667,Darya is on her way to a concert with her friends. As they approach the entrance her friend Ted realizes he forgot his ticket at his house. The concert is about to start and Ted would likely miss most of the concert if he returned to his house for his ticket.,is on way to a concert with friends . As approach the entrance friend Ted realizes forgot ticket at house . The concert is about to start and Ted likely miss most of the concert if returned to house for ticket . : Buy another ticket,4.643248,0.8474148,9.212641,2.5495005,6.9053693,5.203892,8.022084,2.5414324,5.022227,1.9165483,"[4.643248081207275, 0.8474147915840149, 9.212640762329102, 2.5495004653930664, 6.905369281768799, 5.203892230987549, 8.02208423614502, 2.5414323806762695, 5.022226810455322, 1.916548252105713]",-0.44405437,6.106049,5,"[4.901328   0.96364546 9.2391     2.67012    6.738846   5.2806845
 8.035381   2.6144583  4.893009   2.0630207 ]",0.41551429520624855,See if there were any tickets available and buy him one but have him reimburse me
392,6425,184,7,Take Ted with him and tell him he will have to purchase another ticket when they get there.,pg,3.0,87.6666666666667,Darya is on her way to a concert with her friends. As they approach the entrance her friend Ted realizes he forgot his ticket at his house. The concert is about to start and Ted would likely miss most of the concert if he returned to his house for his ticket.,is on way to a concert with friends . As approach the entrance friend Ted realizes forgot ticket at house . The concert is about to start and Ted likely miss most of the concert if returned to house for ticket . : Take Ted with and tell will have to purchase another ticket when get there .,6.370949,1.7304449,10.792344,4.586479,6.1988864,3.3735857,8.168389,2.4431784,4.553511,3.327821,"[6.370948791503906, 1.7304449081420898, 10.792344093322754, 4.586479187011719, 6.198886394500732, 3.3735857009887695, 8.168389320373535, 2.443178415298462, 4.553511142730713, 3.3278210163116455]",2.9578228,2.4974332,3,"[ 6.4198093  1.9720458 10.862053   5.365867   6.5569224  3.5447173
  8.288348   2.4836838  4.577658   3.5889297]",0.9567291609744953,Let him go get it and I stay there
393,6426,187,7,Buy another ticket,pg,3.0,70.0,Darya is on her way to a concert with her friends. As they approach the entrance her friend Ted realizes he forgot his ticket at his house. The concert is about to start and Ted would likely miss most of the concert if he returned to his house for his ticket.,is on way to a concert with friends . As approach the entrance friend Ted realizes forgot ticket at house . The concert is about to start and Ted likely miss most of the concert if returned to house for ticket . : Buy another ticket,4.607248,0.75008696,9.18577,2.4857097,6.84556,5.307195,8.104408,2.4992857,4.989139,1.8697793,"[4.607247829437256, 0.7500869631767273, 9.185770034790039, 2.4857096672058105, 6.845560073852539, 5.30719518661499, 8.104408264160156, 2.4992856979370117, 4.989139080047607, 1.869779348373413]",-0.4514359,6.103534,5,"[4.901328   0.96364546 9.2391     2.67012    6.738846   5.2806845
 8.035381   2.6144583  4.893009   2.0630207 ]",0.4956259822861562,See if there were any tickets available and buy him one but have him reimburse me
394,6427,205,7,Buy a new ticket,pg,3.0,86.6666666666667,Darya is on her way to a concert with her friends. As they approach the entrance her friend Ted realizes he forgot his ticket at his house. The concert is about to start and Ted would likely miss most of the concert if he returned to his house for his ticket.,is on way to a concert with friends . As approach the entrance friend Ted realizes forgot ticket at house . The concert is about to start and Ted likely miss most of the concert if returned to house for ticket . : Buy a new ticket,5.084973,1.2447039,9.232531,2.8169606,6.6772375,5.4110475,8.042227,2.700941,4.776463,2.1970983,"[5.084972858428955, 1.2447038888931274, 9.23253059387207, 2.816960573196411, 6.677237510681152, 5.411047458648682, 8.042226791381836, 2.7009410858154297, 4.776463031768799, 2.1970982551574707]",0.25731358,5.759683,5,"[4.901328   0.96364546 9.2391     2.67012    6.738846   5.2806845
 8.035381   2.6144583  4.893009   2.0630207 ]",0.4406819457550714,See if there were any tickets available and buy him one but have him reimburse me
395,6428,208,7,pay with cash,pg,3.0,85.6666666666667,Darya is on her way to a concert with her friends. As they approach the entrance her friend Ted realizes he forgot his ticket at his house. The concert is about to start and Ted would likely miss most of the concert if he returned to his house for his ticket.,is on way to a concert with friends . As approach the entrance friend Ted realizes forgot ticket at house . The concert is about to start and Ted likely miss most of the concert if returned to house for ticket . : pay with cash,5.1014867,0.9057237,9.361866,2.6131473,6.7178326,5.1790566,8.008312,2.4975505,4.817306,2.1047232,"[5.101486682891846, 0.9057236909866333, 9.361865997314453, 2.613147258758545, 6.717832565307617, 5.179056644439697, 8.008312225341797, 2.4975504875183105, 4.817306041717529, 2.1047232151031494]",-0.14330395,5.4808607,5,"[4.901328   0.96364546 9.2391     2.67012    6.738846   5.2806845
 8.035381   2.6144583  4.893009   2.0630207 ]",0.30720625195929885,See if there were any tickets available and buy him one but have him reimburse me
396,6429,105,7,TELL HIM TO BUY ANOTHER TICKET,pg,4.0,100.0,Darya is on her way to a concert with her friends. As they approach the entrance her friend Ted realizes he forgot his ticket at his house. The concert is about to start and Ted would likely miss most of the concert if he returned to his house for his ticket.,is on way to a concert with friends . As approach the entrance friend Ted realizes forgot ticket at house . The concert is about to start and Ted likely miss most of the concert if returned to house for ticket . : TELL HIM TO BUY ANOTHER TICKET,5.6179075,1.197768,10.0430355,3.2798634,6.4620147,4.317052,7.9500995,2.3684082,4.7882533,2.4868655,"[5.617907524108887, 1.197767972946167, 10.043035507202148, 3.2798633575439453, 6.462014675140381, 4.317051887512207, 7.950099468231201, 2.368408203125, 4.788253307342529, 2.486865520477295]",0.8712831,4.244338,4,"[ 5.6905556  1.0821797 10.038611   3.213778   6.430102   4.3516946
  7.912626   2.3025432  4.7172823  2.5783617]",0.21070051816560828,TELL HIM TO BUY ANOTHER TICKET
397,6430,109,7,Buy another ticket,pg,4.0,82.6666666666667,Darya is on her way to a concert with her friends. As they approach the entrance her friend Ted realizes he forgot his ticket at his house. The concert is about to start and Ted would likely miss most of the concert if he returned to his house for his ticket.,is on way to a concert with friends . As approach the entrance friend Ted realizes forgot ticket at house . The concert is about to start and Ted likely miss most of the concert if returned to house for ticket . : Buy another ticket,4.6069655,0.8160373,9.172146,2.449175,6.9096937,5.264524,8.033861,2.503244,5.020816,1.8295326,"[4.6069655418396, 0.8160372972488403, 9.17214584350586, 2.4491748809814453, 6.909693717956543, 5.264523983001709, 8.03386116027832, 2.503243923187256, 5.020815849304199, 1.8295326232910156]",-0.43126222,6.0543838,5,"[4.901328   0.96364546 9.2391     2.67012    6.738846   5.2806845
 8.035381   2.6144583  4.893009   2.0630207 ]",0.523841091047687,See if there were any tickets available and buy him one but have him reimburse me
398,6431,111,7,try to scalp a ticket,pg,4.0,46.3333333333333,Darya is on her way to a concert with her friends. As they approach the entrance her friend Ted realizes he forgot his ticket at his house. The concert is about to start and Ted would likely miss most of the concert if he returned to his house for his ticket.,is on way to a concert with friends . As approach the entrance friend Ted realizes forgot ticket at house . The concert is about to start and Ted likely miss most of the concert if returned to house for ticket . : try to scalp a ticket,5.528678,0.95487934,8.792529,3.5323634,6.4385576,6.18908,8.062351,2.6116652,4.163148,3.5822036,"[5.528677940368652, 0.9548793435096741, 8.792529106140137, 3.5323634147644043, 6.4385576248168945, 6.189080238342285, 8.06235122680664, 2.6116652488708496, 4.163147926330566, 3.5822036266326904]",1.7114913,6.6493225,0,"[5.3655806 1.2702221 9.198152  3.5741282 6.570315  5.561966  8.121828
 2.7489474 4.534417  2.9537492]",1.1216629202035107,Look for anyone selling tickets
399,6432,128,7,Buy another ticket,pg,4.0,92.3333333333333,Darya is on her way to a concert with her friends. As they approach the entrance her friend Ted realizes he forgot his ticket at his house. The concert is about to start and Ted would likely miss most of the concert if he returned to his house for his ticket.,is on way to a concert with friends . As approach the entrance friend Ted realizes forgot ticket at house . The concert is about to start and Ted likely miss most of the concert if returned to house for ticket . : Buy another ticket,4.6923203,0.73813736,9.149902,2.5086954,6.780594,5.2505655,8.119777,2.5258074,5.0079107,1.8923733,"[4.692320346832275, 0.7381373643875122, 9.14990234375, 2.508695363998413, 6.7805938720703125, 5.250565528869629, 8.119776725769043, 2.5258073806762695, 5.00791072845459, 1.8923733234405518]",-0.37093455,6.014099,5,"[4.901328   0.96364546 9.2391     2.67012    6.738846   5.2806845
 8.035381   2.6144583  4.893009   2.0630207 ]",0.43417377944124586,See if there were any tickets available and buy him one but have him reimburse me
400,6433,131,7,Look for anyone selling tickets,pg,4.0,87.6666666666667,Darya is on her way to a concert with her friends. As they approach the entrance her friend Ted realizes he forgot his ticket at his house. The concert is about to start and Ted would likely miss most of the concert if he returned to his house for his ticket.,is on way to a concert with friends . As approach the entrance friend Ted realizes forgot ticket at house . The concert is about to start and Ted likely miss most of the concert if returned to house for ticket . : Look for anyone selling tickets,5.353838,1.1689115,9.201847,3.5168111,6.6228957,5.568592,8.146351,2.6595283,4.5173807,2.9239264,"[5.353837966918945, 1.1689114570617676, 9.201847076416016, 3.5168111324310303, 6.62289571762085, 5.568592071533203, 8.146350860595703, 2.6595282554626465, 4.517380714416504, 2.92392635345459]",1.5657316,5.7859693,0,"[5.3655806 1.2702221 9.198152  3.5741282 6.570315  5.561966  8.121828
 2.7489474 4.534417  2.9537492]",0.1621297732615413,Look for anyone selling tickets
401,6434,141,7,Darya could buy a new ticket at the entrance,pg,4.0,63.6666666666667,Darya is on her way to a concert with her friends. As they approach the entrance her friend Ted realizes he forgot his ticket at his house. The concert is about to start and Ted would likely miss most of the concert if he returned to his house for his ticket.,is on way to a concert with friends . As approach the entrance friend Ted realizes forgot ticket at house . The concert is about to start and Ted likely miss most of the concert if returned to house for ticket . : buy a new ticket at the entrance,5.1542196,1.3658538,9.197455,2.9624693,6.6242976,5.4889946,8.067987,2.7827654,4.7306705,2.3105042,"[5.154219627380371, 1.3658537864685059, 9.197455406188965, 2.9624693393707275, 6.624297618865967, 5.488994598388672, 8.067987442016602, 2.7827653884887695, 4.73067045211792, 2.310504198074341]",0.5753677,5.7619233,5,"[4.901328   0.96364546 9.2391     2.67012    6.738846   5.2806845
 8.035381   2.6144583  4.893009   2.0630207 ]",0.6974488427489808,See if there were any tickets available and buy him one but have him reimburse me
402,6435,145,7,See if they can purchase another,pg,4.0,93.3333333333333,Darya is on her way to a concert with her friends. As they approach the entrance her friend Ted realizes he forgot his ticket at his house. The concert is about to start and Ted would likely miss most of the concert if he returned to his house for his ticket.,is on way to a concert with friends . As approach the entrance friend Ted realizes forgot ticket at house . The concert is about to start and Ted likely miss most of the concert if returned to house for ticket . : See if can purchase another,4.8865514,1.1416003,9.319391,3.2718785,6.75416,5.2390676,8.195996,2.8231938,4.9025455,2.3401248,"[4.886551380157471, 1.141600251197815, 9.319391250610352, 3.271878480911255, 6.754159927368164, 5.239067554473877, 8.195996284484863, 2.8231937885284424, 4.90254545211792, 2.3401248455047607]",0.99310154,5.735143,5,"[4.901328   0.96364546 9.2391     2.67012    6.738846   5.2806845
 8.035381   2.6144583  4.893009   2.0630207 ]",0.7407144765646245,See if there were any tickets available and buy him one but have him reimburse me
403,6436,149,7,Offer to buy another ticket,pg,4.0,100.0,Darya is on her way to a concert with her friends. As they approach the entrance her friend Ted realizes he forgot his ticket at his house. The concert is about to start and Ted would likely miss most of the concert if he returned to his house for his ticket.,is on way to a concert with friends . As approach the entrance friend Ted realizes forgot ticket at house . The concert is about to start and Ted likely miss most of the concert if returned to house for ticket . : Offer to buy another ticket,5.690404,0.9611869,10.120185,3.0019586,6.4023542,4.229004,7.8586473,2.2164447,4.763963,2.4777954,"[5.690403938293457, 0.9611868858337402, 10.120184898376465, 3.0019586086273193, 6.4023542404174805, 4.22900390625, 7.858647346496582, 2.216444730758667, 4.763963222503662, 2.477795362472534]",0.43761778,3.8714907,4,"[ 5.6905556  1.0821797 10.038611   3.213778   6.430102   4.3516946
  7.912626   2.3025432  4.7172823  2.5783617]",0.32342421836362395,TELL HIM TO BUY ANOTHER TICKET
404,6437,154,7,take a ticket from someone,pg,4.0,6.33333333333333,Darya is on her way to a concert with her friends. As they approach the entrance her friend Ted realizes he forgot his ticket at his house. The concert is about to start and Ted would likely miss most of the concert if he returned to his house for his ticket.,is on way to a concert with friends . As approach the entrance friend Ted realizes forgot ticket at house . The concert is about to start and Ted likely miss most of the concert if returned to house for ticket . : take a ticket from someone,6.1348367,0.71543926,10.366908,2.7283452,6.292003,4.0279512,7.52143,1.7683034,4.6536574,2.3218417,"[6.134836673736572, 0.7154392600059509, 10.366908073425293, 2.7283451557159424, 6.292003154754639, 4.027951240539551, 7.521430015563965, 1.768303394317627, 4.65365743637085, 2.3218417167663574]",-0.09863287,3.4780874,8,"[ 6.206129   0.8477411 10.542283   2.8365161  6.434092   3.902594
  7.6392226  1.7240117  4.5328426  2.3152208]",0.3625249147636226,She could give Ted her ticket instead.
405,6438,185,7,buy another ticket,pg,4.0,50.6666666666667,Darya is on her way to a concert with her friends. As they approach the entrance her friend Ted realizes he forgot his ticket at his house. The concert is about to start and Ted would likely miss most of the concert if he returned to his house for his ticket.,is on way to a concert with friends . As approach the entrance friend Ted realizes forgot ticket at house . The concert is about to start and Ted likely miss most of the concert if returned to house for ticket . : buy another ticket,4.6213636,0.8199596,9.087073,2.3859918,6.857705,5.3550625,8.028442,2.589854,5.060352,1.8124679,"[4.621363639831543, 0.8199595808982849, 9.08707332611084, 2.3859918117523193, 6.857705116271973, 5.355062484741211, 8.0284423828125, 2.5898540019989014, 5.060351848602295, 1.8124679327011108]",-0.55396795,6.2403836,5,"[4.901328   0.96364546 9.2391     2.67012    6.738846   5.2806845
 8.035381   2.6144583  4.893009   2.0630207 ]",0.5603215144377376,See if there were any tickets available and buy him one but have him reimburse me
406,6439,192,7,Give money to Ted to buy another ticket,pg,4.0,46.0,Darya is on her way to a concert with her friends. As they approach the entrance her friend Ted realizes he forgot his ticket at his house. The concert is about to start and Ted would likely miss most of the concert if he returned to his house for his ticket.,is on way to a concert with friends . As approach the entrance friend Ted realizes forgot ticket at house . The concert is about to start and Ted likely miss most of the concert if returned to house for ticket . : Give money to Ted to buy another ticket,5.456214,0.8482116,9.819177,2.642257,6.573408,4.662683,7.825066,2.1911452,4.7703314,2.1495934,"[5.45621395111084, 0.8482115864753723, 9.81917667388916, 2.64225697517395, 6.573408126831055, 4.662683010101318, 7.825066089630127, 2.191145181655884, 4.770331382751465, 2.1495933532714844]",-0.21940817,4.4591923,4,"[ 5.6905556  1.0821797 10.038611   3.213778   6.430102   4.3516946
  7.912626   2.3025432  4.7172823  2.5783617]",0.8991263560811227,TELL HIM TO BUY ANOTHER TICKET
407,6440,193,7,buy from a scalper,pg,4.0,40.6666666666667,Darya is on her way to a concert with her friends. As they approach the entrance her friend Ted realizes he forgot his ticket at his house. The concert is about to start and Ted would likely miss most of the concert if he returned to his house for his ticket.,is on way to a concert with friends . As approach the entrance friend Ted realizes forgot ticket at house . The concert is about to start and Ted likely miss most of the concert if returned to house for ticket . : buy from a scalper,5.440008,0.96380085,8.700186,3.4142447,6.404064,6.191226,8.038549,2.643842,4.179935,3.4666283,"[5.440008163452148, 0.963800847530365, 8.700185775756836, 3.4142446517944336, 6.404064178466797, 6.191226005554199, 8.038549423217773, 2.6438419818878174, 4.179934978485107, 3.466628313064575]",1.885641,6.5763655,0,"[5.3655806 1.2702221 9.198152  3.5741282 6.570315  5.561966  8.121828
 2.7489474 4.534417  2.9537492]",1.096931509868,Look for anyone selling tickets
408,6441,201,7,Buy a new ticket.,pg,4.0,53.3333333333333,Darya is on her way to a concert with her friends. As they approach the entrance her friend Ted realizes he forgot his ticket at his house. The concert is about to start and Ted would likely miss most of the concert if he returned to his house for his ticket.,is on way to a concert with friends . As approach the entrance friend Ted realizes forgot ticket at house . The concert is about to start and Ted likely miss most of the concert if returned to house for ticket . : Buy a new ticket .,5.3188105,1.6301246,9.257792,3.3819962,6.623231,5.441243,8.13103,2.9234872,4.658386,2.5714364,"[5.31881046295166, 1.630124568939209, 9.257792472839355, 3.3819961547851562, 6.623230934143066, 5.4412431716918945, 8.131030082702637, 2.9234871864318848, 4.65838623046875, 2.5714364051818848]",0.9621376,5.6285834,0,"[5.3655806 1.2702221 9.198152  3.5741282 6.570315  5.561966  8.121828
 2.7489474 4.534417  2.9537492]",0.6177728523512054,Look for anyone selling tickets
409,6442,204,7,Try to buy a scalped ticket,pg,4.0,76.6666666666667,Darya is on her way to a concert with her friends. As they approach the entrance her friend Ted realizes he forgot his ticket at his house. The concert is about to start and Ted would likely miss most of the concert if he returned to his house for his ticket.,is on way to a concert with friends . As approach the entrance friend Ted realizes forgot ticket at house . The concert is about to start and Ted likely miss most of the concert if returned to house for ticket . : Try to buy a scalped ticket,5.3656106,0.8744356,8.704895,3.4072342,6.431984,6.2671843,8.105781,2.6625125,4.145201,3.4727716,"[5.365610599517822, 0.8744356036186218, 8.70489501953125, 3.4072341918945312, 6.431983947753906, 6.267184257507324, 8.105780601501465, 2.6625125408172607, 4.145201206207275, 3.472771644592285]",1.7663099,6.6981606,0,"[5.3655806 1.2702221 9.198152  3.5741282 6.570315  5.561966  8.121828
 2.7489474 4.534417  2.9537492]",1.1716965295907906,Look for anyone selling tickets
410,6443,110,7,Buy another ticket to get in.,pg,5.0,51.0,Darya is on her way to a concert with her friends. As they approach the entrance her friend Ted realizes he forgot his ticket at his house. The concert is about to start and Ted would likely miss most of the concert if he returned to his house for his ticket.,is on way to a concert with friends . As approach the entrance friend Ted realizes forgot ticket at house . The concert is about to start and Ted likely miss most of the concert if returned to house for ticket . : Buy another ticket to get in .,5.119033,1.3987151,9.401601,3.307502,6.6274996,5.15075,8.144346,2.9165027,4.846505,2.4246802,"[5.119032859802246, 1.3987151384353638, 9.40160083770752, 3.307502031326294, 6.627499580383301, 5.150750160217285, 8.144346237182617, 2.9165027141571045, 4.846505165100098, 2.424680233001709]",0.8308793,5.3531055,0,"[5.3655806 1.2702221 9.198152  3.5741282 6.570315  5.561966  8.121828
 2.7489474 4.534417  2.9537492]",0.8763792362267464,Look for anyone selling tickets
411,6444,115,7,Buy someone else's tickets and/or buy from a scalper.,pg,5.0,61.6666666666667,Darya is on her way to a concert with her friends. As they approach the entrance her friend Ted realizes he forgot his ticket at his house. The concert is about to start and Ted would likely miss most of the concert if he returned to his house for his ticket.,is on way to a concert with friends . As approach the entrance friend Ted realizes forgot ticket at house . The concert is about to start and Ted likely miss most of the concert if returned to house for ticket . : Buy someone else 's tickets and/or buy from a scalper .,5.5200057,1.0713129,8.73936,3.4264293,6.439252,6.0615416,7.988914,2.61481,4.21721,3.445529,"[5.520005702972412, 1.0713129043579102, 8.739359855651855, 3.426429271697998, 6.439251899719238, 6.061541557312012, 7.9889140129089355, 2.614809989929199, 4.217209815979004, 3.445528984069824]",1.9499453,6.4881444,0,"[5.3655806 1.2702221 9.198152  3.5741282 6.570315  5.561966  8.121828
 2.7489474 4.534417  2.9537492]",0.96984377788725,Look for anyone selling tickets
412,6445,119,7,try to buy a ticket from a scalper.,pg,5.0,69.3333333333333,Darya is on her way to a concert with her friends. As they approach the entrance her friend Ted realizes he forgot his ticket at his house. The concert is about to start and Ted would likely miss most of the concert if he returned to his house for his ticket.,is on way to a concert with friends . As approach the entrance friend Ted realizes forgot ticket at house . The concert is about to start and Ted likely miss most of the concert if returned to house for ticket . : try to buy a ticket from a scalper .,5.4894543,1.1010892,8.919087,3.537103,6.457741,5.9503365,8.042741,2.6399827,4.284913,3.351441,"[5.48945426940918, 1.1010892391204834, 8.919087409973145, 3.5371029376983643, 6.457740783691406, 5.950336456298828, 8.042740821838379, 2.6399827003479004, 4.284913063049316, 3.351440906524658]",1.9940544,6.284217,0,"[5.3655806 1.2702221 9.198152  3.5741282 6.570315  5.561966  8.121828
 2.7489474 4.534417  2.9537492]",0.7247357949180089,Look for anyone selling tickets
413,6446,120,7,Try and buy another ticket from the box office,pg,5.0,100.0,Darya is on her way to a concert with her friends. As they approach the entrance her friend Ted realizes he forgot his ticket at his house. The concert is about to start and Ted would likely miss most of the concert if he returned to his house for his ticket.,is on way to a concert with friends . As approach the entrance friend Ted realizes forgot ticket at house . The concert is about to start and Ted likely miss most of the concert if returned to house for ticket . : Try and buy another ticket from the box office,5.042753,1.2019243,9.247825,3.5641742,6.7050924,5.4048023,8.228581,2.8643718,4.8346524,2.6114762,"[5.042753219604492, 1.2019243240356445, 9.247824668884277, 3.564174175262451, 6.705092430114746, 5.404802322387695, 8.228581428527832, 2.8643717765808105, 4.834652423858643, 2.611476182937622]",1.2706254,5.658221,0,"[5.3655806 1.2702221 9.198152  3.5741282 6.570315  5.561966  8.121828
 2.7489474 4.534417  2.9537492]",0.6215505214428494,Look for anyone selling tickets
414,6447,126,7,Buy from a scalper,pg,5.0,22.3333333333333,Darya is on her way to a concert with her friends. As they approach the entrance her friend Ted realizes he forgot his ticket at his house. The concert is about to start and Ted would likely miss most of the concert if he returned to his house for his ticket.,is on way to a concert with friends . As approach the entrance friend Ted realizes forgot ticket at house . The concert is about to start and Ted likely miss most of the concert if returned to house for ticket . : Buy from a scalper,5.4466014,0.9580751,8.68477,3.4006414,6.413802,6.1952796,8.025439,2.6339064,4.173363,3.4683902,"[5.446601390838623, 0.9580751061439514, 8.684769630432129, 3.400641441345215, 6.413802146911621, 6.195279598236084, 8.025439262390137, 2.633906364440918, 4.173363208770752, 3.4683902263641357]",1.8398095,6.5847626,0,"[5.3655806 1.2702221 9.198152  3.5741282 6.570315  5.561966  8.121828
 2.7489474 4.534417  2.9537492]",1.1139936240658543,Look for anyone selling tickets
415,6448,129,7,Try to scalp some tickets.,pg,5.0,50.0,Darya is on her way to a concert with her friends. As they approach the entrance her friend Ted realizes he forgot his ticket at his house. The concert is about to start and Ted would likely miss most of the concert if he returned to his house for his ticket.,is on way to a concert with friends . As approach the entrance friend Ted realizes forgot ticket at house . The concert is about to start and Ted likely miss most of the concert if returned to house for ticket . : Try to scalp some tickets .,5.4954705,1.0445908,8.842786,3.5150425,6.4442244,6.0640454,8.071418,2.6628637,4.2029457,3.4300334,"[5.4954705238342285, 1.0445908308029175, 8.842785835266113, 3.515042543411255, 6.4442243576049805, 6.064045429229736, 8.071417808532715, 2.6628637313842773, 4.202945709228516, 3.4300334453582764]",1.7391672,6.4291167,0,"[5.3655806 1.2702221 9.198152  3.5741282 6.570315  5.561966  8.121828
 2.7489474 4.534417  2.9537492]",0.9012275113474163,Look for anyone selling tickets
416,6449,136,7,She could ask to buy a ticket right there,pg,5.0,65.0,Darya is on her way to a concert with her friends. As they approach the entrance her friend Ted realizes he forgot his ticket at his house. The concert is about to start and Ted would likely miss most of the concert if he returned to his house for his ticket.,is on way to a concert with friends . As approach the entrance friend Ted realizes forgot ticket at house . The concert is about to start and Ted likely miss most of the concert if returned to house for ticket . : ask to buy a ticket right there,5.723635,1.2017082,9.846496,3.5276458,6.5613523,4.7826953,8.011754,2.4045236,4.530239,2.7401736,"[5.723635196685791, 1.201708197593689, 9.846495628356934, 3.5276458263397217, 6.561352252960205, 4.782695293426514, 8.011754035949707, 2.4045236110687256, 4.530239105224609, 2.740173578262329]",1.3109126,4.6785893,4,"[ 5.6905556  1.0821797 10.038611   3.213778   6.430102   4.3516946
  7.912626   2.3025432  4.7172823  2.5783617]",0.6596860801666812,TELL HIM TO BUY ANOTHER TICKET
417,6450,138,7,She could try and buy a ticket from a nearby scalper.,pg,5.0,42.3333333333333,Darya is on her way to a concert with her friends. As they approach the entrance her friend Ted realizes he forgot his ticket at his house. The concert is about to start and Ted would likely miss most of the concert if he returned to his house for his ticket.,is on way to a concert with friends . As approach the entrance friend Ted realizes forgot ticket at house . The concert is about to start and Ted likely miss most of the concert if returned to house for ticket . : try and buy a ticket from a nearby scalper .,5.5572314,1.2047735,9.025505,3.669287,6.460578,5.833805,8.076536,2.6813219,4.270123,3.3684263,"[5.557231426239014, 1.2047735452651978, 9.025505065917969, 3.6692869663238525, 6.460577964782715, 5.833805084228516, 8.076536178588867, 2.681321859359741, 4.27012300491333, 3.3684263229370117]",2.069618,6.1202273,0,"[5.3655806 1.2702221 9.198152  3.5741282 6.570315  5.561966  8.121828
 2.7489474 4.534417  2.9537492]",0.6436205353203914,Look for anyone selling tickets
418,6451,147,7,Try to get another ticket for him,pg,5.0,90.6666666666667,Darya is on her way to a concert with her friends. As they approach the entrance her friend Ted realizes he forgot his ticket at his house. The concert is about to start and Ted would likely miss most of the concert if he returned to his house for his ticket.,is on way to a concert with friends . As approach the entrance friend Ted realizes forgot ticket at house . The concert is about to start and Ted likely miss most of the concert if returned to house for ticket . : Try to get another ticket for,5.2112494,1.4142424,9.442568,3.7502337,6.736642,5.275234,8.2322235,2.8524666,4.81655,2.6143572,"[5.211249351501465, 1.4142423868179321, 9.442567825317383, 3.7502336502075195, 6.736641883850098, 5.275234222412109, 8.232223510742188, 2.852466583251953, 4.816549777984619, 2.6143572330474854]",1.3228389,5.4664273,0,"[5.3655806 1.2702221 9.198152  3.5741282 6.570315  5.561966  8.121828
 2.7489474 4.534417  2.9537492]",0.6803537726019498,Look for anyone selling tickets
419,6452,148,7,Buy him a ticket from a scalper,pg,5.0,70.0,Darya is on her way to a concert with her friends. As they approach the entrance her friend Ted realizes he forgot his ticket at his house. The concert is about to start and Ted would likely miss most of the concert if he returned to his house for his ticket.,is on way to a concert with friends . As approach the entrance friend Ted realizes forgot ticket at house . The concert is about to start and Ted likely miss most of the concert if returned to house for ticket . : Buy a ticket from a scalper,5.405237,0.975346,8.709268,3.3937132,6.4083886,6.160919,8.038379,2.650127,4.223426,3.3984716,"[5.405237197875977, 0.975346028804779, 8.709267616271973, 3.3937132358551025, 6.408388614654541, 6.160919189453125, 8.038378715515137, 2.6501269340515137, 4.22342586517334, 3.3984715938568115]",1.8036444,6.6147633,0,"[5.3655806 1.2702221 9.198152  3.5741282 6.570315  5.561966  8.121828
 2.7489474 4.534417  2.9537492]",1.0277497748378739,Look for anyone selling tickets
420,6453,155,7,Buy a scalped ticket for him,pg,5.0,38.0,Darya is on her way to a concert with her friends. As they approach the entrance her friend Ted realizes he forgot his ticket at his house. The concert is about to start and Ted would likely miss most of the concert if he returned to his house for his ticket.,is on way to a concert with friends . As approach the entrance friend Ted realizes forgot ticket at house . The concert is about to start and Ted likely miss most of the concert if returned to house for ticket . : Buy a scalped ticket for,5.4015775,0.93186885,8.700771,3.3965728,6.431262,6.21346,8.060978,2.6521554,4.159127,3.451488,"[5.401577472686768, 0.931868851184845, 8.70077133178711, 3.3965728282928467, 6.431262016296387, 6.2134599685668945, 8.060977935791016, 2.6521553993225098, 4.159127235412598, 3.4514880180358887]",1.670323,6.677862,0,"[5.3655806 1.2702221 9.198152  3.5741282 6.570315  5.561966  8.121828
 2.7489474 4.534417  2.9537492]",1.1136111333239544,Look for anyone selling tickets
421,6454,157,7,find a ticket scalper and get Ted another ticket,pg,5.0,19.3333333333333,Darya is on her way to a concert with her friends. As they approach the entrance her friend Ted realizes he forgot his ticket at his house. The concert is about to start and Ted would likely miss most of the concert if he returned to his house for his ticket.,is on way to a concert with friends . As approach the entrance friend Ted realizes forgot ticket at house . The concert is about to start and Ted likely miss most of the concert if returned to house for ticket . : find a ticket scalper and get Ted another ticket,5.455757,1.083763,8.929175,3.4414184,6.451057,5.9235435,8.050735,2.6585915,4.3283963,3.2685578,"[5.455757141113281, 1.0837630033493042, 8.92917537689209, 3.441418409347534, 6.451056957244873, 5.923543453216553, 8.050735473632812, 2.6585915088653564, 4.328396320343018, 3.2685577869415283]",1.7044965,6.2529063,0,"[5.3655806 1.2702221 9.198152  3.5741282 6.570315  5.561966  8.121828
 2.7489474 4.534417  2.9537492]",0.6577134716762894,Look for anyone selling tickets
422,6455,163,7,Pool their money to buy another ticket,pg,5.0,55.3333333333333,Darya is on her way to a concert with her friends. As they approach the entrance her friend Ted realizes he forgot his ticket at his house. The concert is about to start and Ted would likely miss most of the concert if he returned to his house for his ticket.,is on way to a concert with friends . As approach the entrance friend Ted realizes forgot ticket at house . The concert is about to start and Ted likely miss most of the concert if returned to house for ticket . : Pool money to buy another ticket,4.7439327,0.7696981,9.179359,2.4626744,6.769261,5.2728033,8.029351,2.6000712,4.965612,1.9114436,"[4.743932723999023, 0.7696980834007263, 9.179359436035156, 2.462674379348755, 6.769260883331299, 5.27280330657959, 8.029351234436035, 2.6000711917877197, 4.965611934661865, 1.9114435911178589]",-0.38489577,6.0219827,5,"[4.901328   0.96364546 9.2391     2.67012    6.738846   5.2806845
 8.035381   2.6144583  4.893009   2.0630207 ]",0.3721140694944739,See if there were any tickets available and buy him one but have him reimburse me
423,6456,173,7,see if they can find someone selling a ticket,pg,5.0,100.0,Darya is on her way to a concert with her friends. As they approach the entrance her friend Ted realizes he forgot his ticket at his house. The concert is about to start and Ted would likely miss most of the concert if he returned to his house for his ticket.,is on way to a concert with friends . As approach the entrance friend Ted realizes forgot ticket at house . The concert is about to start and Ted likely miss most of the concert if returned to house for ticket . : see if can find someone selling a ticket,5.3733892,1.1728828,9.294211,3.613436,6.5646954,5.457071,8.100099,2.7235773,4.538459,2.9611807,"[5.37338924407959, 1.1728827953338623, 9.294211387634277, 3.613435983657837, 6.564695358276367, 5.457070827484131, 8.100098609924316, 2.7235772609710693, 4.538458824157715, 2.9611806869506836]",1.6919872,5.7451468,0,"[5.3655806 1.2702221 9.198152  3.5741282 6.570315  5.561966  8.121828
 2.7489474 4.534417  2.9537492]",0.1803619687081675,Look for anyone selling tickets
424,6457,188,7,Get his friend to buy a ticket.,pg,5.0,87.6666666666667,Darya is on her way to a concert with her friends. As they approach the entrance her friend Ted realizes he forgot his ticket at his house. The concert is about to start and Ted would likely miss most of the concert if he returned to his house for his ticket.,is on way to a concert with friends . As approach the entrance friend Ted realizes forgot ticket at house . The concert is about to start and Ted likely miss most of the concert if returned to house for ticket . : Get friend to buy a ticket .,5.821884,1.1295379,9.998255,3.3096118,6.5112705,4.5579357,7.938667,2.2741785,4.5213337,2.6409466,"[5.8218841552734375, 1.1295379400253296, 9.998254776000977, 3.3096117973327637, 6.511270523071289, 4.55793571472168, 7.938666820526123, 2.2741785049438477, 4.521333694458008, 2.640946626663208]",0.9169731,4.4372883,4,"[ 5.6905556  1.0821797 10.038611   3.213778   6.430102   4.3516946
  7.912626   2.3025432  4.7172823  2.5783617]",0.35102982510720604,TELL HIM TO BUY ANOTHER TICKET
425,6458,192,7,Tell Ted to buy another ticket,pg,5.0,76.0,Darya is on her way to a concert with her friends. As they approach the entrance her friend Ted realizes he forgot his ticket at his house. The concert is about to start and Ted would likely miss most of the concert if he returned to his house for his ticket.,is on way to a concert with friends . As approach the entrance friend Ted realizes forgot ticket at house . The concert is about to start and Ted likely miss most of the concert if returned to house for ticket . : Tell Ted to buy another ticket,5.4959183,1.1820197,9.935755,3.3444693,6.4442277,4.3988957,7.9922066,2.4848745,4.819495,2.5789542,"[5.495918273925781, 1.1820197105407715, 9.935754776000977, 3.3444693088531494, 6.444227695465088, 4.398895740509033, 7.992206573486328, 2.4848744869232178, 4.81949520111084, 2.5789542198181152]",0.923165,4.2880116,4,"[ 5.6905556  1.0821797 10.038611   3.213778   6.430102   4.3516946
  7.912626   2.3025432  4.7172823  2.5783617]",0.3577213208441097,TELL HIM TO BUY ANOTHER TICKET
426,6459,195,7,buy another ticket at the gate,pg,5.0,32.6666666666667,Darya is on her way to a concert with her friends. As they approach the entrance her friend Ted realizes he forgot his ticket at his house. The concert is about to start and Ted would likely miss most of the concert if he returned to his house for his ticket.,is on way to a concert with friends . As approach the entrance friend Ted realizes forgot ticket at house . The concert is about to start and Ted likely miss most of the concert if returned to house for ticket . : buy another ticket at the gate,4.585596,0.8125841,9.060433,2.4773867,6.8149314,5.348395,8.028868,2.6270556,5.058959,1.8987362,"[4.585596084594727, 0.8125841021537781, 9.060433387756348, 2.477386713027954, 6.814931392669678, 5.348394870758057, 8.028867721557617, 2.6270556449890137, 5.058959007263184, 1.8987362384796143]",-0.38840386,6.1224365,5,"[4.901328   0.96364546 9.2391     2.67012    6.738846   5.2806845
 8.035381   2.6144583  4.893009   2.0630207 ]",0.506633825328318,See if there were any tickets available and buy him one but have him reimburse me
427,6460,197,7,Darya could try to find someone selling tickets in the parking lot,pg,5.0,36.6666666666667,Darya is on her way to a concert with her friends. As they approach the entrance her friend Ted realizes he forgot his ticket at his house. The concert is about to start and Ted would likely miss most of the concert if he returned to his house for his ticket.,is on way to a concert with friends . As approach the entrance friend Ted realizes forgot ticket at house . The concert is about to start and Ted likely miss most of the concert if returned to house for ticket . : try to find someone selling tickets in the parking lot,5.5104585,1.2946345,9.261952,3.7815285,6.5791936,5.561144,8.1251545,2.6817806,4.4066625,3.14444,"[5.510458469390869, 1.294634461402893, 9.26195240020752, 3.7815284729003906, 6.579193592071533, 5.56114387512207, 8.125154495239258, 2.6817805767059326, 4.406662464141846, 3.144439935684204]",1.9385991,5.7413797,0,"[5.3655806 1.2702221 9.198152  3.5741282 6.570315  5.561966  8.121828
 2.7489474 4.534417  2.9537492]",0.35490447705599276,Look for anyone selling tickets
428,6461,198,7,Tell Ted to buy another ticket,pg,5.0,57.6666666666667,Darya is on her way to a concert with her friends. As they approach the entrance her friend Ted realizes he forgot his ticket at his house. The concert is about to start and Ted would likely miss most of the concert if he returned to his house for his ticket.,is on way to a concert with friends . As approach the entrance friend Ted realizes forgot ticket at house . The concert is about to start and Ted likely miss most of the concert if returned to house for ticket . : Tell Ted to buy another ticket,5.4590435,1.2295802,9.920986,3.3720121,6.4549084,4.389354,8.019702,2.5267394,4.860929,2.542421,"[5.459043502807617, 1.2295801639556885, 9.92098617553711, 3.372012138366699, 6.45490837097168, 4.389354228973389, 8.019701957702637, 2.5267393589019775, 4.860929012298584, 2.5424211025238037]",0.95682544,4.260913,4,"[ 5.6905556  1.0821797 10.038611   3.213778   6.430102   4.3516946
  7.912626   2.3025432  4.7172823  2.5783617]",0.4470877305063236,TELL HIM TO BUY ANOTHER TICKET
429,6462,204,7,Check online to see if another ticket is available for purchase,pg,5.0,100.0,Darya is on her way to a concert with her friends. As they approach the entrance her friend Ted realizes he forgot his ticket at his house. The concert is about to start and Ted would likely miss most of the concert if he returned to his house for his ticket.,is on way to a concert with friends . As approach the entrance friend Ted realizes forgot ticket at house . The concert is about to start and Ted likely miss most of the concert if returned to house for ticket . : Check online to see if another ticket is available for purchase,5.041292,1.1685396,9.319035,3.4931881,6.726672,5.2768598,8.180785,2.780571,4.790708,2.5534225,"[5.041292190551758, 1.1685396432876587, 9.319034576416016, 3.4931881427764893, 6.726672172546387, 5.276859760284424, 8.180785179138184, 2.7805709838867188, 4.790708065032959, 2.553422451019287]",1.1251605,5.6820507,0,"[5.3655806 1.2702221 9.198152  3.5741282 6.570315  5.561966  8.121828
 2.7489474 4.534417  2.9537492]",0.6876204571983633,Look for anyone selling tickets
430,7159,119,7,sneak into the concert.,pg,1.0,50.0,Darya is on her way to a concert with her friends. As they approach the entrance her friend Ted realizes he forgot his ticket at his house. The concert is about to start and Ted would likely miss most of the concert if he returned to his house for his ticket.,is on way to a concert with friends . As approach the entrance friend Ted realizes forgot ticket at house . The concert is about to start and Ted likely miss most of the concert if returned to house for ticket . : sneak into the concert .,6.8872914,2.880936,9.507533,6.8197713,4.102382,4.3938627,6.7730694,6.898839,7.587536,3.5350459,"[6.887291431427002, 2.8809359073638916, 9.507533073425293, 6.8197712898254395, 4.102382183074951, 4.393862724304199, 6.773069381713867, 6.898838996887207, 7.587535858154297, 3.535045862197876]",3.1215816,-4.2278266,2,"[6.8363514 2.8741455 9.481334  6.758397  4.156641  4.434169  6.7097034
 6.9165583 7.639739  3.608533 ]",0.15529818376309157,Sneak inside without the ticket.
431,7160,131,7,Sneak Ted inside the concert,pg,1.0,70.6666666666667,Darya is on her way to a concert with her friends. As they approach the entrance her friend Ted realizes he forgot his ticket at his house. The concert is about to start and Ted would likely miss most of the concert if he returned to his house for his ticket.,is on way to a concert with friends . As approach the entrance friend Ted realizes forgot ticket at house . The concert is about to start and Ted likely miss most of the concert if returned to house for ticket . : Sneak Ted inside the concert,6.852799,2.8418097,9.499335,6.661831,4.1593804,4.476111,6.5782423,6.9529486,7.738556,3.6291294,"[6.852798938751221, 2.8418097496032715, 9.499335289001465, 6.661830902099609, 4.1593804359436035, 4.476110935211182, 6.578242301940918, 6.952948570251465, 7.738555908203125, 3.629129409790039]",3.5668135,-4.27065,2,"[6.8363514 2.8741455 9.481334  6.758397  4.156641  4.434169  6.7097034
 6.9165583 7.639739  3.608533 ]",0.2037820711514821,Sneak inside without the ticket.
432,7161,152,7,sneak in,pg,1.0,61.3333333333333,Darya is on her way to a concert with her friends. As they approach the entrance her friend Ted realizes he forgot his ticket at his house. The concert is about to start and Ted would likely miss most of the concert if he returned to his house for his ticket.,is on way to a concert with friends . As approach the entrance friend Ted realizes forgot ticket at house . The concert is about to start and Ted likely miss most of the concert if returned to house for ticket . : sneak in,6.9645114,2.919692,9.507526,6.8501005,3.9841611,4.354678,6.8382115,6.9290447,7.5215974,3.4072545,"[6.964511394500732, 2.919692039489746, 9.507526397705078, 6.850100517272949, 3.984161138534546, 4.354678153991699, 6.838211536407471, 6.929044723510742, 7.521597385406494, 3.407254457473755]",2.8921683,-4.385282,2,"[6.8363514 2.8741455 9.481334  6.758397  4.156641  4.434169  6.7097034
 6.9165583 7.639739  3.608533 ]",0.36715639546710016,Sneak inside without the ticket.
433,7162,166,7,sneak him in,pg,1.0,27.6666666666667,Darya is on her way to a concert with her friends. As they approach the entrance her friend Ted realizes he forgot his ticket at his house. The concert is about to start and Ted would likely miss most of the concert if he returned to his house for his ticket.,is on way to a concert with friends . As approach the entrance friend Ted realizes forgot ticket at house . The concert is about to start and Ted likely miss most of the concert if returned to house for ticket . : sneak in,6.9952164,2.9264288,9.492008,6.8684425,4.014582,4.402132,6.8559113,6.968015,7.5539703,3.4409556,"[6.995216369628906, 2.92642879486084, 9.492008209228516, 6.868442535400391, 4.01458215713501, 4.402132034301758, 6.8559112548828125, 6.968015193939209, 7.5539703369140625, 3.440955638885498]",2.949885,-4.319391,2,"[6.8363514 2.8741455 9.481334  6.758397  4.156641  4.434169  6.7097034
 6.9165583 7.639739  3.608533 ]",0.347657281464055,Sneak inside without the ticket.
434,7163,110,7,Sneak inside without the ticket.,pg,2.0,46.3333333333333,Darya is on her way to a concert with her friends. As they approach the entrance her friend Ted realizes he forgot his ticket at his house. The concert is about to start and Ted would likely miss most of the concert if he returned to his house for his ticket.,is on way to a concert with friends . As approach the entrance friend Ted realizes forgot ticket at house . The concert is about to start and Ted likely miss most of the concert if returned to house for ticket . : Sneak inside without the ticket .,6.8436484,2.8815672,9.482037,6.755655,4.1677656,4.4526224,6.7134147,6.93406,7.646982,3.601054,"[6.843648433685303, 2.8815672397613525, 9.482036590576172, 6.755654811859131, 4.1677656173706055, 4.452622413635254, 6.713414669036865, 6.934060096740723, 7.646982192993164, 3.6010539531707764]",3.2751665,-4.1917086,2,"[6.8363514 2.8741455 9.481334  6.758397  4.156641  4.434169  6.7097034
 6.9165583 7.639739  3.608533 ]",0.031766658827271296,Sneak inside without the ticket.
435,7164,112,7,Sneak in via back door,pg,2.0,10.6666666666667,Darya is on her way to a concert with her friends. As they approach the entrance her friend Ted realizes he forgot his ticket at his house. The concert is about to start and Ted would likely miss most of the concert if he returned to his house for his ticket.,is on way to a concert with friends . As approach the entrance friend Ted realizes forgot ticket at house . The concert is about to start and Ted likely miss most of the concert if returned to house for ticket . : Sneak in via back door,7.0745263,3.0051498,9.43991,6.899806,3.9258533,4.441908,6.9099617,7.0270457,7.542977,3.3743978,"[7.074526309967041, 3.0051498413085938, 9.439909934997559, 6.899806022644043, 3.9258532524108887, 4.44190788269043, 6.909961700439453, 7.027045726776123, 7.5429768562316895, 3.3743977546691895]",2.838668,-4.4060144,2,"[6.8363514 2.8741455 9.481334  6.758397  4.156641  4.434169  6.7097034
 6.9165583 7.639739  3.608533 ]",0.5151871079486406,Sneak inside without the ticket.
436,7165,118,7,Sneak in the concert,pg,2.0,34.0,Darya is on her way to a concert with her friends. As they approach the entrance her friend Ted realizes he forgot his ticket at his house. The concert is about to start and Ted would likely miss most of the concert if he returned to his house for his ticket.,is on way to a concert with friends . As approach the entrance friend Ted realizes forgot ticket at house . The concert is about to start and Ted likely miss most of the concert if returned to house for ticket . : Sneak in the concert,6.995266,2.918259,9.532649,6.8022356,4.0432262,4.419143,6.7695193,6.996295,7.62487,3.4964395,"[6.995265960693359, 2.9182589054107666, 9.532649040222168, 6.8022356033325195, 4.04322624206543, 4.419143199920654, 6.769519329071045, 6.996294975280762, 7.6248698234558105, 3.4964394569396973]",2.9136367,-4.3788505,2,"[6.8363514 2.8741455 9.481334  6.758397  4.156641  4.434169  6.7097034
 6.9165583 7.639739  3.608533 ]",0.25993364834356525,Sneak inside without the ticket.
437,7166,125,7,He can try to sneak in,pg,2.0,71.0,Darya is on her way to a concert with her friends. As they approach the entrance her friend Ted realizes he forgot his ticket at his house. The concert is about to start and Ted would likely miss most of the concert if he returned to his house for his ticket.,is on way to a concert with friends . As approach the entrance friend Ted realizes forgot ticket at house . The concert is about to start and Ted likely miss most of the concert if returned to house for ticket . : can try to sneak in,6.872143,2.8994503,9.353587,7.033546,4.0904675,4.462953,6.972726,7.035973,7.512986,3.480876,"[6.872142791748047, 2.8994503021240234, 9.35358715057373, 7.033545970916748, 4.09046745300293, 4.462953090667725, 6.972725868225098, 7.035973072052002, 7.512986183166504, 3.4808759689331055]",3.0302885,-3.9916048,2,"[6.8363514 2.8741455 9.481334  6.758397  4.156641  4.434169  6.7097034
 6.9165583 7.639739  3.608533 ]",0.4636358373423,Sneak inside without the ticket.
438,7167,126,7,Sneak in,pg,2.0,12.3333333333333,Darya is on her way to a concert with her friends. As they approach the entrance her friend Ted realizes he forgot his ticket at his house. The concert is about to start and Ted would likely miss most of the concert if he returned to his house for his ticket.,is on way to a concert with friends . As approach the entrance friend Ted realizes forgot ticket at house . The concert is about to start and Ted likely miss most of the concert if returned to house for ticket . : Sneak in,7.023658,2.9403808,9.492862,6.8699064,3.9839506,4.3993177,6.8586826,6.9847035,7.5565867,3.421573,"[7.02365779876709, 2.940380811691284, 9.4928617477417, 6.869906425476074, 3.983950614929199, 4.399317741394043, 6.858682632446289, 6.984703540802002, 7.556586742401123, 3.4215729236602783]",2.8708496,-4.3914948,2,"[6.8363514 2.8741455 9.481334  6.758397  4.156641  4.434169  6.7097034
 6.9165583 7.639739  3.608533 ]",0.3895914693988665,Sneak inside without the ticket.
439,7168,138,7,She could try to sneak Ted in.,pg,2.0,11.6666666666667,Darya is on her way to a concert with her friends. As they approach the entrance her friend Ted realizes he forgot his ticket at his house. The concert is about to start and Ted would likely miss most of the concert if he returned to his house for his ticket.,is on way to a concert with friends . As approach the entrance friend Ted realizes forgot ticket at house . The concert is about to start and Ted likely miss most of the concert if returned to house for ticket . : try to sneak Ted in .,6.693595,2.7814307,9.551497,6.5987496,4.297265,4.446832,6.4836173,6.8535805,7.796875,3.785932,"[6.693594932556152, 2.781430721282959, 9.551497459411621, 6.59874963760376, 4.29726505279541, 4.446832180023193, 6.483617305755615, 6.853580474853516, 7.796875, 3.7859320640563965]",3.7211711,-4.178224,2,"[6.8363514 2.8741455 9.481334  6.758397  4.156641  4.434169  6.7097034
 6.9165583 7.639739  3.608533 ]",0.4365369411676621,Sneak inside without the ticket.
440,7169,166,7,lie to the people at the entrance,pg,2.0,40.6666666666667,Darya is on her way to a concert with her friends. As they approach the entrance her friend Ted realizes he forgot his ticket at his house. The concert is about to start and Ted would likely miss most of the concert if he returned to his house for his ticket.,is on way to a concert with friends . As approach the entrance friend Ted realizes forgot ticket at house . The concert is about to start and Ted likely miss most of the concert if returned to house for ticket . : lie to the people at the entrance,6.4366574,1.7746289,10.750793,4.711007,5.787435,3.0995903,7.926902,2.7956429,5.070043,3.4161952,"[6.436657428741455, 1.7746288776397705, 10.75079345703125, 4.711007118225098, 5.787435054779053, 3.099590301513672, 7.926901817321777, 2.795642852783203, 5.070043087005615, 3.4161951541900635]",3.496086,1.044804,6,"[ 6.265687   1.6498485 10.972007   4.614988   5.8489113  2.325574
  8.286291   2.8224268  4.7236633  3.9598396]",1.118589747033702,Decide not to go to concert and instead hang out with Ted.
441,7170,167,7,sneak in,pg,2.0,1.66666666666667,Darya is on her way to a concert with her friends. As they approach the entrance her friend Ted realizes he forgot his ticket at his house. The concert is about to start and Ted would likely miss most of the concert if he returned to his house for his ticket.,is on way to a concert with friends . As approach the entrance friend Ted realizes forgot ticket at house . The concert is about to start and Ted likely miss most of the concert if returned to house for ticket . : sneak in,7.041485,2.9709718,9.484861,6.855251,3.9632545,4.417067,6.8610587,7.000002,7.556165,3.4029746,"[7.041484832763672, 2.9709718227386475, 9.484861373901367, 6.855250835418701, 3.963254451751709, 4.417067050933838, 6.861058712005615, 7.000001907348633, 7.5561652183532715, 3.4029746055603027]",2.8866546,-4.3781705,2,"[6.8363514 2.8741455 9.481334  6.758397  4.156641  4.434169  6.7097034
 6.9165583 7.639739  3.608533 ]",0.42148432747147585,Sneak inside without the ticket.
442,7171,188,7,Sneak in the theater.,pg,2.0,6.33333333333333,Darya is on her way to a concert with her friends. As they approach the entrance her friend Ted realizes he forgot his ticket at his house. The concert is about to start and Ted would likely miss most of the concert if he returned to his house for his ticket.,is on way to a concert with friends . As approach the entrance friend Ted realizes forgot ticket at house . The concert is about to start and Ted likely miss most of the concert if returned to house for ticket . : Sneak in the theater .,6.9242516,2.9094915,9.47436,6.8244524,4.0696125,4.4229174,6.7753267,6.9688497,7.619922,3.514959,"[6.924251556396484, 2.909491539001465, 9.474360466003418, 6.8244524002075195, 4.069612503051758, 4.422917366027832, 6.775326728820801, 6.9688496589660645, 7.619922161102295, 3.5149590969085693]",3.2388873,-4.2224317,2,"[6.8363514 2.8741455 9.481334  6.758397  4.156641  4.434169  6.7097034
 6.9165583 7.639739  3.608533 ]",0.19307469035857033,Sneak inside without the ticket.
443,7172,191,7,Try to figure out a way to sneak Ted into the concert,pg,2.0,63.3333333333333,Darya is on her way to a concert with her friends. As they approach the entrance her friend Ted realizes he forgot his ticket at his house. The concert is about to start and Ted would likely miss most of the concert if he returned to his house for his ticket.,is on way to a concert with friends . As approach the entrance friend Ted realizes forgot ticket at house . The concert is about to start and Ted likely miss most of the concert if returned to house for ticket . : Try to figure out a way to sneak Ted into the concert,6.7565002,2.8442786,9.542575,6.504794,4.267819,4.4432592,6.4315653,6.844379,7.8010902,3.7732022,"[6.756500244140625, 2.844278573989868, 9.542574882507324, 6.504794120788574, 4.267818927764893, 4.443259239196777, 6.431565284729004, 6.84437894821167, 7.801090240478516, 3.7732021808624268]",3.6838794,-4.3132644,2,"[6.8363514 2.8741455 9.481334  6.758397  4.156641  4.434169  6.7097034
 6.9165583 7.639739  3.608533 ]",0.47275493461202195,Sneak inside without the ticket.
444,7173,115,7,They could sneak in.,pg,3.0,10.6666666666667,Darya is on her way to a concert with her friends. As they approach the entrance her friend Ted realizes he forgot his ticket at his house. The concert is about to start and Ted would likely miss most of the concert if he returned to his house for his ticket.,is on way to a concert with friends . As approach the entrance friend Ted realizes forgot ticket at house . The concert is about to start and Ted likely miss most of the concert if returned to house for ticket . : sneak in .,7.0196,2.9677973,9.454152,6.900057,3.9820054,4.4240966,6.888646,7.0060396,7.557943,3.4277446,"[7.019599914550781, 2.96779727935791, 9.45415210723877, 6.900056838989258, 3.9820053577423096, 4.424096584320068, 6.888646125793457, 7.006039619445801, 7.557942867279053, 3.4277446269989014]",3.030426,-4.242285,2,"[6.8363514 2.8741455 9.481334  6.758397  4.156641  4.434169  6.7097034
 6.9165583 7.639739  3.608533 ]",0.41612313833046394,Sneak inside without the ticket.
445,7174,123,7,Try to sneak Ted into the concert,pg,3.0,2.0,Darya is on her way to a concert with her friends. As they approach the entrance her friend Ted realizes he forgot his ticket at his house. The concert is about to start and Ted would likely miss most of the concert if he returned to his house for his ticket.,is on way to a concert with friends . As approach the entrance friend Ted realizes forgot ticket at house . The concert is about to start and Ted likely miss most of the concert if returned to house for ticket . : Try to sneak Ted into the concert,6.7801485,2.8596125,9.538121,6.4617743,4.2648196,4.4179683,6.3944616,6.818682,7.8060203,3.778165,"[6.780148506164551, 2.859612464904785, 9.538121223449707, 6.4617743492126465, 4.264819622039795, 4.417968273162842, 6.394461631774902, 6.8186821937561035, 7.806020259857178, 3.778165102005005]",3.7264266,-4.275802,2,"[6.8363514 2.8741455 9.481334  6.758397  4.156641  4.434169  6.7097034
 6.9165583 7.639739  3.608533 ]",0.5214657947298398,Sneak inside without the ticket.
446,7175,132,7,Use her ticket to get in and then see if Ted can use the same ticket,pg,3.0,32.3333333333333,Darya is on her way to a concert with her friends. As they approach the entrance her friend Ted realizes he forgot his ticket at his house. The concert is about to start and Ted would likely miss most of the concert if he returned to his house for his ticket.,is on way to a concert with friends . As approach the entrance friend Ted realizes forgot ticket at house . The concert is about to start and Ted likely miss most of the concert if returned to house for ticket . : Use ticket to get in and then see if Ted can use the same ticket,6.2779183,1.7037247,10.483525,4.9549556,5.694553,3.295633,8.477282,3.5474021,4.5017796,4.118861,"[6.277918338775635, 1.70372474193573, 10.483525276184082, 4.954955577850342, 5.694552898406982, 3.29563307762146, 8.47728157043457, 3.5474021434783936, 4.501779556274414, 4.118861198425293]",1.9201758,2.8721797,1,"[ 6.5916095  1.8438394 10.823863   5.022656   5.6287236  2.7807322
  8.377738   3.243035   4.359949   4.1942124]",0.7976501425741916,"I would return with him for his ticket and we would see what we could of the concert together. If that were not an option, I would sell my ticket to someone outside of the theater and take the loss. I would not want to go alone, without my friend. That would be unkind to my friend and not very much fun for me either."
447,7176,143,7,she could try to sneak him in a side door,pg,3.0,6.66666666666667,Darya is on her way to a concert with her friends. As they approach the entrance her friend Ted realizes he forgot his ticket at his house. The concert is about to start and Ted would likely miss most of the concert if he returned to his house for his ticket.,is on way to a concert with friends . As approach the entrance friend Ted realizes forgot ticket at house . The concert is about to start and Ted likely miss most of the concert if returned to house for ticket . : try to sneak in a side door,6.803801,2.9205232,9.330569,7.0087714,4.1254773,4.506801,6.907191,7.007713,7.564986,3.522289,"[6.8038010597229, 2.920523166656494, 9.33056926727295, 7.0087714195251465, 4.125477313995361, 4.506801128387451, 6.907190799713135, 7.0077128410339355, 7.564986228942871, 3.5222890377044678]",3.2159417,-4.010318,2,"[6.8363514 2.8741455 9.481334  6.758397  4.156641  4.434169  6.7097034
 6.9165583 7.639739  3.608533 ]",0.3939678432762054,Sneak inside without the ticket.
448,7177,149,7,Help Ted sneak in,pg,3.0,5.0,Darya is on her way to a concert with her friends. As they approach the entrance her friend Ted realizes he forgot his ticket at his house. The concert is about to start and Ted would likely miss most of the concert if he returned to his house for his ticket.,is on way to a concert with friends . As approach the entrance friend Ted realizes forgot ticket at house . The concert is about to start and Ted likely miss most of the concert if returned to house for ticket . : Help Ted sneak in,6.7055645,2.8424373,9.529072,6.50124,4.302432,4.4951878,6.421066,6.8659973,7.8302693,3.8328595,"[6.705564498901367, 2.842437267303467, 9.529071807861328, 6.501239776611328, 4.302432060241699, 4.495187759399414, 6.421065807342529, 6.865997314453125, 7.8302693367004395, 3.832859516143799]",3.7765918,-4.333043,2,"[6.8363514 2.8741455 9.481334  6.758397  4.156641  4.434169  6.7097034
 6.9165583 7.639739  3.608533 ]",0.5329072160168923,Sneak inside without the ticket.
449,7178,154,7,wait until it starts and slip in,pg,3.0,36.6666666666667,Darya is on her way to a concert with her friends. As they approach the entrance her friend Ted realizes he forgot his ticket at his house. The concert is about to start and Ted would likely miss most of the concert if he returned to his house for his ticket.,is on way to a concert with friends . As approach the entrance friend Ted realizes forgot ticket at house . The concert is about to start and Ted likely miss most of the concert if returned to house for ticket . : wait until starts and slip in,6.224749,1.7033619,10.41479,4.8957415,5.8360524,3.5309703,8.398272,3.4099207,4.4298983,4.0624537,"[6.2247490882873535, 1.7033618688583374, 10.414790153503418, 4.8957414627075195, 5.836052417755127, 3.530970335006714, 8.398271560668945, 3.4099206924438477, 4.429898262023926, 4.062453746795654]",2.0798702,3.0321016,10,"[ 6.0350957  1.7044297 10.5954275  5.2186604  6.316846   3.4331267
  8.475936   2.7918687  4.4011946  3.9598694]",0.9016536218099342,Darya and her friends could all listen to the concert from the parking lot
450,7179,155,7,See if Ted can sneak in to the concert,pg,3.0,28.3333333333333,Darya is on her way to a concert with her friends. As they approach the entrance her friend Ted realizes he forgot his ticket at his house. The concert is about to start and Ted would likely miss most of the concert if he returned to his house for his ticket.,is on way to a concert with friends . As approach the entrance friend Ted realizes forgot ticket at house . The concert is about to start and Ted likely miss most of the concert if returned to house for ticket . : See if Ted can sneak in to the concert,6.7265716,2.864966,9.414067,6.8706865,4.2256007,4.4713836,6.756436,6.9511847,7.642675,3.6894972,"[6.726571559906006, 2.8649659156799316, 9.414067268371582, 6.8706865310668945, 4.225600719451904, 4.471383571624756, 6.756435871124268, 6.9511847496032715, 7.642674922943115, 3.689497232437134]",3.394263,-3.968898,2,"[6.8363514 2.8741455 9.481334  6.758397  4.156641  4.434169  6.7097034
 6.9165583 7.639739  3.608533 ]",0.21297113600437806,Sneak inside without the ticket.
451,7180,157,7,attempt to sneak Ted in,pg,3.0,13.6666666666667,Darya is on her way to a concert with her friends. As they approach the entrance her friend Ted realizes he forgot his ticket at his house. The concert is about to start and Ted would likely miss most of the concert if he returned to his house for his ticket.,is on way to a concert with friends . As approach the entrance friend Ted realizes forgot ticket at house . The concert is about to start and Ted likely miss most of the concert if returned to house for ticket . : attempt to sneak Ted in,6.662505,2.8037515,9.576424,6.5536194,4.325199,4.4502873,6.44177,6.8343773,7.7813935,3.8336217,"[6.662505149841309, 2.8037514686584473, 9.576423645019531, 6.553619384765625, 4.325199127197266, 4.450287342071533, 6.441770076751709, 6.834377288818359, 7.781393527984619, 3.8336217403411865]",3.8298147,-4.2450714,2,"[6.8363514 2.8741455 9.481334  6.758397  4.156641  4.434169  6.7097034
 6.9165583 7.639739  3.608533 ]",0.513905118766849,Sneak inside without the ticket.
452,7181,162,7,Help sneak Ted into the concert,pg,3.0,25.0,Darya is on her way to a concert with her friends. As they approach the entrance her friend Ted realizes he forgot his ticket at his house. The concert is about to start and Ted would likely miss most of the concert if he returned to his house for his ticket.,is on way to a concert with friends . As approach the entrance friend Ted realizes forgot ticket at house . The concert is about to start and Ted likely miss most of the concert if returned to house for ticket . : Help sneak Ted into the concert,6.821469,2.8755703,9.534699,6.5237107,4.2199435,4.4316597,6.489394,6.8474154,7.764701,3.707393,"[6.821468830108643, 2.875570297241211, 9.534699440002441, 6.52371072769165, 4.219943523406982, 4.431659698486328, 6.489394187927246, 6.847415447235107, 7.764700889587402, 3.707392930984497]",3.6534016,-4.3811946,2,"[6.8363514 2.8741455 9.481334  6.758397  4.156641  4.434169  6.7097034
 6.9165583 7.639739  3.608533 ]",0.3753242409874976,Sneak inside without the ticket.
453,7182,177,7,Get into the concert with Ted without a ticket,pg,3.0,3.0,Darya is on her way to a concert with her friends. As they approach the entrance her friend Ted realizes he forgot his ticket at his house. The concert is about to start and Ted would likely miss most of the concert if he returned to his house for his ticket.,is on way to a concert with friends . As approach the entrance friend Ted realizes forgot ticket at house . The concert is about to start and Ted likely miss most of the concert if returned to house for ticket . : Get into the concert with Ted without a ticket,6.6958127,2.7676845,9.596123,6.5224085,4.3690314,4.350073,6.714604,6.6028867,7.442768,3.7263896,"[6.695812702178955, 2.7676844596862793, 9.596122741699219, 6.522408485412598, 4.3690314292907715, 4.350072860717773, 6.714603900909424, 6.60288667678833, 7.442768096923828, 3.7263896465301514]",3.6004405,-3.5209742,2,"[6.8363514 2.8741455 9.481334  6.758397  4.156641  4.434169  6.7097034
 6.9165583 7.639739  3.608533 ]",0.5506683999617112,Sneak inside without the ticket.
454,7183,194,7,He could sneak in the concert without paying,pg,3.0,21.0,Darya is on her way to a concert with her friends. As they approach the entrance her friend Ted realizes he forgot his ticket at his house. The concert is about to start and Ted would likely miss most of the concert if he returned to his house for his ticket.,is on way to a concert with friends . As approach the entrance friend Ted realizes forgot ticket at house . The concert is about to start and Ted likely miss most of the concert if returned to house for ticket . : sneak in the concert without paying,7.0122614,2.9738276,9.520089,6.7710295,3.9476454,4.3554463,6.711045,7.053696,7.684767,3.490816,"[7.012261390686035, 2.973827600479126, 9.520089149475098, 6.771029472351074, 3.947645425796509, 4.3554463386535645, 6.711044788360596, 7.053696155548096, 7.68476676940918, 3.490816116333008]",2.9145098,-4.4053907,2,"[6.8363514 2.8741455 9.481334  6.758397  4.156641  4.434169  6.7097034
 6.9165583 7.639739  3.608533 ]",0.3565278751558135,Sneak inside without the ticket.
455,7184,195,7,sneak Ted into the concert,pg,3.0,3.33333333333333,Darya is on her way to a concert with her friends. As they approach the entrance her friend Ted realizes he forgot his ticket at his house. The concert is about to start and Ted would likely miss most of the concert if he returned to his house for his ticket.,is on way to a concert with friends . As approach the entrance friend Ted realizes forgot ticket at house . The concert is about to start and Ted likely miss most of the concert if returned to house for ticket . : sneak Ted into the concert,6.8814507,2.883339,9.530422,6.512412,4.1018934,4.3831596,6.422718,6.8537602,7.720331,3.657948,"[6.881450653076172, 2.8833389282226562, 9.53042221069336, 6.512412071228027, 4.101893424987793, 4.383159637451172, 6.422718048095703, 6.853760242462158, 7.720331192016602, 3.6579480171203613]",3.5735168,-4.358738,2,"[6.8363514 2.8741455 9.481334  6.758397  4.156641  4.434169  6.7097034
 6.9165583 7.639739  3.608533 ]",0.4072802094632206,Sneak inside without the ticket.
456,7185,197,7,Darya could try to sneak Ted into the concert,pg,3.0,26.6666666666667,Darya is on her way to a concert with her friends. As they approach the entrance her friend Ted realizes he forgot his ticket at his house. The concert is about to start and Ted would likely miss most of the concert if he returned to his house for his ticket.,is on way to a concert with friends . As approach the entrance friend Ted realizes forgot ticket at house . The concert is about to start and Ted likely miss most of the concert if returned to house for ticket . : try to sneak Ted into the concert,6.8015447,2.8735516,9.534757,6.475464,4.229366,4.415054,6.4306617,6.8329806,7.7731977,3.750205,"[6.801544666290283, 2.873551607131958, 9.534756660461426, 6.4754638671875, 4.229365825653076, 4.415053844451904, 6.430661678314209, 6.832980632781982, 7.773197650909424, 3.7502050399780273]",3.9025874,-4.376411,2,"[6.8363514 2.8741455 9.481334  6.758397  4.156641  4.434169  6.7097034
 6.9165583 7.639739  3.608533 ]",0.4609805757486646,Sneak inside without the ticket.
457,7186,198,7,Try to sneak Ted in,pg,3.0,59.6666666666667,Darya is on her way to a concert with her friends. As they approach the entrance her friend Ted realizes he forgot his ticket at his house. The concert is about to start and Ted would likely miss most of the concert if he returned to his house for his ticket.,is on way to a concert with friends . As approach the entrance friend Ted realizes forgot ticket at house . The concert is about to start and Ted likely miss most of the concert if returned to house for ticket . : Try to sneak Ted in,6.7399735,2.8987117,9.514693,6.6235995,4.3038564,4.5128226,6.5290275,6.8626113,7.7657657,3.8257852,"[6.739973545074463, 2.898711681365967, 9.514693260192871, 6.623599529266357, 4.303856372833252, 4.51282262802124, 6.529027462005615, 6.862611293792725, 7.76576566696167, 3.8257851600646973]",3.5230422,-4.146514,2,"[6.8363514 2.8741455 9.481334  6.758397  4.156641  4.434169  6.7097034
 6.9165583 7.639739  3.608533 ]",0.3945498159653804,Sneak inside without the ticket.
458,7187,201,7,Try and sneak in the concert.,pg,3.0,23.3333333333333,Darya is on her way to a concert with her friends. As they approach the entrance her friend Ted realizes he forgot his ticket at his house. The concert is about to start and Ted would likely miss most of the concert if he returned to his house for his ticket.,is on way to a concert with friends . As approach the entrance friend Ted realizes forgot ticket at house . The concert is about to start and Ted likely miss most of the concert if returned to house for ticket . : Try and sneak in the concert .,6.686097,2.783631,9.450399,6.8115954,4.191996,4.398234,6.675956,6.8868203,7.690398,3.6855297,"[6.686097145080566, 2.7836310863494873, 9.450399398803711, 6.811595439910889, 4.191996097564697, 4.398233890533447, 6.675955772399902, 6.886820316314697, 7.690398216247559, 3.6855297088623047]",3.3970642,-3.9554782,2,"[6.8363514 2.8741455 9.481334  6.758397  4.156641  4.434169  6.7097034
 6.9165583 7.639739  3.608533 ]",0.21821001056589726,Sneak inside without the ticket.
459,7188,204,7,Try to sneak Ted into the concert,pg,3.0,23.0,Darya is on her way to a concert with her friends. As they approach the entrance her friend Ted realizes he forgot his ticket at his house. The concert is about to start and Ted would likely miss most of the concert if he returned to his house for his ticket.,is on way to a concert with friends . As approach the entrance friend Ted realizes forgot ticket at house . The concert is about to start and Ted likely miss most of the concert if returned to house for ticket . : Try to sneak Ted into the concert,6.763655,2.8451788,9.552949,6.4516797,4.2748747,4.4336348,6.3998685,6.822389,7.830874,3.7590036,"[6.763655185699463, 2.8451788425445557, 9.552948951721191, 6.451679706573486, 4.274874687194824, 4.4336347579956055, 6.399868488311768, 6.822389125823975, 7.830873966217041, 3.7590036392211914]",3.722757,-4.221998,2,"[6.8363514 2.8741455 9.481334  6.758397  4.156641  4.434169  6.7097034
 6.9165583 7.639739  3.608533 ]",0.5323036032458912,Sneak inside without the ticket.
460,7189,106,7,sneak in,pg,4.0,0.0,Darya is on her way to a concert with her friends. As they approach the entrance her friend Ted realizes he forgot his ticket at his house. The concert is about to start and Ted would likely miss most of the concert if he returned to his house for his ticket.,is on way to a concert with friends . As approach the entrance friend Ted realizes forgot ticket at house . The concert is about to start and Ted likely miss most of the concert if returned to house for ticket . : sneak in,6.9414945,2.9138489,9.376026,6.990633,4.0228853,4.424144,6.920127,6.99149,7.5441265,3.4350004,"[6.941494464874268, 2.913848876953125, 9.376026153564453, 6.990633010864258, 4.022885322570801, 4.4241437911987305, 6.920126914978027, 6.991489887237549, 7.544126510620117, 3.435000419616699]",2.8770986,-4.3694277,2,"[6.8363514 2.8741455 9.481334  6.758397  4.156641  4.434169  6.7097034
 6.9165583 7.639739  3.608533 ]",0.4298764630381754,Sneak inside without the ticket.
461,7190,112,7,Have friends cause a commotion and sneak in,pg,4.0,35.0,Darya is on her way to a concert with her friends. As they approach the entrance her friend Ted realizes he forgot his ticket at his house. The concert is about to start and Ted would likely miss most of the concert if he returned to his house for his ticket.,is on way to a concert with friends . As approach the entrance friend Ted realizes forgot ticket at house . The concert is about to start and Ted likely miss most of the concert if returned to house for ticket . : Have friends cause a commotion and sneak in,6.973064,2.83253,9.592662,6.8582563,4.0728345,4.312615,6.7617116,7.02326,7.644509,3.47019,"[6.973063945770264, 2.8325300216674805, 9.59266185760498, 6.8582563400268555, 4.072834491729736, 4.312614917755127, 6.761711597442627, 7.023260116577148, 7.6445088386535645, 3.4701900482177734]",2.9694705,-4.295884,2,"[6.8363514 2.8741455 9.481334  6.758397  4.156641  4.434169  6.7097034
 6.9165583 7.639739  3.608533 ]",0.3127914658924205,Sneak inside without the ticket.
462,7191,122,7,sneak in,pg,4.0,38.3333333333333,Darya is on her way to a concert with her friends. As they approach the entrance her friend Ted realizes he forgot his ticket at his house. The concert is about to start and Ted would likely miss most of the concert if he returned to his house for his ticket.,is on way to a concert with friends . As approach the entrance friend Ted realizes forgot ticket at house . The concert is about to start and Ted likely miss most of the concert if returned to house for ticket . : sneak in,7.0371823,2.9409165,9.531772,6.8211746,3.9961407,4.399863,6.816946,6.996313,7.5865273,3.4479265,"[7.037182331085205, 2.9409165382385254, 9.531771659851074, 6.821174621582031, 3.996140718460083, 4.399862766265869, 6.816946029663086, 6.996313095092773, 7.586527347564697, 3.4479265213012695]",2.9081612,-4.3598094,2,"[6.8363514 2.8741455 9.481334  6.758397  4.156641  4.434169  6.7097034
 6.9165583 7.639739  3.608533 ]",0.35313083075877766,Sneak inside without the ticket.
463,7192,164,7,She could help Ted sneak in without a ticket.,pg,4.0,16.6666666666667,Darya is on her way to a concert with her friends. As they approach the entrance her friend Ted realizes he forgot his ticket at his house. The concert is about to start and Ted would likely miss most of the concert if he returned to his house for his ticket.,is on way to a concert with friends . As approach the entrance friend Ted realizes forgot ticket at house . The concert is about to start and Ted likely miss most of the concert if returned to house for ticket . : help Ted sneak in without a ticket .,6.670873,2.789908,9.517829,6.523226,4.2828445,4.4655914,6.424802,6.87041,7.766197,3.7912514,"[6.670873165130615, 2.789907932281494, 9.517828941345215, 6.523225784301758, 4.282844543457031, 4.4655914306640625, 6.424801826477051, 6.870409965515137, 7.766197204589844, 3.7912514209747314]",3.8090904,-4.366711,2,"[6.8363514 2.8741455 9.481334  6.758397  4.156641  4.434169  6.7097034
 6.9165583 7.639739  3.608533 ]",0.4906195046894382,Sneak inside without the ticket.
464,7193,178,7,See if there is a way to sneak Ted in,pg,4.0,10.0,Darya is on her way to a concert with her friends. As they approach the entrance her friend Ted realizes he forgot his ticket at his house. The concert is about to start and Ted would likely miss most of the concert if he returned to his house for his ticket.,is on way to a concert with friends . As approach the entrance friend Ted realizes forgot ticket at house . The concert is about to start and Ted likely miss most of the concert if returned to house for ticket . : See if there is a way to sneak Ted in,6.8047056,2.8107238,9.539063,6.5932374,4.213396,4.4263644,6.491864,6.8918023,7.818796,3.740242,"[6.804705619812012, 2.8107237815856934, 9.539063453674316, 6.593237400054932, 4.213396072387695, 4.426364421844482, 6.491864204406738, 6.8918023109436035, 7.818796157836914, 3.7402420043945312]",3.6489246,-4.2664,2,"[6.8363514 2.8741455 9.481334  6.758397  4.156641  4.434169  6.7097034
 6.9165583 7.639739  3.608533 ]",0.36931259939093913,Sneak inside without the ticket.
465,7194,179,7,sneak in,pg,4.0,5.33333333333333,Darya is on her way to a concert with her friends. As they approach the entrance her friend Ted realizes he forgot his ticket at his house. The concert is about to start and Ted would likely miss most of the concert if he returned to his house for his ticket.,is on way to a concert with friends . As approach the entrance friend Ted realizes forgot ticket at house . The concert is about to start and Ted likely miss most of the concert if returned to house for ticket . : sneak in,7.0339613,2.9505548,9.500257,6.8526297,3.97816,4.398651,6.848711,6.9862795,7.562473,3.4203777,"[7.033961296081543, 2.950554847717285, 9.500256538391113, 6.852629661560059, 3.9781599044799805, 4.398651123046875, 6.848711013793945, 6.986279487609863, 7.562472820281982, 3.420377731323242]",2.8811803,-4.3799496,2,"[6.8363514 2.8741455 9.481334  6.758397  4.156641  4.434169  6.7097034
 6.9165583 7.639739  3.608533 ]",0.39089577771773104,Sneak inside without the ticket.
466,7195,180,7,Try to sneak in.,pg,4.0,6.0,Darya is on her way to a concert with her friends. As they approach the entrance her friend Ted realizes he forgot his ticket at his house. The concert is about to start and Ted would likely miss most of the concert if he returned to his house for his ticket.,is on way to a concert with friends . As approach the entrance friend Ted realizes forgot ticket at house . The concert is about to start and Ted likely miss most of the concert if returned to house for ticket . : Try to sneak in .,6.6509123,2.796336,9.368098,6.901161,4.192091,4.420483,6.7696967,6.888367,7.620525,3.6833582,"[6.650912284851074, 2.7963359355926514, 9.368098258972168, 6.901161193847656, 4.19209098815918, 4.420483112335205, 6.7696967124938965, 6.888367176055908, 7.620524883270264, 3.6833581924438477]",3.3431718,-3.965383,2,"[6.8363514 2.8741455 9.481334  6.758397  4.156641  4.434169  6.7097034
 6.9165583 7.639739  3.608533 ]",0.29232137764053717,Sneak inside without the ticket.
467,7196,181,7,try to sneak him in,pg,4.0,0.666666666666667,Darya is on her way to a concert with her friends. As they approach the entrance her friend Ted realizes he forgot his ticket at his house. The concert is about to start and Ted would likely miss most of the concert if he returned to his house for his ticket.,is on way to a concert with friends . As approach the entrance friend Ted realizes forgot ticket at house . The concert is about to start and Ted likely miss most of the concert if returned to house for ticket . : try to sneak in,6.723297,2.9030426,9.289271,7.046457,4.165149,4.4234014,6.9235563,6.978921,7.545906,3.5428936,"[6.723297119140625, 2.9030425548553467, 9.289271354675293, 7.046456813812256, 4.165149211883545, 4.423401355743408, 6.923556327819824, 6.978920936584473, 7.545906066894531, 3.542893648147583]",3.2516055,-3.9269972,2,"[6.8363514 2.8741455 9.481334  6.758397  4.156641  4.434169  6.7097034
 6.9165583 7.639739  3.608533 ]",0.44317748928573597,Sneak inside without the ticket.
468,7197,184,7,Tell Ted that they will sneak in somehow or someway.,pg,4.0,3.66666666666667,Darya is on her way to a concert with her friends. As they approach the entrance her friend Ted realizes he forgot his ticket at his house. The concert is about to start and Ted would likely miss most of the concert if he returned to his house for his ticket.,is on way to a concert with friends . As approach the entrance friend Ted realizes forgot ticket at house . The concert is about to start and Ted likely miss most of the concert if returned to house for ticket . : Tell Ted that will sneak in somehow or someway .,6.7318864,2.928829,9.534663,6.70549,4.3160906,4.5193276,6.5633764,6.8631544,7.742489,3.877357,"[6.731886386871338, 2.9288289546966553, 9.534663200378418, 6.7054901123046875, 4.3160905838012695, 4.519327640533447, 6.563376426696777, 6.863154411315918, 7.742488861083984, 3.877357006072998]",3.7614467,-4.2255406,2,"[6.8363514 2.8741455 9.481334  6.758397  4.156641  4.434169  6.7097034
 6.9165583 7.639739  3.608533 ]",0.3991366728790618,Sneak inside without the ticket.
469,7198,190,7,Darya could try to sneak Ted in around a back gate once she's inside,pg,4.0,37.3333333333333,Darya is on her way to a concert with her friends. As they approach the entrance her friend Ted realizes he forgot his ticket at his house. The concert is about to start and Ted would likely miss most of the concert if he returned to his house for his ticket.,is on way to a concert with friends . As approach the entrance friend Ted realizes forgot ticket at house . The concert is about to start and Ted likely miss most of the concert if returned to house for ticket . : try to sneak Ted in around a back gate once 's inside,6.6733785,2.8187861,9.542629,6.5824113,4.336091,4.5187283,6.458605,6.8842654,7.825786,3.8320115,"[6.6733784675598145, 2.818786144256592, 9.54262924194336, 6.582411289215088, 4.336091041564941, 4.518728256225586, 6.45860481262207, 6.884265422821045, 7.825786113739014, 3.8320114612579346]",3.8084724,-4.2374444,2,"[6.8363514 2.8741455 9.481334  6.758397  4.156641  4.434169  6.7097034
 6.9165583 7.639739  3.608533 ]",0.5023496043185702,Sneak inside without the ticket.
470,7199,199,7,Try to sneak in.,pg,4.0,31.3333333333333,Darya is on her way to a concert with her friends. As they approach the entrance her friend Ted realizes he forgot his ticket at his house. The concert is about to start and Ted would likely miss most of the concert if he returned to his house for his ticket.,is on way to a concert with friends . As approach the entrance friend Ted realizes forgot ticket at house . The concert is about to start and Ted likely miss most of the concert if returned to house for ticket . : Try to sneak in .,6.6237664,2.7850401,9.384444,6.9086266,4.222032,4.401446,6.7517567,6.8649087,7.621756,3.7380638,"[6.6237664222717285, 2.7850401401519775, 9.384444236755371, 6.908626556396484, 4.222032070159912, 4.4014458656311035, 6.75175666809082, 6.864908695220947, 7.621756076812744, 3.7380638122558594]",3.4330356,-3.9329236,2,"[6.8363514 2.8741455 9.481334  6.758397  4.156641  4.434169  6.7097034
 6.9165583 7.639739  3.608533 ]",0.3346239340702495,Sneak inside without the ticket.
471,7200,203,7,try to sneak in past security,pg,4.0,40.0,Darya is on her way to a concert with her friends. As they approach the entrance her friend Ted realizes he forgot his ticket at his house. The concert is about to start and Ted would likely miss most of the concert if he returned to his house for his ticket.,is on way to a concert with friends . As approach the entrance friend Ted realizes forgot ticket at house . The concert is about to start and Ted likely miss most of the concert if returned to house for ticket . : try to sneak in past security,6.7831483,2.871683,9.353702,7.0094123,4.149787,4.4648237,6.9275618,7.011178,7.5456038,3.5475576,"[6.783148288726807, 2.87168288230896, 9.3537015914917, 7.0094122886657715, 4.149786949157715, 4.4648237228393555, 6.9275617599487305, 7.011178016662598, 7.5456037521362305, 3.5475575923919678]",2.9860544,-3.9351704,2,"[6.8363514 2.8741455 9.481334  6.758397  4.156641  4.434169  6.7097034
 6.9165583 7.639739  3.608533 ]",0.39002116188252833,Sneak inside without the ticket.
472,7201,106,7,lie,pg,5.0,1.0,Darya is on her way to a concert with her friends. As they approach the entrance her friend Ted realizes he forgot his ticket at his house. The concert is about to start and Ted would likely miss most of the concert if he returned to his house for his ticket.,is on way to a concert with friends . As approach the entrance friend Ted realizes forgot ticket at house . The concert is about to start and Ted likely miss most of the concert if returned to house for ticket . : lie,6.4383144,1.7979753,10.79849,4.8632503,5.97989,3.2533727,7.998026,2.6053243,4.9585757,3.3704314,"[6.438314437866211, 1.7979753017425537, 10.798489570617676, 4.863250255584717, 5.979889869689941, 3.2533726692199707, 7.998025894165039, 2.6053242683410645, 4.95857572555542, 3.370431423187256]",3.691346,1.4180733,3,"[ 6.4198093  1.9720458 10.862053   5.365867   6.5569224  3.5447173
  8.288348   2.4836838  4.577658   3.5889297]",0.9985381192856406,Let him go get it and I stay there
473,7202,107,7,try to sneak him in,pg,5.0,2.0,Darya is on her way to a concert with her friends. As they approach the entrance her friend Ted realizes he forgot his ticket at his house. The concert is about to start and Ted would likely miss most of the concert if he returned to his house for his ticket.,is on way to a concert with friends . As approach the entrance friend Ted realizes forgot ticket at house . The concert is about to start and Ted likely miss most of the concert if returned to house for ticket . : try to sneak in,6.755426,2.8810563,9.325996,7.0096087,4.1562448,4.469716,6.903471,7.0091453,7.5582976,3.5690486,"[6.755425930023193, 2.881056308746338, 9.325996398925781, 7.009608745574951, 4.15624475479126, 4.4697160720825195, 6.903470993041992, 7.009145259857178, 7.558297634124756, 3.5690486431121826]",3.1321108,-3.984562,2,"[6.8363514 2.8741455 9.481334  6.758397  4.156641  4.434169  6.7097034
 6.9165583 7.639739  3.608533 ]",0.3865324752009913,Sneak inside without the ticket.
474,7203,117,7,Sneak Ted into the concert.,pg,5.0,55.3333333333333,Darya is on her way to a concert with her friends. As they approach the entrance her friend Ted realizes he forgot his ticket at his house. The concert is about to start and Ted would likely miss most of the concert if he returned to his house for his ticket.,is on way to a concert with friends . As approach the entrance friend Ted realizes forgot ticket at house . The concert is about to start and Ted likely miss most of the concert if returned to house for ticket . : Sneak Ted into the concert .,6.825333,2.8589978,9.538807,6.5890656,4.1828995,4.4268255,6.507041,6.906277,7.7590814,3.6863966,"[6.825333118438721, 2.8589978218078613, 9.538806915283203, 6.5890655517578125, 4.182899475097656, 4.426825523376465, 6.507040977478027, 6.906277179718018, 7.7590813636779785, 3.686396598815918]",3.5319035,-4.31444,2,"[6.8363514 2.8741455 9.481334  6.758397  4.156641  4.434169  6.7097034
 6.9165583 7.639739  3.608533 ]",0.3074959334464718,Sneak inside without the ticket.
475,7204,145,7,Sneak in to the concert,pg,5.0,49.0,Darya is on her way to a concert with her friends. As they approach the entrance her friend Ted realizes he forgot his ticket at his house. The concert is about to start and Ted would likely miss most of the concert if he returned to his house for his ticket.,is on way to a concert with friends . As approach the entrance friend Ted realizes forgot ticket at house . The concert is about to start and Ted likely miss most of the concert if returned to house for ticket . : Sneak in to the concert,6.9862623,2.8489416,9.588408,6.791,4.0775056,4.381926,6.798829,6.881982,7.5355597,3.4564178,"[6.986262321472168, 2.8489415645599365, 9.588408470153809, 6.790999889373779, 4.077505588531494, 4.3819260597229, 6.798829078674316, 6.88198184967041, 7.53555965423584, 3.4564177989959717]",2.8944526,-4.389363,2,"[6.8363514 2.8741455 9.481334  6.758397  4.156641  4.434169  6.7097034
 6.9165583 7.639739  3.608533 ]",0.2962422019055511,Sneak inside without the ticket.
476,7205,146,7,try and sneak him in to the concert,pg,5.0,24.6666666666667,Darya is on her way to a concert with her friends. As they approach the entrance her friend Ted realizes he forgot his ticket at his house. The concert is about to start and Ted would likely miss most of the concert if he returned to his house for his ticket.,is on way to a concert with friends . As approach the entrance friend Ted realizes forgot ticket at house . The concert is about to start and Ted likely miss most of the concert if returned to house for ticket . : try and sneak in to the concert,6.713315,2.8503525,9.353723,6.968572,4.194286,4.4669275,6.843976,6.9826527,7.601311,3.6234782,"[6.713315010070801, 2.8503525257110596, 9.35372257232666, 6.96857213973999, 4.194285869598389, 4.466927528381348, 6.843976020812988, 6.98265266418457, 7.601311206817627, 3.6234781742095947]",3.3368735,-3.966459,2,"[6.8363514 2.8741455 9.481334  6.758397  4.156641  4.434169  6.7097034
 6.9165583 7.639739  3.608533 ]",0.32054661851656774,Sneak inside without the ticket.
477,7206,159,7,Try to sneak Ted into the venue,pg,5.0,39.6666666666667,Darya is on her way to a concert with her friends. As they approach the entrance her friend Ted realizes he forgot his ticket at his house. The concert is about to start and Ted would likely miss most of the concert if he returned to his house for his ticket.,is on way to a concert with friends . As approach the entrance friend Ted realizes forgot ticket at house . The concert is about to start and Ted likely miss most of the concert if returned to house for ticket . : Try to sneak Ted into the venue,6.69304,2.790869,9.6121435,6.460915,4.291755,4.4310007,6.3726687,6.823736,7.8269873,3.7904317,"[6.693039894104004, 2.7908689975738525, 9.612143516540527, 6.4609150886535645, 4.291755199432373, 4.431000709533691, 6.372668743133545, 6.823736190795898, 7.826987266540527, 3.7904317378997803]",3.733508,-4.2419095,2,"[6.8363514 2.8741455 9.481334  6.758397  4.156641  4.434169  6.7097034
 6.9165583 7.639739  3.608533 ]",0.5845538524427569,Sneak inside without the ticket.
478,7207,160,7,sneak inside,pg,5.0,4.66666666666667,Darya is on her way to a concert with her friends. As they approach the entrance her friend Ted realizes he forgot his ticket at his house. The concert is about to start and Ted would likely miss most of the concert if he returned to his house for his ticket.,is on way to a concert with friends . As approach the entrance friend Ted realizes forgot ticket at house . The concert is about to start and Ted likely miss most of the concert if returned to house for ticket . : sneak inside,6.8531413,2.913822,9.358659,6.9648333,4.165023,4.50169,6.890438,7.0654707,7.5926847,3.530912,"[6.8531413078308105, 2.9138219356536865, 9.358658790588379, 6.9648332595825195, 4.165022850036621, 4.501689910888672, 6.890438079833984, 7.0654706954956055, 7.592684745788574, 3.530911922454834]",3.1783264,-4.1881857,2,"[6.8363514 2.8741455 9.481334  6.758397  4.156641  4.434169  6.7097034
 6.9165583 7.639739  3.608533 ]",0.3566925079858208,Sneak inside without the ticket.
479,7208,176,7,sneak in,pg,5.0,1.66666666666667,Darya is on her way to a concert with her friends. As they approach the entrance her friend Ted realizes he forgot his ticket at his house. The concert is about to start and Ted would likely miss most of the concert if he returned to his house for his ticket.,is on way to a concert with friends . As approach the entrance friend Ted realizes forgot ticket at house . The concert is about to start and Ted likely miss most of the concert if returned to house for ticket . : sneak in,7.112676,3.0493047,9.471122,6.846124,3.8896735,4.47791,6.9634643,7.054307,7.4961357,3.3352845,"[7.11267614364624, 3.049304723739624, 9.471121788024902, 6.846124172210693, 3.8896734714508057, 4.477910041809082, 6.963464260101318, 7.054306983947754, 7.496135711669922, 3.335284471511841]",2.8842068,-4.360951,2,"[6.8363514 2.8741455 9.481334  6.758397  4.156641  4.434169  6.7097034
 6.9165583 7.639739  3.608533 ]",0.6055388361891966,Sneak inside without the ticket.
480,7209,186,7,Go inside with everyone else. Meet outside at smoking section with ticket stub from friend who is already inside.,pg,5.0,28.3333333333333,Darya is on her way to a concert with her friends. As they approach the entrance her friend Ted realizes he forgot his ticket at his house. The concert is about to start and Ted would likely miss most of the concert if he returned to his house for his ticket.,is on way to a concert with friends . As approach the entrance friend Ted realizes forgot ticket at house . The concert is about to start and Ted likely miss most of the concert if returned to house for ticket . : Go inside with everyone else . Meet outside at smoking section with ticket stub from friend who is already inside .,6.0909863,1.6745391,10.273198,4.757463,5.892574,3.802778,8.131706,3.0388734,4.463894,3.96265,"[6.090986251831055, 1.6745390892028809, 10.273198127746582, 4.757462978363037, 5.892573833465576, 3.8027780055999756, 8.131706237792969, 3.0388734340667725, 4.463893890380859, 3.9626500606536865]",2.3526354,3.1981204,10,"[ 6.0350957  1.7044297 10.5954275  5.2186604  6.316846   3.4331267
  8.475936   2.7918687  4.4011946  3.9598694]",0.9058947220963186,Darya and her friends could all listen to the concert from the parking lot
481,7813,121,7,call the venue and ask if his ticket is on file,pg,1.0,98.6666666666667,Darya is on her way to a concert with her friends. As they approach the entrance her friend Ted realizes he forgot his ticket at his house. The concert is about to start and Ted would likely miss most of the concert if he returned to his house for his ticket.,is on way to a concert with friends . As approach the entrance friend Ted realizes forgot ticket at house . The concert is about to start and Ted likely miss most of the concert if returned to house for ticket . : call the venue and ask if ticket is on file,5.7765512,1.5260731,9.789611,4.464202,6.5657325,4.904586,8.253211,2.7126534,4.4642763,3.3204482,"[5.776551246643066, 1.5260730981826782, 9.789610862731934, 4.464201927185059, 6.565732479095459, 4.904585838317871, 8.25321102142334, 2.712653398513794, 4.464276313781738, 3.320448160171509]",2.654241,5.041724,7,"[ 6.0744877  1.6136857 10.175958   4.596031   6.4566236  4.374307
  8.231861   2.6766467  4.3928285  3.4267533]",0.7578542242628702,I would wait for my friend to retrieve the ticket himself or have someone bring the ticket to him.
482,7814,126,7,Talk to the front office to try to get in anyway,pg,1.0,100.0,Darya is on her way to a concert with her friends. As they approach the entrance her friend Ted realizes he forgot his ticket at his house. The concert is about to start and Ted would likely miss most of the concert if he returned to his house for his ticket.,is on way to a concert with friends . As approach the entrance friend Ted realizes forgot ticket at house . The concert is about to start and Ted likely miss most of the concert if returned to house for ticket . : Talk to the front office to try to get in anyway,6.1888223,1.7711442,10.061148,5.0236654,5.6940255,4.0900064,8.088998,3.7210302,4.9183397,3.8318856,"[6.188822269439697, 1.771144151687622, 10.061147689819336, 5.023665428161621, 5.69402551651001, 4.090006351470947, 8.088997840881348, 3.7210302352905273, 4.918339729309082, 3.831885576248169]",3.1559126,-3.1917193,7,"[ 6.0744877  1.6136857 10.175958   4.596031   6.4566236  4.374307
  8.231861   2.6766467  4.3928285  3.4267533]",1.564526053453846,I would wait for my friend to retrieve the ticket himself or have someone bring the ticket to him.
483,7815,186,7,Go to the ticket window and see if they can print him a new ticket.,pg,1.0,85.0,Darya is on her way to a concert with her friends. As they approach the entrance her friend Ted realizes he forgot his ticket at his house. The concert is about to start and Ted would likely miss most of the concert if he returned to his house for his ticket.,is on way to a concert with friends . As approach the entrance friend Ted realizes forgot ticket at house . The concert is about to start and Ted likely miss most of the concert if returned to house for ticket . : Go to the ticket window and see if can print a new ticket .,5.580557,1.7069149,9.490749,3.9160767,6.587016,5.2956963,8.149341,2.8512225,4.562335,2.9257827,"[5.580556869506836, 1.7069149017333984, 9.49074935913086, 3.91607666015625, 6.5870161056518555, 5.295696258544922, 8.149340629577637, 2.851222515106201, 4.562335014343262, 2.9257826805114746]",1.9786983,5.2195296,0,"[5.3655806 1.2702221 9.198152  3.5741282 6.570315  5.561966  8.121828
 2.7489474 4.534417  2.9537492]",0.7234741422037656,Look for anyone selling tickets
484,7816,116,7,Ask if the front office can pull his purchase info,pg,2.0,71.0,Darya is on her way to a concert with her friends. As they approach the entrance her friend Ted realizes he forgot his ticket at his house. The concert is about to start and Ted would likely miss most of the concert if he returned to his house for his ticket.,is on way to a concert with friends . As approach the entrance friend Ted realizes forgot ticket at house . The concert is about to start and Ted likely miss most of the concert if returned to house for ticket . : Ask if the front office can pull purchase info,5.6257615,1.3260853,9.5453205,4.0767455,6.4435616,5.090776,8.149588,2.745927,4.520929,3.2479346,"[5.62576150894165, 1.3260853290557861, 9.545320510864258, 4.076745510101318, 6.443561553955078, 5.090775966644287, 8.149587631225586, 2.745927095413208, 4.520928859710693, 3.247934579849243]",2.3610778,5.4152822,0,"[5.3655806 1.2702221 9.198152  3.5741282 6.570315  5.561966  8.121828
 2.7489474 4.534417  2.9537492]",0.8772447774984897,Look for anyone selling tickets
485,7817,149,7,Ask the venue for help,pg,2.0,100.0,Darya is on her way to a concert with her friends. As they approach the entrance her friend Ted realizes he forgot his ticket at his house. The concert is about to start and Ted would likely miss most of the concert if he returned to his house for his ticket.,is on way to a concert with friends . As approach the entrance friend Ted realizes forgot ticket at house . The concert is about to start and Ted likely miss most of the concert if returned to house for ticket . : Ask the venue for help,5.7415013,1.4699048,9.70027,4.3455725,6.4517813,4.94516,8.196078,2.7802746,4.5310636,3.33038,"[5.741501331329346, 1.4699047803878784, 9.70026969909668, 4.345572471618652, 6.451781272888184, 4.945159912109375, 8.196078300476074, 2.7802746295928955, 4.531063556671143, 3.3303799629211426]",2.6160226,5.098952,7,"[ 6.0744877  1.6136857 10.175958   4.596031   6.4566236  4.374307
  8.231861   2.6766467  4.3928285  3.4267533]",0.8870590327164639,I would wait for my friend to retrieve the ticket himself or have someone bring the ticket to him.
486,7818,159,7,"Talk to box office, explain you're all sitting together but forgot one ticket",pg,2.0,84.6666666666667,Darya is on her way to a concert with her friends. As they approach the entrance her friend Ted realizes he forgot his ticket at his house. The concert is about to start and Ted would likely miss most of the concert if he returned to his house for his ticket.,"is on way to a concert with friends . As approach the entrance friend Ted realizes forgot ticket at house . The concert is about to start and Ted likely miss most of the concert if returned to house for ticket . : Talk to box office , explain 're all sitting together but forgot one ticket",5.3097177,1.1911256,9.348222,3.8668296,6.3952003,5.137437,8.198136,2.9169948,4.7481027,3.1131778,"[5.309717655181885, 1.1911256313323975, 9.348221778869629, 3.8668296337127686, 6.395200252532959, 5.137436866760254, 8.198136329650879, 2.91699481010437, 4.74810266494751, 3.11317777633667]",1.9696718,5.447527,0,"[5.3655806 1.2702221 9.198152  3.5741282 6.570315  5.561966  8.121828
 2.7489474 4.534417  2.9537492]",0.6584861907756869,Look for anyone selling tickets
487,7819,199,7,Try to explain the story to the venue.,pg,2.0,79.6666666666667,Darya is on her way to a concert with her friends. As they approach the entrance her friend Ted realizes he forgot his ticket at his house. The concert is about to start and Ted would likely miss most of the concert if he returned to his house for his ticket.,is on way to a concert with friends . As approach the entrance friend Ted realizes forgot ticket at house . The concert is about to start and Ted likely miss most of the concert if returned to house for ticket . : Try to explain the story to the venue .,5.865337,1.6472749,9.85395,4.5981846,6.403687,4.6966867,8.203205,2.8861287,4.61008,3.436033,"[5.865336894989014, 1.6472748517990112, 9.853949546813965, 4.598184585571289, 6.403687000274658, 4.696686744689941, 8.203205108642578, 2.8861286640167236, 4.610079765319824, 3.436033010482788]",2.699055,4.8296046,7,"[ 6.0744877  1.6136857 10.175958   4.596031   6.4566236  4.374307
  8.231861   2.6766467  4.3928285  3.4267533]",0.5893090299288659,I would wait for my friend to retrieve the ticket himself or have someone bring the ticket to him.
488,7820,107,7,see if he has proof of buying it on his phone to show an usher,pg,3.0,76.0,Darya is on her way to a concert with her friends. As they approach the entrance her friend Ted realizes he forgot his ticket at his house. The concert is about to start and Ted would likely miss most of the concert if he returned to his house for his ticket.,is on way to a concert with friends . As approach the entrance friend Ted realizes forgot ticket at house . The concert is about to start and Ted likely miss most of the concert if returned to house for ticket . : see if has proof of buying on phone to show an usher,5.6736326,1.4104041,9.645469,4.230397,6.44008,4.9395914,8.195996,2.776805,4.542041,3.294315,"[5.673632621765137, 1.410404086112976, 9.645468711853027, 4.2303972244262695, 6.440080165863037, 4.939591407775879, 8.195996284484863, 2.7768049240112305, 4.542040824890137, 3.2943150997161865]",2.4117184,5.2483487,7,"[ 6.0744877  1.6136857 10.175958   4.596031   6.4566236  4.374307
  8.231861   2.6766467  4.3928285  3.4267533]",0.9940106002898657,I would wait for my friend to retrieve the ticket himself or have someone bring the ticket to him.
489,7821,109,7,Tell security you lost your ticket,pg,3.0,81.6666666666667,Darya is on her way to a concert with her friends. As they approach the entrance her friend Ted realizes he forgot his ticket at his house. The concert is about to start and Ted would likely miss most of the concert if he returned to his house for his ticket.,is on way to a concert with friends . As approach the entrance friend Ted realizes forgot ticket at house . The concert is about to start and Ted likely miss most of the concert if returned to house for ticket . : Tell security lost ticket,6.154944,1.7503248,10.025421,4.9163685,5.757033,4.1364355,8.036709,3.6147683,4.9855666,3.7102895,"[6.154943943023682, 1.7503248453140259, 10.025421142578125, 4.91636848449707, 5.757032871246338, 4.136435508728027, 8.03670883178711, 3.6147682666778564, 4.98556661605835, 3.710289478302002]",2.968527,-2.927706,7,"[ 6.0744877  1.6136857 10.175958   4.596031   6.4566236  4.374307
  8.231861   2.6766467  4.3928285  3.4267533]",1.4304958909884642,I would wait for my friend to retrieve the ticket himself or have someone bring the ticket to him.
490,7822,186,7,Explain to the ticket taker that Ted forgot his ticket.,pg,3.0,81.6666666666667,Darya is on her way to a concert with her friends. As they approach the entrance her friend Ted realizes he forgot his ticket at his house. The concert is about to start and Ted would likely miss most of the concert if he returned to his house for his ticket.,is on way to a concert with friends . As approach the entrance friend Ted realizes forgot ticket at house . The concert is about to start and Ted likely miss most of the concert if returned to house for ticket . : Explain to the ticket taker that Ted forgot ticket .,6.105009,1.7891457,10.165477,4.877054,6.4689116,4.3594546,8.247328,2.861645,4.6957316,3.3841822,"[6.105009078979492, 1.7891457080841064, 10.16547679901123, 4.877054214477539, 6.468911647796631, 4.35945463180542, 8.24732780456543, 2.861644983291626, 4.6957316398620605, 3.3841822147369385]",3.1805797,4.388765,7,"[ 6.0744877  1.6136857 10.175958   4.596031   6.4566236  4.374307
  8.231861   2.6766467  4.3928285  3.4267533]",0.48908011006271135,I would wait for my friend to retrieve the ticket himself or have someone bring the ticket to him.
491,7823,202,7,help Ted get another way to show he has a ticket,pg,3.0,80.0,Darya is on her way to a concert with her friends. As they approach the entrance her friend Ted realizes he forgot his ticket at his house. The concert is about to start and Ted would likely miss most of the concert if he returned to his house for his ticket.,is on way to a concert with friends . As approach the entrance friend Ted realizes forgot ticket at house . The concert is about to start and Ted likely miss most of the concert if returned to house for ticket . : help Ted get another way to show has a ticket,6.1339946,1.7302902,10.227498,4.722454,6.621089,4.4109254,8.290642,2.7511845,4.5387034,3.2639916,"[6.1339945793151855, 1.730290174484253, 10.227498054504395, 4.722454071044922, 6.621088981628418, 4.410925388336182, 8.290641784667969, 2.7511844635009766, 4.538703441619873, 3.263991594314575]",3.1000295,4.5239105,7,"[ 6.0744877  1.6136857 10.175958   4.596031   6.4566236  4.374307
  8.231861   2.6766467  4.3928285  3.4267533]",0.3477765297837087,I would wait for my friend to retrieve the ticket himself or have someone bring the ticket to him.
492,7824,142,7,Go to the ticket office and see if they can help. ,pg,4.0,100.0,Darya is on her way to a concert with her friends. As they approach the entrance her friend Ted realizes he forgot his ticket at his house. The concert is about to start and Ted would likely miss most of the concert if he returned to his house for his ticket.,is on way to a concert with friends . As approach the entrance friend Ted realizes forgot ticket at house . The concert is about to start and Ted likely miss most of the concert if returned to house for ticket . : Go to the ticket office and see if can help .,6.198268,1.9276595,10.34195,5.1104045,6.702839,4.4222474,8.255698,2.6477082,4.5563626,3.3758435,"[6.198267936706543, 1.927659511566162, 10.341950416564941, 5.1104044914245605, 6.702838897705078, 4.422247409820557, 8.255698204040527, 2.6477081775665283, 4.556362628936768, 3.3758435249328613]",3.3841724,3.9125524,7,"[ 6.0744877  1.6136857 10.175958   4.596031   6.4566236  4.374307
  8.231861   2.6766467  4.3928285  3.4267533]",0.7068915799908849,I would wait for my friend to retrieve the ticket himself or have someone bring the ticket to him.
493,7825,157,7,try and explain to security that Ted forgot his ticket,pg,4.0,49.6666666666667,Darya is on her way to a concert with her friends. As they approach the entrance her friend Ted realizes he forgot his ticket at his house. The concert is about to start and Ted would likely miss most of the concert if he returned to his house for his ticket.,is on way to a concert with friends . As approach the entrance friend Ted realizes forgot ticket at house . The concert is about to start and Ted likely miss most of the concert if returned to house for ticket . : try and explain to security that Ted forgot ticket,6.141353,1.7505238,9.99956,4.9641848,5.673056,4.132849,7.982289,3.7036183,5.0922213,3.6985,"[6.141353130340576, 1.7505238056182861, 9.999560356140137, 4.964184761047363, 5.673056125640869, 4.132849216461182, 7.982288837432861, 3.703618288040161, 5.092221260070801, 3.698499917984009]",3.0280135,-3.073524,7,"[ 6.0744877  1.6136857 10.175958   4.596031   6.4566236  4.374307
  8.231861   2.6766467  4.3928285  3.4267533]",1.5943908016466142,I would wait for my friend to retrieve the ticket himself or have someone bring the ticket to him.
494,7826,150,7,try to talk your way in,pg,5.0,33.0,Darya is on her way to a concert with her friends. As they approach the entrance her friend Ted realizes he forgot his ticket at his house. The concert is about to start and Ted would likely miss most of the concert if he returned to his house for his ticket.,is on way to a concert with friends . As approach the entrance friend Ted realizes forgot ticket at house . The concert is about to start and Ted likely miss most of the concert if returned to house for ticket . : try to talk way in,6.266638,1.8504993,10.126759,5.1213756,5.6890025,4.001751,8.091265,3.7599678,4.923204,3.8845155,"[6.266637802124023, 1.8504992723464966, 10.126758575439453, 5.121375560760498, 5.689002513885498, 4.001750946044922, 8.091264724731445, 3.759967803955078, 4.923203945159912, 3.8845155239105225]",3.2006571,-3.261329,10,"[ 6.0350957  1.7044297 10.5954275  5.2186604  6.316846   3.4331267
  8.475936   2.7918687  4.4011946  3.9598694]",1.5443262762723253,Darya and her friends could all listen to the concert from the parking lot
495,7827,201,7,Try and talk to security about the mistake.,pg,5.0,50.6666666666667,Darya is on her way to a concert with her friends. As they approach the entrance her friend Ted realizes he forgot his ticket at his house. The concert is about to start and Ted would likely miss most of the concert if he returned to his house for his ticket.,is on way to a concert with friends . As approach the entrance friend Ted realizes forgot ticket at house . The concert is about to start and Ted likely miss most of the concert if returned to house for ticket . : Try and talk to security about the mistake .,6.1772213,1.8086863,9.983539,4.9967837,5.762624,4.2387147,8.025294,3.6872246,4.977277,3.742616,"[6.177221298217773, 1.8086862564086914, 9.983538627624512, 4.99678373336792, 5.7626237869262695, 4.238714694976807, 8.025294303894043, 3.6872246265411377, 4.977276802062988, 3.7426159381866455]",3.083338,-3.0228899,7,"[ 6.0744877  1.6136857 10.175958   4.596031   6.4566236  4.374307
  8.231861   2.6766467  4.3928285  3.4267533]",1.5005048275846582,I would wait for my friend to retrieve the ticket himself or have someone bring the ticket to him.
496,8301,105,7,IGNORE HIM,pg,2.0,1.0,Darya is on her way to a concert with her friends. As they approach the entrance her friend Ted realizes he forgot his ticket at his house. The concert is about to start and Ted would likely miss most of the concert if he returned to his house for his ticket.,is on way to a concert with friends . As approach the entrance friend Ted realizes forgot ticket at house . The concert is about to start and Ted likely miss most of the concert if returned to house for ticket . : IGNORE HIM,6.265432,1.8080547,10.99735,4.9315295,5.7072954,2.282894,8.006034,2.7585056,4.847907,4.03326,"[6.265431880950928, 1.8080546855926514, 10.997349739074707, 4.931529521942139, 5.7072954177856445, 2.2828938961029053, 8.006033897399902, 2.7585055828094482, 4.847907066345215, 4.033259868621826]",2.8794854,0.98755866,6,"[ 6.265687   1.6498485 10.972007   4.614988   5.8489113  2.325574
  8.286291   2.8224268  4.7236633  3.9598396]",0.5012024399022523,Decide not to go to concert and instead hang out with Ted.
497,8302,147,7,Admonish him,pg,3.0,90.6666666666667,Darya is on her way to a concert with her friends. As they approach the entrance her friend Ted realizes he forgot his ticket at his house. The concert is about to start and Ted would likely miss most of the concert if he returned to his house for his ticket.,is on way to a concert with friends . As approach the entrance friend Ted realizes forgot ticket at house . The concert is about to start and Ted likely miss most of the concert if returned to house for ticket . : Admonish,6.215174,1.9068534,10.885488,5.6709657,6.546306,3.4790952,8.266122,2.4304888,4.78234,3.679503,"[6.215174198150635, 1.906853437423706, 10.88548755645752, 5.670965671539307, 6.546306133270264, 3.479095220565796, 8.266121864318848, 2.4304888248443604, 4.782340049743652, 3.6795029640197754]",4.0302787,2.5410652,3,"[ 6.4198093  1.9720458 10.862053   5.365867   6.5569224  3.5447173
  8.288348   2.4836838  4.577658   3.5889297]",0.44452306730990737,Let him go get it and I stay there
498,8303,148,7,Laugh at his stupidity,pg,3.0,33.3333333333333,Darya is on her way to a concert with her friends. As they approach the entrance her friend Ted realizes he forgot his ticket at his house. The concert is about to start and Ted would likely miss most of the concert if he returned to his house for his ticket.,is on way to a concert with friends . As approach the entrance friend Ted realizes forgot ticket at house . The concert is about to start and Ted likely miss most of the concert if returned to house for ticket . : Laugh at stupidity,6.477015,1.970684,10.990027,5.6568956,6.392985,3.640937,7.955948,2.1680832,4.7469473,3.5018392,"[6.477015018463135, 1.9706840515136719, 10.99002742767334, 5.656895637512207, 6.392984867095947, 3.640937089920044, 7.9559478759765625, 2.1680831909179688, 4.746947288513184, 3.5018391609191895]",4.45685,2.282908,3,"[ 6.4198093  1.9720458 10.862053   5.365867   6.5569224  3.5447173
  8.288348   2.4836838  4.577658   3.5889297]",0.6219489287967949,Let him go get it and I stay there
499,8304,174,7,Darya could stomp her feet and pout and get angry.,pg,3.0,55.0,Darya is on her way to a concert with her friends. As they approach the entrance her friend Ted realizes he forgot his ticket at his house. The concert is about to start and Ted would likely miss most of the concert if he returned to his house for his ticket.,is on way to a concert with friends . As approach the entrance friend Ted realizes forgot ticket at house . The concert is about to start and Ted likely miss most of the concert if returned to house for ticket . : stomp feet and pout and get angry .,6.2823915,1.8846312,10.920416,5.5548196,6.2509456,3.4682307,7.8865747,2.2610543,4.9985695,3.5739915,"[6.282391548156738, 1.8846311569213867, 10.920415878295898, 5.554819583892822, 6.250945568084717, 3.468230724334717, 7.886574745178223, 2.261054277420044, 4.998569488525391, 3.573991537094116]",4.3657513,1.9484876,3,"[ 6.4198093  1.9720458 10.862053   5.365867   6.5569224  3.5447173
  8.288348   2.4836838  4.577658   3.5889297]",0.7439634213616206,Let him go get it and I stay there
500,8305,147,7,Ignore him,pg,4.0,51.3333333333333,Darya is on her way to a concert with her friends. As they approach the entrance her friend Ted realizes he forgot his ticket at his house. The concert is about to start and Ted would likely miss most of the concert if he returned to his house for his ticket.,is on way to a concert with friends . As approach the entrance friend Ted realizes forgot ticket at house . The concert is about to start and Ted likely miss most of the concert if returned to house for ticket . : Ignore,6.253131,1.76538,11.047008,4.825207,5.644136,2.1245606,8.007874,2.7958868,4.854715,4.1066666,"[6.253130912780762, 1.7653800249099731, 11.04700756072998, 4.825207233428955, 5.64413595199585, 2.124560594558716, 8.00787353515625, 2.795886754989624, 4.854714870452881, 4.106666564941406]",2.8099756,0.9156325,6,"[ 6.265687   1.6498485 10.972007   4.614988   5.8489113  2.325574
  8.286291   2.8224268  4.7236633  3.9598396]",0.5124599410364541,Decide not to go to concert and instead hang out with Ted.
501,8306,169,7,laugh at Ted,pg,4.0,13.3333333333333,Darya is on her way to a concert with her friends. As they approach the entrance her friend Ted realizes he forgot his ticket at his house. The concert is about to start and Ted would likely miss most of the concert if he returned to his house for his ticket.,is on way to a concert with friends . As approach the entrance friend Ted realizes forgot ticket at house . The concert is about to start and Ted likely miss most of the concert if returned to house for ticket . : laugh at Ted,6.482033,1.9786872,11.004696,5.722092,6.439532,3.6718705,7.969792,2.1430717,4.736236,3.5106025,"[6.482032775878906, 1.9786871671676636, 11.004695892333984, 5.722092151641846, 6.4395318031311035, 3.671870470046997, 7.969791889190674, 2.1430716514587402, 4.736236095428467, 3.5106024742126465]",4.5798235,2.4071906,3,"[ 6.4198093  1.9720458 10.862053   5.365867   6.5569224  3.5447173
  8.288348   2.4836838  4.577658   3.5889297]",0.6556557834952477,Let him go get it and I stay there
502,8307,170,7,Admonish him,pg,4.0,96.6666666666667,Darya is on her way to a concert with her friends. As they approach the entrance her friend Ted realizes he forgot his ticket at his house. The concert is about to start and Ted would likely miss most of the concert if he returned to his house for his ticket.,is on way to a concert with friends . As approach the entrance friend Ted realizes forgot ticket at house . The concert is about to start and Ted likely miss most of the concert if returned to house for ticket . : Admonish,6.2049675,1.8950324,10.892264,5.645855,6.5275908,3.4458728,8.259159,2.4239244,4.8021903,3.6716206,"[6.204967498779297, 1.8950324058532715, 10.892264366149902, 5.645854949951172, 6.527590751647949, 3.4458727836608887, 8.259159088134766, 2.423924446105957, 4.80219030380249, 3.6716206073760986]",4.124575,2.4020774,3,"[ 6.4198093  1.9720458 10.862053   5.365867   6.5569224  3.5447173
  8.288348   2.4836838  4.577658   3.5889297]",0.45133161819061424,Let him go get it and I stay there
503,8308,173,7,get mad at Ted,pg,4.0,94.6666666666667,Darya is on her way to a concert with her friends. As they approach the entrance her friend Ted realizes he forgot his ticket at his house. The concert is about to start and Ted would likely miss most of the concert if he returned to his house for his ticket.,is on way to a concert with friends . As approach the entrance friend Ted realizes forgot ticket at house . The concert is about to start and Ted likely miss most of the concert if returned to house for ticket . : get mad at Ted,6.2848115,1.8631535,10.93861,5.497985,6.2080693,3.4038284,7.872439,2.267885,5.0225043,3.5499299,"[6.284811496734619, 1.8631534576416016, 10.938610076904297, 5.497984886169434, 6.208069324493408, 3.4038283824920654, 7.872438907623291, 2.2678849697113037, 5.0225043296813965, 3.5499298572540283]",4.3371334,1.9417996,3,"[ 6.4198093  1.9720458 10.862053   5.365867   6.5569224  3.5447173
  8.288348   2.4836838  4.577658   3.5889297]",0.7835209028237021,Let him go get it and I stay there
504,8309,174,7,"Fuck, um. Darya could clap her hand in sarcasm.",pg,4.0,11.6666666666667,Darya is on her way to a concert with her friends. As they approach the entrance her friend Ted realizes he forgot his ticket at his house. The concert is about to start and Ted would likely miss most of the concert if he returned to his house for his ticket.,"is on way to a concert with friends . As approach the entrance friend Ted realizes forgot ticket at house . The concert is about to start and Ted likely miss most of the concert if returned to house for ticket . : Fuck , um . clap hand in sarcasm .",6.4834194,1.9986349,11.037721,5.7753496,6.550376,3.6329248,8.084614,2.18162,4.6920404,3.538283,"[6.483419418334961, 1.998634934425354, 11.037720680236816, 5.7753496170043945, 6.550375938415527, 3.632924795150757, 8.084613800048828, 2.181619882583618, 4.69204044342041, 3.538283109664917]",4.6102343,2.528333,3,"[ 6.4198093  1.9720458 10.862053   5.365867   6.5569224  3.5447173
  8.288348   2.4836838  4.577658   3.5889297]",0.5995918700558144,Let him go get it and I stay there
505,8310,207,7,Kick ted out of the car immediately. ,pg,4.0,0.333333333333333,Darya is on her way to a concert with her friends. As they approach the entrance her friend Ted realizes he forgot his ticket at his house. The concert is about to start and Ted would likely miss most of the concert if he returned to his house for his ticket.,is on way to a concert with friends . As approach the entrance friend Ted realizes forgot ticket at house . The concert is about to start and Ted likely miss most of the concert if returned to house for ticket . : Kick ted out of the car immediately .,5.8439565,1.548176,10.70866,5.4084206,6.3706927,3.2914584,8.511069,2.4466,4.224194,4.0532317,"[5.843956470489502, 1.5481760501861572, 10.708660125732422, 5.408420562744141, 6.370692729949951, 3.2914583683013916, 8.511069297790527, 2.4465999603271484, 4.224194049835205, 4.053231716156006]",4.6846986,3.4997492,10,"[ 6.0350957  1.7044297 10.5954275  5.2186604  6.316846   3.4331267
  8.475936   2.7918687  4.4011946  3.9598694]",0.5415163260499242,Darya and her friends could all listen to the concert from the parking lot
506,8311,130,7,Darya could ignore Ted,pg,5.0,13.0,Darya is on her way to a concert with her friends. As they approach the entrance her friend Ted realizes he forgot his ticket at his house. The concert is about to start and Ted would likely miss most of the concert if he returned to his house for his ticket.,is on way to a concert with friends . As approach the entrance friend Ted realizes forgot ticket at house . The concert is about to start and Ted likely miss most of the concert if returned to house for ticket . : ignore Ted,6.304543,1.798253,11.038402,4.874607,5.6642356,2.1870444,8.032264,2.803506,4.803879,4.0890474,"[6.3045430183410645, 1.798253059387207, 11.03840160369873, 4.874607086181641, 5.664235591888428, 2.187044382095337, 8.03226375579834, 2.8035058975219727, 4.8038787841796875, 4.089047431945801]",2.89826,1.0132607,6,"[ 6.265687   1.6498485 10.972007   4.614988   5.8489113  2.325574
  8.286291   2.8224268  4.7236633  3.9598396]",0.48647381181734883,Decide not to go to concert and instead hang out with Ted.
507,8312,131,7,Get mad at Ted for leaving his ticket,pg,5.0,84.3333333333333,Darya is on her way to a concert with her friends. As they approach the entrance her friend Ted realizes he forgot his ticket at his house. The concert is about to start and Ted would likely miss most of the concert if he returned to his house for his ticket.,is on way to a concert with friends . As approach the entrance friend Ted realizes forgot ticket at house . The concert is about to start and Ted likely miss most of the concert if returned to house for ticket . : Get mad at Ted for leaving ticket,6.2734323,1.8596182,10.953743,5.5212092,6.1973014,3.3479378,7.8998446,2.2912543,5.0022373,3.6142724,"[6.27343225479126, 1.8596181869506836, 10.953742980957031, 5.521209239959717, 6.197301387786865, 3.347937822341919, 7.899844646453857, 2.2912542819976807, 5.002237319946289, 3.614272356033325]",4.252533,1.865873,3,"[ 6.4198093  1.9720458 10.862053   5.365867   6.5569224  3.5447173
  8.288348   2.4836838  4.577658   3.5889297]",0.7768704892776978,Let him go get it and I stay there
508,8313,156,7,They joke Ted for forgetting his ticket,pg,5.0,9.66666666666667,Darya is on her way to a concert with her friends. As they approach the entrance her friend Ted realizes he forgot his ticket at his house. The concert is about to start and Ted would likely miss most of the concert if he returned to his house for his ticket.,is on way to a concert with friends . As approach the entrance friend Ted realizes forgot ticket at house . The concert is about to start and Ted likely miss most of the concert if returned to house for ticket . : joke Ted for forgetting ticket,6.496027,1.9846183,10.973162,5.6901546,6.4217577,3.7231653,7.942427,2.1578035,4.7505627,3.4690778,"[6.496026992797852, 1.9846183061599731, 10.973161697387695, 5.690154552459717, 6.421757698059082, 3.723165273666382, 7.942427158355713, 2.157803535461426, 4.75056266784668, 3.4690778255462646]",4.5796804,2.4037793,3,"[ 6.4198093  1.9720458 10.862053   5.365867   6.5569224  3.5447173
  8.288348   2.4836838  4.577658   3.5889297]",0.6661138195431301,Let him go get it and I stay there
509,8314,166,7,yell at him,pg,5.0,46.0,Darya is on her way to a concert with her friends. As they approach the entrance her friend Ted realizes he forgot his ticket at his house. The concert is about to start and Ted would likely miss most of the concert if he returned to his house for his ticket.,is on way to a concert with friends . As approach the entrance friend Ted realizes forgot ticket at house . The concert is about to start and Ted likely miss most of the concert if returned to house for ticket . : yell at,6.300448,1.9159571,10.817561,5.5009565,6.394298,3.6855767,8.006791,2.325394,4.891778,3.498838,"[6.300447940826416, 1.9159570932388306, 10.817561149597168, 5.5009565353393555, 6.394298076629639, 3.6855766773223877, 8.006791114807129, 2.3253939151763916, 4.891777992248535, 3.498837947845459]",4.3222976,2.239235,3,"[ 6.4198093  1.9720458 10.862053   5.365867   6.5569224  3.5447173
  8.288348   2.4836838  4.577658   3.5889297]",0.5431644786881199,Let him go get it and I stay there
510,8315,169,7,punch Ted in the nose,pg,5.0,1.33333333333333,Darya is on her way to a concert with her friends. As they approach the entrance her friend Ted realizes he forgot his ticket at his house. The concert is about to start and Ted would likely miss most of the concert if he returned to his house for his ticket.,is on way to a concert with friends . As approach the entrance friend Ted realizes forgot ticket at house . The concert is about to start and Ted likely miss most of the concert if returned to house for ticket . : punch Ted in the nose,6.19867,1.7517065,10.856059,5.335278,6.016663,3.4067426,7.708439,2.3661938,5.1498327,3.507719,"[6.198669910430908, 1.7517064809799194, 10.856059074401855, 5.335278034210205, 6.016663074493408, 3.406742572784424, 7.708438873291016, 2.3661937713623047, 5.149832725524902, 3.507719039916992]",4.2622566,1.7009114,3,"[ 6.4198093  1.9720458 10.862053   5.365867   6.5569224  3.5447173
  8.288348   2.4836838  4.577658   3.5889297]",1.0456665317046634,Let him go get it and I stay there
511,8316,174,7,Darya could punch Ted in the face because Ted's messed up one too many times.,pg,5.0,1.66666666666667,Darya is on her way to a concert with her friends. As they approach the entrance her friend Ted realizes he forgot his ticket at his house. The concert is about to start and Ted would likely miss most of the concert if he returned to his house for his ticket.,is on way to a concert with friends . As approach the entrance friend Ted realizes forgot ticket at house . The concert is about to start and Ted likely miss most of the concert if returned to house for ticket . : punch Ted in the face because Ted 's messed up one too many times .,6.207213,1.7693144,10.865005,5.357403,6.050051,3.4088833,7.7342525,2.3523576,5.1413064,3.5071783,"[6.207212924957275, 1.7693144083023071, 10.865004539489746, 5.357402801513672, 6.050051212310791, 3.4088833332061768, 7.734252452850342, 2.3523576259613037, 5.141306400299072, 3.50717830657959]",4.290488,1.726761,3,"[ 6.4198093  1.9720458 10.862053   5.365867   6.5569224  3.5447173
  8.288348   2.4836838  4.577658   3.5889297]",1.0051856431230506,Let him go get it and I stay there
512,8317,182,7,Darya can yell at Ted for ruining the day.,pg,5.0,1.33333333333333,Darya is on her way to a concert with her friends. As they approach the entrance her friend Ted realizes he forgot his ticket at his house. The concert is about to start and Ted would likely miss most of the concert if he returned to his house for his ticket.,is on way to a concert with friends . As approach the entrance friend Ted realizes forgot ticket at house . The concert is about to start and Ted likely miss most of the concert if returned to house for ticket . : can yell at Ted for ruining the day .,6.338308,1.916349,10.907913,5.550231,6.3523784,3.56777,7.9825497,2.2570815,4.8991094,3.515402,"[6.338307857513428, 1.9163490533828735, 10.907913208007812, 5.550230979919434, 6.3523783683776855, 3.567770004272461, 7.982549667358398, 2.2570815086364746, 4.899109363555908, 3.51540207862854]",4.3856955,2.1390588,3,"[ 6.4198093  1.9720458 10.862053   5.365867   6.5569224  3.5447173
  8.288348   2.4836838  4.577658   3.5889297]",0.5846417985156235,Let him go get it and I stay there
513,8318,185,7,make a joke about Ted being absent-minded,pg,5.0,76.3333333333333,Darya is on her way to a concert with her friends. As they approach the entrance her friend Ted realizes he forgot his ticket at his house. The concert is about to start and Ted would likely miss most of the concert if he returned to his house for his ticket.,is on way to a concert with friends . As approach the entrance friend Ted realizes forgot ticket at house . The concert is about to start and Ted likely miss most of the concert if returned to house for ticket . : make a joke about Ted being absent-minded,6.5889397,2.0559437,10.983298,5.6660666,6.340754,3.7305071,7.892034,2.1676176,4.7380505,3.457558,"[6.588939666748047, 2.055943727493286, 10.983298301696777, 5.666066646575928, 6.34075403213501, 3.7305071353912354, 7.89203405380249, 2.1676175594329834, 4.73805046081543, 3.4575579166412354]",4.5557733,2.3514824,3,"[ 6.4198093  1.9720458 10.862053   5.365867   6.5569224  3.5447173
  8.288348   2.4836838  4.577658   3.5889297]",0.7222587908408945,Let him go get it and I stay there
514,8709,109,7,Steal a ticket,pg,1.0,22.3333333333333,Darya is on her way to a concert with her friends. As they approach the entrance her friend Ted realizes he forgot his ticket at his house. The concert is about to start and Ted would likely miss most of the concert if he returned to his house for his ticket.,is on way to a concert with friends . As approach the entrance friend Ted realizes forgot ticket at house . The concert is about to start and Ted likely miss most of the concert if returned to house for ticket . : Steal a ticket,5.7957006,3.142284,8.759483,5.402006,5.5125327,5.298152,7.2363358,6.4726872,6.789602,3.9625907,"[5.795700550079346, 3.1422839164733887, 8.759483337402344, 5.402006149291992, 5.512532711029053, 5.298151969909668, 7.236335754394531, 6.472687244415283, 6.789601802825928, 3.9625906944274902]",1.7305813,-2.2549527,9,"[5.8266516 3.1150591 8.788032  5.3806977 5.4794974 5.2691298 7.253893
 6.452407  6.7623725 3.9352636]",0.08431828916764227,steal a ticket
515,8710,167,7,steal someone elses ticket,pg,3.0,0.666666666666667,Darya is on her way to a concert with her friends. As they approach the entrance her friend Ted realizes he forgot his ticket at his house. The concert is about to start and Ted would likely miss most of the concert if he returned to his house for his ticket.,is on way to a concert with friends . As approach the entrance friend Ted realizes forgot ticket at house . The concert is about to start and Ted likely miss most of the concert if returned to house for ticket . : steal someone elses ticket,5.843683,3.097603,8.807669,5.37778,5.465256,5.2483454,7.255722,6.442931,6.7608843,3.9183748,"[5.843682765960693, 3.0976030826568604, 8.807668685913086, 5.377779960632324, 5.465256214141846, 5.248345375061035, 7.2557220458984375, 6.442931175231934, 6.7608842849731445, 3.91837477684021]",1.7460479,-2.279727,9,"[5.8266516 3.1150591 8.788032  5.3806977 5.4794974 5.2691298 7.253893
 6.452407  6.7623725 3.9352636]",0.0447693029989923,steal a ticket
516,8711,152,7,steal a ticket,pg,4.0,6.0,Darya is on her way to a concert with her friends. As they approach the entrance her friend Ted realizes he forgot his ticket at his house. The concert is about to start and Ted would likely miss most of the concert if he returned to his house for his ticket.,is on way to a concert with friends . As approach the entrance friend Ted realizes forgot ticket at house . The concert is about to start and Ted likely miss most of the concert if returned to house for ticket . : steal a ticket,5.8261538,3.1136153,8.788732,5.3752384,5.481675,5.2688026,7.25566,6.4487414,6.759964,3.9338348,"[5.826153755187988, 3.1136152744293213, 8.788731575012207, 5.375238418579102, 5.481675148010254, 5.268802642822266, 7.255660057067871, 6.448741436004639, 6.7599639892578125, 3.9338347911834717]",1.7552953,-2.2319136,9,"[5.8266516 3.1150591 8.788032  5.3806977 5.4794974 5.2691298 7.253893
 6.452407  6.7623725 3.9352636]",0.007866186613241823,steal a ticket
517,8712,188,7,Steal somone elses ticket.,pg,4.0,6.33333333333333,Darya is on her way to a concert with her friends. As they approach the entrance her friend Ted realizes he forgot his ticket at his house. The concert is about to start and Ted would likely miss most of the concert if he returned to his house for his ticket.,is on way to a concert with friends . As approach the entrance friend Ted realizes forgot ticket at house . The concert is about to start and Ted likely miss most of the concert if returned to house for ticket . : Steal somone elses ticket .,5.8348494,3.1099668,8.794068,5.378903,5.469289,5.2628355,7.2569575,6.448125,6.757042,3.9297183,"[5.8348493576049805, 3.10996675491333, 8.794068336486816, 5.378902912139893, 5.4692888259887695, 5.262835502624512, 7.256957530975342, 6.448124885559082, 6.757041931152344, 3.929718255996704]",1.7246234,-2.2606924,9,"[5.8266516 3.1150591 8.788032  5.3806977 5.4794974 5.2691298 7.253893
 6.452407  6.7623725 3.9352636]",0.019066375369486542,steal a ticket
518,8713,194,7,He could steal someone else's ticket,pg,4.0,10.3333333333333,Darya is on her way to a concert with her friends. As they approach the entrance her friend Ted realizes he forgot his ticket at his house. The concert is about to start and Ted would likely miss most of the concert if he returned to his house for his ticket.,is on way to a concert with friends . As approach the entrance friend Ted realizes forgot ticket at house . The concert is about to start and Ted likely miss most of the concert if returned to house for ticket . : steal someone else 's ticket,5.8430843,3.1018767,8.800963,5.369085,5.457414,5.256268,7.2738786,6.4446836,6.742248,3.922713,"[5.843084335327148, 3.101876735687256, 8.800963401794434, 5.36908483505249, 5.457414150238037, 5.25626802444458, 7.273878574371338, 6.44468355178833, 6.742248058319092, 3.922713041305542]",1.7436402,-2.2781763,9,"[5.8266516 3.1150591 8.788032  5.3806977 5.4794974 5.2691298 7.253893
 6.452407  6.7623725 3.9352636]",0.049199446145251985,steal a ticket
519,8714,111,7,steal a ticket,pg,5.0,12.6666666666667,Darya is on her way to a concert with her friends. As they approach the entrance her friend Ted realizes he forgot his ticket at his house. The concert is about to start and Ted would likely miss most of the concert if he returned to his house for his ticket.,is on way to a concert with friends . As approach the entrance friend Ted realizes forgot ticket at house . The concert is about to start and Ted likely miss most of the concert if returned to house for ticket . : steal a ticket,5.802743,3.1370218,8.764763,5.3981824,5.505846,5.292706,7.232227,6.4697986,6.783332,3.957287,"[5.802742958068848, 3.137021780014038, 8.764762878417969, 5.398182392120361, 5.50584602355957, 5.29270601272583, 7.232226848602295, 6.469798564910889, 6.783331871032715, 3.957287073135376]",1.7400436,-2.2718222,9,"[5.8266516 3.1150591 8.788032  5.3806977 5.4794974 5.2691298 7.253893
 6.452407  6.7623725 3.9352636]",0.06962348302857896,steal a ticket
520,8715,118,7,Steal a ticket,pg,5.0,0.0,Darya is on her way to a concert with her friends. As they approach the entrance her friend Ted realizes he forgot his ticket at his house. The concert is about to start and Ted would likely miss most of the concert if he returned to his house for his ticket.,is on way to a concert with friends . As approach the entrance friend Ted realizes forgot ticket at house . The concert is about to start and Ted likely miss most of the concert if returned to house for ticket . : Steal a ticket,5.847427,3.096535,8.807221,5.357744,5.4560227,5.250174,7.2750683,6.436877,6.735036,3.9156668,"[5.847426891326904, 3.0965349674224854, 8.807221412658691, 5.357744216918945, 5.4560227394104, 5.250174045562744, 7.275068283081055, 6.4368767738342285, 6.7350358963012695, 3.9156668186187744]",1.7272612,-2.2608836,9,"[5.8266516 3.1150591 8.788032  5.3806977 5.4794974 5.2691298 7.253893
 6.452407  6.7623725 3.9352636]",0.06634122478235137,steal a ticket
521,8716,178,7,pick the pocket of someone else's ticket,pg,5.0,2.0,Darya is on her way to a concert with her friends. As they approach the entrance her friend Ted realizes he forgot his ticket at his house. The concert is about to start and Ted would likely miss most of the concert if he returned to his house for his ticket.,is on way to a concert with friends . As approach the entrance friend Ted realizes forgot ticket at house . The concert is about to start and Ted likely miss most of the concert if returned to house for ticket . : pick the pocket of someone else 's ticket,6.100525,0.6750263,10.28049,2.694202,6.2088833,4.0866337,7.4573007,1.828486,4.7171702,2.317961,"[6.10052490234375, 0.6750262975692749, 10.280489921569824, 2.694201946258545, 6.208883285522461, 4.086633682250977, 7.457300662994385, 1.8284859657287598, 4.717170238494873, 2.3179609775543213]",0.009242448,3.355259,8,"[ 6.206129   0.8477411 10.542283   2.8365161  6.434092   3.902594
  7.6392226  1.7240117  4.5328426  2.3152208]",0.5406993990982242,She could give Ted her ticket instead.
522,8717,199,7,Steal someone else's ticket.,pg,5.0,21.6666666666667,Darya is on her way to a concert with her friends. As they approach the entrance her friend Ted realizes he forgot his ticket at his house. The concert is about to start and Ted would likely miss most of the concert if he returned to his house for his ticket.,is on way to a concert with friends . As approach the entrance friend Ted realizes forgot ticket at house . The concert is about to start and Ted likely miss most of the concert if returned to house for ticket . : Steal someone else 's ticket .,5.819573,3.121571,8.781356,5.3866444,5.487944,5.275752,7.2452936,6.455412,6.7708726,3.9419234,"[5.819572925567627, 3.1215710639953613, 8.781355857849121, 5.38664436340332, 5.48794412612915, 5.275752067565918, 7.245293617248535, 6.455411911010742, 6.770872592926025, 3.9419233798980713]",1.727108,-2.256385,9,"[5.8266516 3.1150591 8.788032  5.3806977 5.4794974 5.2691298 7.253893
 6.452407  6.7623725 3.9352636]",0.0220731415481942,steal a ticket
523,8963,133,7,stay with him,pg,1.0,54.3333333333333,Darya is on her way to a concert with her friends. As they approach the entrance her friend Ted realizes he forgot his ticket at his house. The concert is about to start and Ted would likely miss most of the concert if he returned to his house for his ticket.,is on way to a concert with friends . As approach the entrance friend Ted realizes forgot ticket at house . The concert is about to start and Ted likely miss most of the concert if returned to house for ticket . : stay with,6.2450624,1.6714327,10.903353,4.879178,6.0340176,2.634853,8.503464,2.891513,4.5492263,4.0259514,"[6.245062351226807, 1.6714327335357666, 10.903352737426758, 4.879178047180176, 6.034017562866211, 2.634852886199951, 8.503463745117188, 2.8915131092071533, 4.5492262840271, 4.025951385498047]",2.809956,1.9760131,6,"[ 6.265687   1.6498485 10.972007   4.614988   5.8489113  2.325574
  8.286291   2.8224268  4.7236633  3.9598396]",0.5404209739508621,Decide not to go to concert and instead hang out with Ted.
524,8964,118,7,Sit in the parking lot,pg,4.0,74.3333333333333,Darya is on her way to a concert with her friends. As they approach the entrance her friend Ted realizes he forgot his ticket at his house. The concert is about to start and Ted would likely miss most of the concert if he returned to his house for his ticket.,is on way to a concert with friends . As approach the entrance friend Ted realizes forgot ticket at house . The concert is about to start and Ted likely miss most of the concert if returned to house for ticket . : Sit in the parking lot,5.789767,1.5412912,10.336069,5.076183,6.348836,3.8124578,8.460964,2.784792,4.2301793,4.002531,"[5.789766788482666, 1.5412912368774414, 10.336069107055664, 5.076182842254639, 6.3488359451293945, 3.812457799911499, 8.46096420288086, 2.784791946411133, 4.230179309844971, 4.002531051635742]",2.6886356,3.5931816,10,"[ 6.0350957  1.7044297 10.5954275  5.2186604  6.316846   3.4331267
  8.475936   2.7918687  4.4011946  3.9598694]",0.5921342709827937,Darya and her friends could all listen to the concert from the parking lot
525,8965,197,7,Darya and her friends could all listen to the concert from the parking lot,pg,4.0,36.6666666666667,Darya is on her way to a concert with her friends. As they approach the entrance her friend Ted realizes he forgot his ticket at his house. The concert is about to start and Ted would likely miss most of the concert if he returned to his house for his ticket.,is on way to a concert with friends . As approach the entrance friend Ted realizes forgot ticket at house . The concert is about to start and Ted likely miss most of the concert if returned to house for ticket . : and friends all listen to the concert from the parking lot,6.0138116,1.7437505,10.455439,5.214442,6.1517973,3.6821098,8.24973,2.8276293,4.4078784,4.067712,"[6.0138115882873535, 1.7437504529953003, 10.455438613891602, 5.214441776275635, 6.151797294616699, 3.682109832763672, 8.249730110168457, 2.827629327774048, 4.407878398895264, 4.06771183013916]",2.946094,3.3498278,10,"[ 6.0350957  1.7044297 10.5954275  5.2186604  6.316846   3.4331267
  8.475936   2.7918687  4.4011946  3.9598694]",0.41829419254831784,Darya and her friends could all listen to the concert from the parking lot
526,8966,180,7,Wait in the parking lot.,pg,5.0,33.3333333333333,Darya is on her way to a concert with her friends. As they approach the entrance her friend Ted realizes he forgot his ticket at his house. The concert is about to start and Ted would likely miss most of the concert if he returned to his house for his ticket.,is on way to a concert with friends . As approach the entrance friend Ted realizes forgot ticket at house . The concert is about to start and Ted likely miss most of the concert if returned to house for ticket . : Wait in the parking lot .,5.912963,1.5990418,10.257325,4.8281326,6.247416,4.039171,8.27779,2.8773646,4.2398624,3.9141636,"[5.912962913513184, 1.5990418195724487, 10.257325172424316, 4.828132629394531, 6.247416019439697, 4.03917121887207, 8.277790069580078, 2.8773646354675293, 4.239862442016602, 3.914163589477539]",2.6376593,3.5707264,7,"[ 6.0744877  1.6136857 10.175958   4.596031   6.4566236  4.374307
  8.231861   2.6766467  4.3928285  3.4267533]",0.7390838237350824,I would wait for my friend to retrieve the ticket himself or have someone bring the ticket to him.
527,8967,203,7,listen to the concert from the parking lot,pg,5.0,76.3333333333333,Darya is on her way to a concert with her friends. As they approach the entrance her friend Ted realizes he forgot his ticket at his house. The concert is about to start and Ted would likely miss most of the concert if he returned to his house for his ticket.,is on way to a concert with friends . As approach the entrance friend Ted realizes forgot ticket at house . The concert is about to start and Ted likely miss most of the concert if returned to house for ticket . : listen to the concert from the parking lot,5.973499,1.7138263,10.39923,5.1506805,6.1441445,3.7091203,8.278446,2.8779843,4.3896236,4.0755715,"[5.973498821258545, 1.713826298713684, 10.399230003356934, 5.1506805419921875, 6.144144535064697, 3.709120273590088, 8.278446197509766, 2.8779842853546143, 4.389623641967773, 4.075571537017822]",2.812358,3.4326503,10,"[ 6.0350957  1.7044297 10.5954275  5.2186604  6.316846   3.4331267
  8.475936   2.7918687  4.4011946  3.9598694]",0.46144812669932,Darya and her friends could all listen to the concert from the parking lot
528,9169,108,7,call mom,pg,1.0,35.3333333333333,Darya is on her way to a concert with her friends. As they approach the entrance her friend Ted realizes he forgot his ticket at his house. The concert is about to start and Ted would likely miss most of the concert if he returned to his house for his ticket.,is on way to a concert with friends . As approach the entrance friend Ted realizes forgot ticket at house . The concert is about to start and Ted likely miss most of the concert if returned to house for ticket . : call mom,6.138149,1.5465311,10.298984,4.8336496,6.412027,4.1772366,8.254934,2.289576,4.317657,3.540165,"[6.138148784637451, 1.546531081199646, 10.298983573913574, 4.833649635314941, 6.412026882171631, 4.177236557006836, 8.254934310913086, 2.2895760536193848, 4.317656993865967, 3.5401649475097656]",3.1292834,3.9777956,7,"[ 6.0744877  1.6136857 10.175958   4.596031   6.4566236  4.374307
  8.231861   2.6766467  4.3928285  3.4267533]",0.5383819121601269,I would wait for my friend to retrieve the ticket himself or have someone bring the ticket to him.
529,9170,108,7,call dad,pg,2.0,42.3333333333333,Darya is on her way to a concert with her friends. As they approach the entrance her friend Ted realizes he forgot his ticket at his house. The concert is about to start and Ted would likely miss most of the concert if he returned to his house for his ticket.,is on way to a concert with friends . As approach the entrance friend Ted realizes forgot ticket at house . The concert is about to start and Ted likely miss most of the concert if returned to house for ticket . : call dad,6.1248527,1.5549276,10.287354,4.809972,6.452033,4.2280183,8.262517,2.3332257,4.311641,3.5152972,"[6.124852657318115, 1.5549275875091553, 10.287354469299316, 4.809971809387207, 6.452033042907715, 4.228018283843994, 8.262516975402832, 2.333225727081299, 4.311641216278076, 3.5152971744537354]",3.1420898,4.0792794,7,"[ 6.0744877  1.6136857 10.175958   4.596031   6.4566236  4.374307
  8.231861   2.6766467  4.3928285  3.4267533]",0.4678671102763556,I would wait for my friend to retrieve the ticket himself or have someone bring the ticket to him.
530,9171,121,7,call his family to bring it to him,pg,2.0,97.3333333333333,Darya is on her way to a concert with her friends. As they approach the entrance her friend Ted realizes he forgot his ticket at his house. The concert is about to start and Ted would likely miss most of the concert if he returned to his house for his ticket.,is on way to a concert with friends . As approach the entrance friend Ted realizes forgot ticket at house . The concert is about to start and Ted likely miss most of the concert if returned to house for ticket . : call family to bring to,6.0249305,1.4198128,10.190161,4.652184,6.4061866,4.280777,8.267484,2.306145,4.28824,3.5071523,"[6.024930477142334, 1.419812798500061, 10.190160751342773, 4.652184009552002, 6.406186580657959, 4.2807769775390625, 8.267483711242676, 2.306144952774048, 4.2882399559021, 3.5071523189544678]",2.9070063,4.2239795,7,"[ 6.0744877  1.6136857 10.175958   4.596031   6.4566236  4.374307
  8.231861   2.6766467  4.3928285  3.4267533]",0.45894723085848094,I would wait for my friend to retrieve the ticket himself or have someone bring the ticket to him.
531,9172,133,7,ask someone to bring his ticket,pg,2.0,46.3333333333333,Darya is on her way to a concert with her friends. As they approach the entrance her friend Ted realizes he forgot his ticket at his house. The concert is about to start and Ted would likely miss most of the concert if he returned to his house for his ticket.,is on way to a concert with friends . As approach the entrance friend Ted realizes forgot ticket at house . The concert is about to start and Ted likely miss most of the concert if returned to house for ticket . : ask someone to bring ticket,5.9748583,1.3497425,10.108252,4.089597,6.4770956,4.4667506,8.123203,2.4015443,4.383417,3.129085,"[5.974858283996582, 1.3497425317764282, 10.108251571655273, 4.089597225189209, 6.477095603942871, 4.466750621795654, 8.12320327758789, 2.4015443325042725, 4.383417129516602, 3.129085063934326]",2.243294,4.310475,7,"[ 6.0744877  1.6136857 10.175958   4.596031   6.4566236  4.374307
  8.231861   2.6766467  4.3928285  3.4267533]",0.7251201204348919,I would wait for my friend to retrieve the ticket himself or have someone bring the ticket to him.
532,9173,134,7,Call someone and have them bring Teds ticket,pg,2.0,86.6666666666667,Darya is on her way to a concert with her friends. As they approach the entrance her friend Ted realizes he forgot his ticket at his house. The concert is about to start and Ted would likely miss most of the concert if he returned to his house for his ticket.,is on way to a concert with friends . As approach the entrance friend Ted realizes forgot ticket at house . The concert is about to start and Ted likely miss most of the concert if returned to house for ticket . : Call someone and have bring Teds ticket,5.928962,1.3452172,10.101347,4.412744,6.336695,4.2681775,8.246298,2.4940953,4.369941,3.4356608,"[5.928962230682373, 1.345217227935791, 10.101346969604492, 4.412744045257568, 6.336695194244385, 4.268177509307861, 8.246297836303711, 2.4940953254699707, 4.369941234588623, 3.4356608390808105]",2.5386984,4.1405406,7,"[ 6.0744877  1.6136857 10.175958   4.596031   6.4566236  4.374307
  8.231861   2.6766467  4.3928285  3.4267533]",0.43840259841587326,I would wait for my friend to retrieve the ticket himself or have someone bring the ticket to him.
533,9174,185,7,call someone to bring the ticket,pg,2.0,83.3333333333333,Darya is on her way to a concert with her friends. As they approach the entrance her friend Ted realizes he forgot his ticket at his house. The concert is about to start and Ted would likely miss most of the concert if he returned to his house for his ticket.,is on way to a concert with friends . As approach the entrance friend Ted realizes forgot ticket at house . The concert is about to start and Ted likely miss most of the concert if returned to house for ticket . : call someone to bring the ticket,5.9416614,1.3583838,10.088951,4.4270196,6.407753,4.3421197,8.27593,2.4796302,4.3466234,3.4057002,"[5.941661357879639, 1.3583837747573853, 10.088951110839844, 4.4270195960998535, 6.407752990722656, 4.3421196937561035, 8.275930404663086, 2.4796302318573, 4.346623420715332, 3.405700206756592]",2.702599,4.2584734,7,"[ 6.0744877  1.6136857 10.175958   4.596031   6.4566236  4.374307
  8.231861   2.6766467  4.3928285  3.4267533]",0.4070836270903273,I would wait for my friend to retrieve the ticket himself or have someone bring the ticket to him.
534,9175,186,7,See if someone is home at Ted's house to take a picture of the ticket.,pg,2.0,73.0,Darya is on her way to a concert with her friends. As they approach the entrance her friend Ted realizes he forgot his ticket at his house. The concert is about to start and Ted would likely miss most of the concert if he returned to his house for his ticket.,is on way to a concert with friends . As approach the entrance friend Ted realizes forgot ticket at house . The concert is about to start and Ted likely miss most of the concert if returned to house for ticket . : See if someone is home at Ted 's house to take a picture of the ticket .,6.172552,1.8300432,10.169585,4.79417,6.677014,4.6465135,8.248018,2.6288092,4.354691,3.3696237,"[6.172552108764648, 1.8300431966781616, 10.169585227966309, 4.794169902801514, 6.677013874053955, 4.64651346206665, 8.248018264770508, 2.6288092136383057, 4.354691028594971, 3.3696236610412598]",3.232664,4.600791,7,"[ 6.0744877  1.6136857 10.175958   4.596031   6.4566236  4.374307
  8.231861   2.6766467  4.3928285  3.4267533]",0.47503962698516705,I would wait for my friend to retrieve the ticket himself or have someone bring the ticket to him.
535,9176,187,7,Call someone at home to help deliver it,pg,2.0,98.0,Darya is on her way to a concert with her friends. As they approach the entrance her friend Ted realizes he forgot his ticket at his house. The concert is about to start and Ted would likely miss most of the concert if he returned to his house for his ticket.,is on way to a concert with friends . As approach the entrance friend Ted realizes forgot ticket at house . The concert is about to start and Ted likely miss most of the concert if returned to house for ticket . : Call someone at home to help deliver,6.0793443,1.4013978,10.194355,4.3743134,6.488248,4.394338,8.2107,2.3361845,4.250669,3.3168461,"[6.079344272613525, 1.4013978242874146, 10.194355010986328, 4.3743133544921875, 6.488247871398926, 4.394338130950928, 8.210700035095215, 2.336184501647949, 4.250669002532959, 3.3168461322784424]",2.7927115,4.2305393,7,"[ 6.0744877  1.6136857 10.175958   4.596031   6.4566236  4.374307
  8.231861   2.6766467  4.3928285  3.4267533]",0.49461049117185524,I would wait for my friend to retrieve the ticket himself or have someone bring the ticket to him.
536,9177,206,7,Ask Ted to call a friend to bring the ticket.,pg,2.0,83.3333333333333,Darya is on her way to a concert with her friends. As they approach the entrance her friend Ted realizes he forgot his ticket at his house. The concert is about to start and Ted would likely miss most of the concert if he returned to his house for his ticket.,is on way to a concert with friends . As approach the entrance friend Ted realizes forgot ticket at house . The concert is about to start and Ted likely miss most of the concert if returned to house for ticket . : Ask Ted to call a friend to bring the ticket .,6.136795,1.5337237,10.164722,4.377846,6.481275,4.527084,8.121296,2.430793,4.2558346,3.3226304,"[6.1367950439453125, 1.5337237119674683, 10.164722442626953, 4.377845764160156, 6.4812750816345215, 4.527083873748779, 8.121295928955078, 2.430793046951294, 4.255834579467773, 3.3226304054260254]",2.698995,4.3317847,7,"[ 6.0744877  1.6136857 10.175958   4.596031   6.4566236  4.374307
  8.231861   2.6766467  4.3928285  3.4267533]",0.42922400440159986,I would wait for my friend to retrieve the ticket himself or have someone bring the ticket to him.
537,9178,108,7,call a friend,pg,3.0,34.3333333333333,Darya is on her way to a concert with her friends. As they approach the entrance her friend Ted realizes he forgot his ticket at his house. The concert is about to start and Ted would likely miss most of the concert if he returned to his house for his ticket.,is on way to a concert with friends . As approach the entrance friend Ted realizes forgot ticket at house . The concert is about to start and Ted likely miss most of the concert if returned to house for ticket . : call a friend,6.012159,1.4480004,10.179038,4.656478,6.403308,4.276717,8.252158,2.3114798,4.3392177,3.474462,"[6.0121588706970215, 1.448000431060791, 10.179038047790527, 4.656477928161621, 6.403307914733887, 4.276717185974121, 8.252158164978027, 2.3114798069000244, 4.339217662811279, 3.4744620323181152]",2.8691838,4.0771337,7,"[ 6.0744877  1.6136857 10.175958   4.596031   6.4566236  4.374307
  8.231861   2.6766467  4.3928285  3.4267533]",0.4315961479615543,I would wait for my friend to retrieve the ticket himself or have someone bring the ticket to him.
538,9179,110,7,Ask someone if they wouldn't mind going get it for him.,pg,3.0,38.0,Darya is on her way to a concert with her friends. As they approach the entrance her friend Ted realizes he forgot his ticket at his house. The concert is about to start and Ted would likely miss most of the concert if he returned to his house for his ticket.,is on way to a concert with friends . As approach the entrance friend Ted realizes forgot ticket at house . The concert is about to start and Ted likely miss most of the concert if returned to house for ticket . : Ask someone if n't mind going get for .,6.2674036,1.6674244,10.354507,4.3533463,6.714309,4.4269004,8.165846,2.4179513,4.2913675,3.0991752,"[6.267403602600098, 1.6674244403839111, 10.354507446289062, 4.353346347808838, 6.714309215545654, 4.426900386810303, 8.16584587097168, 2.4179513454437256, 4.291367530822754, 3.099175214767456]",2.5311096,4.3380985,7,"[ 6.0744877  1.6136857 10.175958   4.596031   6.4566236  4.374307
  8.231861   2.6766467  4.3928285  3.4267533]",0.6236435798450999,I would wait for my friend to retrieve the ticket himself or have someone bring the ticket to him.
539,9180,121,7,call a friend to bring it to him,pg,3.0,99.3333333333333,Darya is on her way to a concert with her friends. As they approach the entrance her friend Ted realizes he forgot his ticket at his house. The concert is about to start and Ted would likely miss most of the concert if he returned to his house for his ticket.,is on way to a concert with friends . As approach the entrance friend Ted realizes forgot ticket at house . The concert is about to start and Ted likely miss most of the concert if returned to house for ticket . : call a friend to bring to,6.060592,1.4169844,10.176711,4.5756745,6.3740435,4.3349714,8.214669,2.2701101,4.2604365,3.468288,"[6.060592174530029, 1.4169844388961792, 10.176711082458496, 4.575674533843994, 6.3740434646606445, 4.3349714279174805, 8.214669227600098, 2.2701101303100586, 4.260436534881592, 3.468287944793701]",2.822872,4.150908,7,"[ 6.0744877  1.6136857 10.175958   4.596031   6.4566236  4.374307
  8.231861   2.6766467  4.3928285  3.4267533]",0.48216855566028405,I would wait for my friend to retrieve the ticket himself or have someone bring the ticket to him.
540,9181,141,7,Darya could ask if a friend would deliver the ticket for Ted,pg,3.0,54.0,Darya is on her way to a concert with her friends. As they approach the entrance her friend Ted realizes he forgot his ticket at his house. The concert is about to start and Ted would likely miss most of the concert if he returned to his house for his ticket.,is on way to a concert with friends . As approach the entrance friend Ted realizes forgot ticket at house . The concert is about to start and Ted likely miss most of the concert if returned to house for ticket . : ask if a friend deliver the ticket for Ted,6.0794277,1.4122995,10.1604805,4.2265663,6.4790325,4.4725037,8.125369,2.3636239,4.285996,3.2185388,"[6.079427719116211, 1.4122995138168335, 10.160480499267578, 4.226566314697266, 6.479032516479492, 4.472503662109375, 8.12536907196045, 2.363623857498169, 4.285995960235596, 3.218538761138916]",2.5374908,4.259282,7,"[ 6.0744877  1.6136857 10.175958   4.596031   6.4566236  4.374307
  8.231861   2.6766467  4.3928285  3.4267533]",0.5929246955586194,I would wait for my friend to retrieve the ticket himself or have someone bring the ticket to him.
541,9182,108,7,call my brother,pg,4.0,36.6666666666667,Darya is on her way to a concert with her friends. As they approach the entrance her friend Ted realizes he forgot his ticket at his house. The concert is about to start and Ted would likely miss most of the concert if he returned to his house for his ticket.,is on way to a concert with friends . As approach the entrance friend Ted realizes forgot ticket at house . The concert is about to start and Ted likely miss most of the concert if returned to house for ticket . : call brother,6.1047106,1.5286787,10.225252,4.81341,6.4070897,4.2704573,8.254123,2.2922282,4.3322577,3.5225785,"[6.104710578918457, 1.5286786556243896, 10.225252151489258, 4.813409805297852, 6.407089710235596, 4.2704572677612305, 8.254122734069824, 2.2922282218933105, 4.3322577476501465, 3.522578477859497]",3.0365992,4.181953,7,"[ 6.0744877  1.6136857 10.175958   4.596031   6.4566236  4.374307
  8.231861   2.6766467  4.3928285  3.4267533]",0.48185668742210347,I would wait for my friend to retrieve the ticket himself or have someone bring the ticket to him.
542,9183,137,7,Ask a friend to drive the ticket to Ted.,pg,4.0,64.3333333333333,Darya is on her way to a concert with her friends. As they approach the entrance her friend Ted realizes he forgot his ticket at his house. The concert is about to start and Ted would likely miss most of the concert if he returned to his house for his ticket.,is on way to a concert with friends . As approach the entrance friend Ted realizes forgot ticket at house . The concert is about to start and Ted likely miss most of the concert if returned to house for ticket . : Ask a friend to drive the ticket to Ted .,5.760984,1.4931898,10.644393,5.4499035,6.6836085,3.532221,8.720342,2.3919134,4.032014,3.9707205,"[5.760983943939209, 1.493189811706543, 10.644392967224121, 5.44990348815918, 6.683608531951904, 3.5322210788726807, 8.720341682434082, 2.391913414001465, 4.032013893127441, 3.9707205295562744]",4.7147417,4.0141664,10,"[ 6.0350957  1.7044297 10.5954275  5.2186604  6.316846   3.4331267
  8.475936   2.7918687  4.4011946  3.9598694]",0.8222381673407505,Darya and her friends could all listen to the concert from the parking lot
543,9184,155,7,Call Ted's home and have the ticket brought,pg,4.0,70.3333333333333,Darya is on her way to a concert with her friends. As they approach the entrance her friend Ted realizes he forgot his ticket at his house. The concert is about to start and Ted would likely miss most of the concert if he returned to his house for his ticket.,is on way to a concert with friends . As approach the entrance friend Ted realizes forgot ticket at house . The concert is about to start and Ted likely miss most of the concert if returned to house for ticket . : Call Ted 's home and have the ticket brought,5.971224,1.4583809,10.050857,4.4737573,6.4227667,4.5009913,8.213389,2.5101504,4.337023,3.4109764,"[5.971223831176758, 1.458380937576294, 10.050856590270996, 4.473757266998291, 6.42276668548584, 4.500991344451904, 8.21338939666748, 2.51015043258667, 4.33702278137207, 3.4109764099121094]",2.7650504,4.606308,7,"[ 6.0744877  1.6136857 10.175958   4.596031   6.4566236  4.374307
  8.231861   2.6766467  4.3928285  3.4267533]",0.3376459177789857,I would wait for my friend to retrieve the ticket himself or have someone bring the ticket to him.
544,9185,196,7,call someone to bring the ticket for Ted,pg,4.0,86.3333333333333,Darya is on her way to a concert with her friends. As they approach the entrance her friend Ted realizes he forgot his ticket at his house. The concert is about to start and Ted would likely miss most of the concert if he returned to his house for his ticket.,is on way to a concert with friends . As approach the entrance friend Ted realizes forgot ticket at house . The concert is about to start and Ted likely miss most of the concert if returned to house for ticket . : call someone to bring the ticket for Ted,6.0097528,1.4055619,10.145582,4.457976,6.419807,4.3634477,8.226718,2.4047098,4.261975,3.414083,"[6.0097527503967285, 1.405561923980713, 10.14558219909668, 4.4579758644104, 6.419806957244873, 4.363447666168213, 8.226717948913574, 2.404709815979004, 4.261974811553955, 3.4140830039978027]",2.8378124,4.283423,7,"[ 6.0744877  1.6136857 10.175958   4.596031   6.4566236  4.374307
  8.231861   2.6766467  4.3928285  3.4267533]",0.4002759082889819,I would wait for my friend to retrieve the ticket himself or have someone bring the ticket to him.
545,9186,208,7,ask for help from friends ,pg,4.0,85.0,Darya is on her way to a concert with her friends. As they approach the entrance her friend Ted realizes he forgot his ticket at his house. The concert is about to start and Ted would likely miss most of the concert if he returned to his house for his ticket.,is on way to a concert with friends . As approach the entrance friend Ted realizes forgot ticket at house . The concert is about to start and Ted likely miss most of the concert if returned to house for ticket . : ask for help from friends,5.931071,1.3648655,10.031664,4.142606,6.4887915,4.5767365,8.13346,2.4266043,4.4324937,3.12945,"[5.931070804595947, 1.3648655414581299, 10.03166389465332, 4.142605781555176, 6.488791465759277, 4.5767364501953125, 8.13346004486084, 2.4266042709350586, 4.432493686676025, 3.1294500827789307]",2.4382052,4.4497137,7,"[ 6.0744877  1.6136857 10.175958   4.596031   6.4566236  4.374307
  8.231861   2.6766467  4.3928285  3.4267533]",0.7162919035232075,I would wait for my friend to retrieve the ticket himself or have someone bring the ticket to him.
546,9187,108,7,call my sister,pg,5.0,47.6666666666667,Darya is on her way to a concert with her friends. As they approach the entrance her friend Ted realizes he forgot his ticket at his house. The concert is about to start and Ted would likely miss most of the concert if he returned to his house for his ticket.,is on way to a concert with friends . As approach the entrance friend Ted realizes forgot ticket at house . The concert is about to start and Ted likely miss most of the concert if returned to house for ticket . : call sister,6.066929,1.4789172,10.180475,4.807634,6.3468986,4.2671037,8.248377,2.2463992,4.333319,3.5623322,"[6.066928863525391, 1.4789172410964966, 10.180475234985352, 4.807633876800537, 6.346898555755615, 4.267103672027588, 8.248376846313477, 2.246399164199829, 4.333319187164307, 3.5623321533203125]",2.9398184,4.0889945,7,"[ 6.0744877  1.6136857 10.175958   4.596031   6.4566236  4.374307
  8.231861   2.6766467  4.3928285  3.4267533]",0.5420854660343839,I would wait for my friend to retrieve the ticket himself or have someone bring the ticket to him.
547,9188,137,7,Ted asks his parents to drive the ticket to him.,pg,5.0,74.3333333333333,Darya is on her way to a concert with her friends. As they approach the entrance her friend Ted realizes he forgot his ticket at his house. The concert is about to start and Ted would likely miss most of the concert if he returned to his house for his ticket.,is on way to a concert with friends . As approach the entrance friend Ted realizes forgot ticket at house . The concert is about to start and Ted likely miss most of the concert if returned to house for ticket . : Ted asks parents to drive the ticket to .,5.7949715,1.5351704,10.638271,5.4705515,6.726427,3.5768359,8.717786,2.3932657,4.0326324,3.9424314,"[5.794971466064453, 1.5351704359054565, 10.63827133178711, 5.470551490783691, 6.72642707824707, 3.576835870742798, 8.717785835266113, 2.393265724182129, 4.032632350921631, 3.9424314498901367]",4.7335157,4.009805,10,"[ 6.0350957  1.7044297 10.5954275  5.2186604  6.316846   3.4331267
  8.475936   2.7918687  4.4011946  3.9598694]",0.8327785173523287,Darya and her friends could all listen to the concert from the parking lot
548,9189,142,7,Call someone at Ted's house to bring him his ticket. ,pg,5.0,91.6666666666667,Darya is on her way to a concert with her friends. As they approach the entrance her friend Ted realizes he forgot his ticket at his house. The concert is about to start and Ted would likely miss most of the concert if he returned to his house for his ticket.,is on way to a concert with friends . As approach the entrance friend Ted realizes forgot ticket at house . The concert is about to start and Ted likely miss most of the concert if returned to house for ticket . : Call someone at Ted 's house to bring ticket .,6.148026,1.5792603,10.125664,4.491322,6.4765387,4.5762677,8.166155,2.4772737,4.1984615,3.4339964,"[6.148025989532471, 1.5792603492736816, 10.125663757324219, 4.491322040557861, 6.47653865814209, 4.576267719268799, 8.166154861450195, 2.47727370262146, 4.198461532592773, 3.4339964389801025]",2.8619204,4.472164,7,"[ 6.0744877  1.6136857 10.175958   4.596031   6.4566236  4.374307
  8.231861   2.6766467  4.3928285  3.4267533]",0.378376834398906,I would wait for my friend to retrieve the ticket himself or have someone bring the ticket to him.
549,9190,202,7,get someone else to go to the house and bring the ticket,pg,5.0,75.6666666666667,Darya is on her way to a concert with her friends. As they approach the entrance her friend Ted realizes he forgot his ticket at his house. The concert is about to start and Ted would likely miss most of the concert if he returned to his house for his ticket.,is on way to a concert with friends . As approach the entrance friend Ted realizes forgot ticket at house . The concert is about to start and Ted likely miss most of the concert if returned to house for ticket . : get someone else to go to the house and bring the ticket,5.917435,1.2630574,10.086942,3.9798784,6.360907,4.344326,8.117676,2.4427059,4.452627,3.1183424,"[5.917435169219971, 1.2630573511123657, 10.086941719055176, 3.9798784255981445, 6.360907077789307, 4.344326019287109, 8.11767578125, 2.4427058696746826, 4.452627182006836, 3.118342399597168]",1.9741995,4.2029333,7,"[ 6.0744877  1.6136857 10.175958   4.596031   6.4566236  4.374307
  8.231861   2.6766467  4.3928285  3.4267533]",0.8436196410557045,I would wait for my friend to retrieve the ticket himself or have someone bring the ticket to him.
550,9514,116,7,See if he has an email with his ticket,pg,1.0,76.3333333333333,Darya is on her way to a concert with her friends. As they approach the entrance her friend Ted realizes he forgot his ticket at his house. The concert is about to start and Ted would likely miss most of the concert if he returned to his house for his ticket.,is on way to a concert with friends . As approach the entrance friend Ted realizes forgot ticket at house . The concert is about to start and Ted likely miss most of the concert if returned to house for ticket . : See if has an email with ticket,5.642464,1.4092903,9.7195015,4.3348484,6.5886083,4.9537406,8.267217,2.6876128,4.519219,3.222519,"[5.6424641609191895, 1.4092903137207031, 9.719501495361328, 4.334848403930664, 6.588608264923096, 4.95374059677124, 8.267216682434082, 2.687612771987915, 4.519218921661377, 3.2225189208984375]",2.4233856,5.0641756,7,"[ 6.0744877  1.6136857 10.175958   4.596031   6.4566236  4.374307
  8.231861   2.6766467  4.3928285  3.4267533]",0.9577108521280506,I would wait for my friend to retrieve the ticket himself or have someone bring the ticket to him.
551,9515,141,7,Darya could provide proof using email confirmation,pg,1.0,72.0,Darya is on her way to a concert with her friends. As they approach the entrance her friend Ted realizes he forgot his ticket at his house. The concert is about to start and Ted would likely miss most of the concert if he returned to his house for his ticket.,is on way to a concert with friends . As approach the entrance friend Ted realizes forgot ticket at house . The concert is about to start and Ted likely miss most of the concert if returned to house for ticket . : provide proof using email confirmation,5.522591,1.2734317,9.743174,4.3650036,6.544429,4.648066,8.401202,2.7607088,4.597989,3.3285217,"[5.5225911140441895, 1.273431658744812, 9.743173599243164, 4.36500358581543, 6.544428825378418, 4.64806604385376, 8.401202201843262, 2.760708808898926, 4.597989082336426, 3.328521728515625]",2.3231144,4.8348927,7,"[ 6.0744877  1.6136857 10.175958   4.596031   6.4566236  4.374307
  8.231861   2.6766467  4.3928285  3.4267533]",0.9116881722321718,I would wait for my friend to retrieve the ticket himself or have someone bring the ticket to him.
552,9516,199,7,Look for her receipt on her phone.,pg,3.0,90.6666666666667,Darya is on her way to a concert with her friends. As they approach the entrance her friend Ted realizes he forgot his ticket at his house. The concert is about to start and Ted would likely miss most of the concert if he returned to his house for his ticket.,is on way to a concert with friends . As approach the entrance friend Ted realizes forgot ticket at house . The concert is about to start and Ted likely miss most of the concert if returned to house for ticket . : Look for receipt on phone .,5.8972025,1.6496859,9.891738,4.5692077,6.626052,4.834849,8.26412,2.710841,4.444249,3.32035,"[5.897202491760254, 1.6496858596801758, 9.891737937927246, 4.569207668304443, 6.626051902770996, 4.834848880767822, 8.264120101928711, 2.710840940475464, 4.444249153137207, 3.320349931716919]",2.9242291,4.835942,7,"[ 6.0744877  1.6136857 10.175958   4.596031   6.4566236  4.374307
  8.231861   2.6766467  4.3928285  3.4267533]",0.6092673522294041,I would wait for my friend to retrieve the ticket himself or have someone bring the ticket to him.
553,9517,132,7,Check to see if a digital ticket is available,pg,4.0,100.0,Darya is on her way to a concert with her friends. As they approach the entrance her friend Ted realizes he forgot his ticket at his house. The concert is about to start and Ted would likely miss most of the concert if he returned to his house for his ticket.,is on way to a concert with friends . As approach the entrance friend Ted realizes forgot ticket at house . The concert is about to start and Ted likely miss most of the concert if returned to house for ticket . : Check to see if a digital ticket is available,5.271709,1.2707952,9.413008,3.8559997,6.692781,5.2800303,8.244829,2.8138473,4.6516566,2.8774362,"[5.271708965301514, 1.270795226097107, 9.413007736206055, 3.855999708175659, 6.6927809715271, 5.280030250549316, 8.244829177856445, 2.813847303390503, 4.651656627655029, 2.8774361610412598]",1.7561399,5.5286794,0,"[5.3655806 1.2702221 9.198152  3.5741282 6.570315  5.561966  8.121828
 2.7489474 4.534417  2.9537492]",0.5175158566862318,Look for anyone selling tickets
554,9518,176,7,see if he has an email notification he can use,pg,4.0,90.0,Darya is on her way to a concert with her friends. As they approach the entrance her friend Ted realizes he forgot his ticket at his house. The concert is about to start and Ted would likely miss most of the concert if he returned to his house for his ticket.,is on way to a concert with friends . As approach the entrance friend Ted realizes forgot ticket at house . The concert is about to start and Ted likely miss most of the concert if returned to house for ticket . : see if has an email notification can use,5.6737614,1.4105738,9.83683,4.489617,6.615266,4.812681,8.310828,2.6368515,4.5351977,3.2643695,"[5.673761367797852, 1.4105738401412964, 9.836830139160156, 4.489616870880127, 6.615265846252441, 4.812681198120117, 8.31082820892334, 2.6368515491485596, 4.535197734832764, 3.264369487762451]",2.6086783,4.885333,7,"[ 6.0744877  1.6136857 10.175958   4.596031   6.4566236  4.374307
  8.231861   2.6766467  4.3928285  3.4267533]",0.7745732098567892,I would wait for my friend to retrieve the ticket himself or have someone bring the ticket to him.
555,9519,186,7,Prove that he bought a ticket with email confirmation.,pg,4.0,90.3333333333333,Darya is on her way to a concert with her friends. As they approach the entrance her friend Ted realizes he forgot his ticket at his house. The concert is about to start and Ted would likely miss most of the concert if he returned to his house for his ticket.,is on way to a concert with friends . As approach the entrance friend Ted realizes forgot ticket at house . The concert is about to start and Ted likely miss most of the concert if returned to house for ticket . : Prove that bought a ticket with email confirmation .,5.567873,1.3095523,9.726806,4.2500887,6.513608,4.69872,8.341084,2.738749,4.5756435,3.2605476,"[5.567873001098633, 1.3095523118972778, 9.726805686950684, 4.250088691711426, 6.513607978820801, 4.6987199783325195, 8.341083526611328, 2.7387490272521973, 4.575643539428711, 3.260547637939453]",2.281167,4.911929,7,"[ 6.0744877  1.6136857 10.175958   4.596031   6.4566236  4.374307
  8.231861   2.6766467  4.3928285  3.4267533]",0.9251443685756764,I would wait for my friend to retrieve the ticket himself or have someone bring the ticket to him.
556,9520,123,7,Ask Ted if he has a virtual copy of the ticket on his phone somehwhere.,pg,5.0,100.0,Darya is on her way to a concert with her friends. As they approach the entrance her friend Ted realizes he forgot his ticket at his house. The concert is about to start and Ted would likely miss most of the concert if he returned to his house for his ticket.,is on way to a concert with friends . As approach the entrance friend Ted realizes forgot ticket at house . The concert is about to start and Ted likely miss most of the concert if returned to house for ticket . : Ask Ted if has a virtual copy of the ticket on phone somehwhere .,5.8393936,1.5163174,9.8348675,4.5070605,6.579643,4.9053154,8.247853,2.5994997,4.4023414,3.3198879,"[5.839393615722656, 1.516317367553711, 9.834867477416992, 4.507060527801514, 6.5796427726745605, 4.905315399169922, 8.24785327911377, 2.5994997024536133, 4.402341365814209, 3.31988787651062]",2.7815263,4.881773,7,"[ 6.0744877  1.6136857 10.175958   4.596031   6.4566236  4.374307
  8.231861   2.6766467  4.3928285  3.4267533]",0.7098096415402942,I would wait for my friend to retrieve the ticket himself or have someone bring the ticket to him.
557,9521,141,7,Darya could ask if they accept e-tickets,pg,5.0,72.0,Darya is on her way to a concert with her friends. As they approach the entrance her friend Ted realizes he forgot his ticket at his house. The concert is about to start and Ted would likely miss most of the concert if he returned to his house for his ticket.,is on way to a concert with friends . As approach the entrance friend Ted realizes forgot ticket at house . The concert is about to start and Ted likely miss most of the concert if returned to house for ticket . : ask if accept e-tickets,5.520145,1.1163044,9.760161,3.4637725,6.5261416,4.7544765,8.03424,2.4670568,4.686392,2.6584127,"[5.520144939422607, 1.1163043975830078, 9.760161399841309, 3.4637725353240967, 6.52614164352417, 4.754476547241211, 8.034239768981934, 2.4670567512512207, 4.686391830444336, 2.6584126949310303]",1.3245766,4.656208,4,"[ 5.6905556  1.0821797 10.038611   3.213778   6.430102   4.3516946
  7.912626   2.3025432  4.7172823  2.5783617]",0.6252279198632913,TELL HIM TO BUY ANOTHER TICKET
558,9769,144,7,Take Ted to get his ticket,pg,1.0,100.0,Darya is on her way to a concert with her friends. As they approach the entrance her friend Ted realizes he forgot his ticket at his house. The concert is about to start and Ted would likely miss most of the concert if he returned to his house for his ticket.,is on way to a concert with friends . As approach the entrance friend Ted realizes forgot ticket at house . The concert is about to start and Ted likely miss most of the concert if returned to house for ticket . : Take Ted to get ticket,6.3158426,1.630349,10.592264,4.631494,6.724192,3.9598684,8.409504,2.3988173,4.1627846,3.297482,"[6.315842628479004, 1.630349040031433, 10.592264175415039, 4.631494045257568, 6.724192142486572, 3.9598684310913086, 8.409503936767578, 2.398817300796509, 4.162784576416016, 3.2974820137023926]",3.8102999,4.3073215,7,"[ 6.0744877  1.6136857 10.175958   4.596031   6.4566236  4.374307
  8.231861   2.6766467  4.3928285  3.4267533]",0.8092146788712526,I would wait for my friend to retrieve the ticket himself or have someone bring the ticket to him.
559,9770,164,7,Wait for Ted to return.,pg,1.0,63.3333333333333,Darya is on her way to a concert with her friends. As they approach the entrance her friend Ted realizes he forgot his ticket at his house. The concert is about to start and Ted would likely miss most of the concert if he returned to his house for his ticket.,is on way to a concert with friends . As approach the entrance friend Ted realizes forgot ticket at house . The concert is about to start and Ted likely miss most of the concert if returned to house for ticket . : Wait for Ted to return .,6.0870476,1.6692929,10.28786,4.6654453,6.235981,4.125427,8.19419,2.8912916,4.240729,3.776472,"[6.087047576904297, 1.66929292678833, 10.287859916687012, 4.665445327758789, 6.235980987548828, 4.125426769256592, 8.19419002532959, 2.891291618347168, 4.240728855133057, 3.7764720916748047]",2.72419,3.6018708,7,"[ 6.0744877  1.6136857 10.175958   4.596031   6.4566236  4.374307
  8.231861   2.6766467  4.3928285  3.4267533]",0.5693364719193227,I would wait for my friend to retrieve the ticket himself or have someone bring the ticket to him.
560,9771,169,7,wish Ted luck in getting his ticket in time,pg,2.0,84.3333333333333,Darya is on her way to a concert with her friends. As they approach the entrance her friend Ted realizes he forgot his ticket at his house. The concert is about to start and Ted would likely miss most of the concert if he returned to his house for his ticket.,is on way to a concert with friends . As approach the entrance friend Ted realizes forgot ticket at house . The concert is about to start and Ted likely miss most of the concert if returned to house for ticket . : wish Ted luck in getting ticket in time,6.406804,1.7799138,10.896958,5.006891,6.674293,3.6688592,8.219112,2.2240956,4.517856,3.2439735,"[6.406804084777832, 1.7799137830734253, 10.896958351135254, 5.006890773773193, 6.674293041229248, 3.6688592433929443, 8.219112396240234, 2.224095582962036, 4.517856121063232, 3.24397349357605]",4.118807,2.638934,3,"[ 6.4198093  1.9720458 10.862053   5.365867   6.5569224  3.5447173
  8.288348   2.4836838  4.577658   3.5889297]",0.6253831045158774,Let him go get it and I stay there
561,9772,114,7,Tell Ted they can still make the end of the show,pg,3.0,88.3333333333333,Darya is on her way to a concert with her friends. As they approach the entrance her friend Ted realizes he forgot his ticket at his house. The concert is about to start and Ted would likely miss most of the concert if he returned to his house for his ticket.,is on way to a concert with friends . As approach the entrance friend Ted realizes forgot ticket at house . The concert is about to start and Ted likely miss most of the concert if returned to house for ticket . : Tell Ted can still make the end of the show,6.47188,1.9230514,11.004354,5.1988945,6.4088554,3.3351254,8.163173,2.3262007,4.637442,3.4563036,"[6.471879959106445, 1.923051357269287, 11.004353523254395, 5.198894500732422, 6.408855438232422, 3.33512544631958, 8.163172721862793, 2.3262007236480713, 4.637442111968994, 3.456303596496582]",3.7723522,2.4243147,3,"[ 6.4198093  1.9720458 10.862053   5.365867   6.5569224  3.5447173
  8.288348   2.4836838  4.577658   3.5889297]",0.4251203702119656,Let him go get it and I stay there
562,9773,133,7,wait for him to get it,pg,3.0,39.6666666666667,Darya is on her way to a concert with her friends. As they approach the entrance her friend Ted realizes he forgot his ticket at his house. The concert is about to start and Ted would likely miss most of the concert if he returned to his house for his ticket.,is on way to a concert with friends . As approach the entrance friend Ted realizes forgot ticket at house . The concert is about to start and Ted likely miss most of the concert if returned to house for ticket . : wait for to get,6.00611,1.6183195,10.229097,4.653707,6.2399397,4.1233993,8.249095,2.9736528,4.2178574,3.8583689,"[6.006110191345215, 1.6183195114135742, 10.229097366333008, 4.653707027435303, 6.2399396896362305, 4.123399257659912, 8.24909496307373, 2.9736528396606445, 4.217857360839844, 3.8583688735961914]",2.5484002,3.6249607,7,"[ 6.0744877  1.6136857 10.175958   4.596031   6.4566236  4.374307
  8.231861   2.6766467  4.3928285  3.4267533]",0.6528173598298952,I would wait for my friend to retrieve the ticket himself or have someone bring the ticket to him.
563,9774,200,7,She could offer to wait for him to go home and get his ticket.,pg,3.0,85.0,Darya is on her way to a concert with her friends. As they approach the entrance her friend Ted realizes he forgot his ticket at his house. The concert is about to start and Ted would likely miss most of the concert if he returned to his house for his ticket.,is on way to a concert with friends . As approach the entrance friend Ted realizes forgot ticket at house . The concert is about to start and Ted likely miss most of the concert if returned to house for ticket . : offer to wait for to go home and get ticket .,5.915467,1.1705068,10.333666,3.4799423,6.279041,3.9306684,7.901961,2.3095021,4.662151,2.8906004,"[5.915466785430908, 1.1705068349838257, 10.33366584777832, 3.4799423217773438, 6.279040813446045, 3.930668354034424, 7.901960849761963, 2.309502124786377, 4.662150859832764, 2.8906004428863525]",1.1699977,3.449144,4,"[ 5.6905556  1.0821797 10.038611   3.213778   6.430102   4.3516946
  7.912626   2.3025432  4.7172823  2.5783617]",0.7190719525853764,TELL HIM TO BUY ANOTHER TICKET
564,9775,124,7,"She could wait for him to come back with his ticket, and then they both will go in togother.",pg,4.0,80.0,Darya is on her way to a concert with her friends. As they approach the entrance her friend Ted realizes he forgot his ticket at his house. The concert is about to start and Ted would likely miss most of the concert if he returned to his house for his ticket.,"is on way to a concert with friends . As approach the entrance friend Ted realizes forgot ticket at house . The concert is about to start and Ted likely miss most of the concert if returned to house for ticket . : wait for to come back with ticket , and then both will go in togother .",6.0799956,1.696365,10.305299,4.776262,6.288525,4.061811,8.304013,2.9695132,4.2365184,3.8518445,"[6.079995632171631, 1.6963649988174438, 10.305298805236816, 4.776261806488037, 6.288525104522705, 4.0618109703063965, 8.3040132522583, 2.969513177871704, 4.236518383026123, 3.851844549179077]",2.547791,3.4826503,7,"[ 6.0744877  1.6136857 10.175958   4.596031   6.4566236  4.374307
  8.231861   2.6766467  4.3928285  3.4267533]",0.6914488282937615,I would wait for my friend to retrieve the ticket himself or have someone bring the ticket to him.
565,9776,143,7,she could wait for him to go get the ticket and come back.,pg,4.0,65.0,Darya is on her way to a concert with her friends. As they approach the entrance her friend Ted realizes he forgot his ticket at his house. The concert is about to start and Ted would likely miss most of the concert if he returned to his house for his ticket.,is on way to a concert with friends . As approach the entrance friend Ted realizes forgot ticket at house . The concert is about to start and Ted likely miss most of the concert if returned to house for ticket . : wait for to go get the ticket and come back .,6.0490236,1.6847532,10.243666,4.6771145,6.322486,4.172776,8.282078,2.991146,4.2312784,3.8109004,"[6.049023628234863, 1.684753179550171, 10.24366569519043, 4.677114486694336, 6.32248592376709, 4.172776222229004, 8.28207778930664, 2.9911460876464844, 4.231278419494629, 3.8109004497528076]",2.611642,3.6066654,7,"[ 6.0744877  1.6136857 10.175958   4.596031   6.4566236  4.374307
  8.231861   2.6766467  4.3928285  3.4267533]",0.5920849052435674,I would wait for my friend to retrieve the ticket himself or have someone bring the ticket to him.
566,9777,144,7,Wait for him to get his ticket,pg,4.0,99.0,Darya is on her way to a concert with her friends. As they approach the entrance her friend Ted realizes he forgot his ticket at his house. The concert is about to start and Ted would likely miss most of the concert if he returned to his house for his ticket.,is on way to a concert with friends . As approach the entrance friend Ted realizes forgot ticket at house . The concert is about to start and Ted likely miss most of the concert if returned to house for ticket . : Wait for to get ticket,5.969845,1.5734644,10.168047,4.6062803,6.224789,4.171359,8.281177,3.034997,4.220294,3.8788137,"[5.969844818115234, 1.5734643936157227, 10.168046951293945, 4.606280326843262, 6.224789142608643, 4.171359062194824, 8.281176567077637, 3.03499698638916, 4.220293998718262, 3.8788137435913086]",2.543994,3.7031214,7,"[ 6.0744877  1.6136857 10.175958   4.596031   6.4566236  4.374307
  8.231861   2.6766467  4.3928285  3.4267533]",0.6874913600625991,I would wait for my friend to retrieve the ticket himself or have someone bring the ticket to him.
567,9778,195,7,"give Ted the car keys so he can  get the ticket, then catch up",pg,4.0,74.3333333333333,Darya is on her way to a concert with her friends. As they approach the entrance her friend Ted realizes he forgot his ticket at his house. The concert is about to start and Ted would likely miss most of the concert if he returned to his house for his ticket.,"is on way to a concert with friends . As approach the entrance friend Ted realizes forgot ticket at house . The concert is about to start and Ted likely miss most of the concert if returned to house for ticket . : give Ted the car keys so can get the ticket , then catch up",5.8426127,1.4518193,10.72375,5.381368,6.549899,3.5493155,8.478378,2.2171226,4.124009,3.8394573,"[5.8426127433776855, 1.4518193006515503, 10.723750114440918, 5.381368160247803, 6.549899101257324, 3.5493154525756836, 8.478378295898438, 2.2171225547790527, 4.124009132385254, 3.8394572734832764]",4.78702,3.6027527,10,"[ 6.0350957  1.7044297 10.5954275  5.2186604  6.316846   3.4331267
  8.475936   2.7918687  4.4011946  3.9598694]",0.7957925576527061,Darya and her friends could all listen to the concert from the parking lot
568,9779,113,7,wait outside while he retrieves his ticket,pg,5.0,36.3333333333333,Darya is on her way to a concert with her friends. As they approach the entrance her friend Ted realizes he forgot his ticket at his house. The concert is about to start and Ted would likely miss most of the concert if he returned to his house for his ticket.,is on way to a concert with friends . As approach the entrance friend Ted realizes forgot ticket at house . The concert is about to start and Ted likely miss most of the concert if returned to house for ticket . : wait outside while retrieves ticket,5.9693065,1.6032008,10.240256,4.7108345,6.1814127,4.047662,8.25253,2.9938054,4.235384,3.9285817,"[5.969306468963623, 1.6032007932662964, 10.240256309509277, 4.710834503173828, 6.181412696838379, 4.047661781311035, 8.252530097961426, 2.993805408477783, 4.235383987426758, 3.928581714630127]",2.489744,3.4822025,7,"[ 6.0744877  1.6136857 10.175958   4.596031   6.4566236  4.374307
  8.231861   2.6766467  4.3928285  3.4267533]",0.7671784274005523,I would wait for my friend to retrieve the ticket himself or have someone bring the ticket to him.
569,10481,128,7,Go with Ted,pg,2.0,58.3333333333333,Darya is on her way to a concert with her friends. As they approach the entrance her friend Ted realizes he forgot his ticket at his house. The concert is about to start and Ted would likely miss most of the concert if he returned to his house for his ticket.,is on way to a concert with friends . As approach the entrance friend Ted realizes forgot ticket at house . The concert is about to start and Ted likely miss most of the concert if returned to house for ticket . : Go with Ted,6.571827,1.666585,10.977849,4.508589,6.0433145,2.7739112,8.545696,2.8810627,4.3271337,3.7232716,"[6.571826934814453, 1.6665849685668945, 10.977849006652832, 4.508588790893555, 6.043314456939697, 2.773911237716675, 8.545696258544922, 2.8810627460479736, 4.327133655548096, 3.723271608352661]",2.3799713,2.0777879,6,"[ 6.265687   1.6498485 10.972007   4.614988   5.8489113  2.325574
  8.286291   2.8224268  4.7236633  3.9598396]",0.7925181381797951,Decide not to go to concert and instead hang out with Ted.
570,10482,129,7,Tell Ted that she'll meet him inside.,pg,2.0,26.6666666666667,Darya is on her way to a concert with her friends. As they approach the entrance her friend Ted realizes he forgot his ticket at his house. The concert is about to start and Ted would likely miss most of the concert if he returned to his house for his ticket.,is on way to a concert with friends . As approach the entrance friend Ted realizes forgot ticket at house . The concert is about to start and Ted likely miss most of the concert if returned to house for ticket . : Tell Ted that 'll meet inside .,6.549203,1.9776872,10.750271,5.093781,6.2509427,3.6637475,8.151289,2.5851626,4.4955707,3.542988,"[6.549202919006348, 1.9776872396469116, 10.75027084350586, 5.093780994415283, 6.250942707061768, 3.663747549057007, 8.151288986206055, 2.58516263961792, 4.495570659637451, 3.5429880619049072]",3.2408059,3.1099808,3,"[ 6.4198093  1.9720458 10.862053   5.365867   6.5569224  3.5447173
  8.288348   2.4836838  4.577658   3.5889297]",0.4990236316332758,Let him go get it and I stay there
571,10483,106,7,cry,pg,3.0,41.3333333333333,Darya is on her way to a concert with her friends. As they approach the entrance her friend Ted realizes he forgot his ticket at his house. The concert is about to start and Ted would likely miss most of the concert if he returned to his house for his ticket.,is on way to a concert with friends . As approach the entrance friend Ted realizes forgot ticket at house . The concert is about to start and Ted likely miss most of the concert if returned to house for ticket . : cry,6.5401044,2.0455806,11.15331,5.926137,6.5437474,3.5124984,8.085606,2.1621277,4.745899,3.5873618,"[6.540104389190674, 2.0455806255340576, 11.15330982208252, 5.9261369705200195, 6.543747425079346, 3.512498378753662, 8.08560562133789, 2.162127733230591, 4.745899200439453, 3.5873618125915527]",4.693021,2.5317519,3,"[ 6.4198093  1.9720458 10.862053   5.365867   6.5569224  3.5447173
  8.288348   2.4836838  4.577658   3.5889297]",0.7698267045357127,Let him go get it and I stay there
572,10484,112,7,Sit outside and listen to the concert,pg,3.0,74.6666666666667,Darya is on her way to a concert with her friends. As they approach the entrance her friend Ted realizes he forgot his ticket at his house. The concert is about to start and Ted would likely miss most of the concert if he returned to his house for his ticket.,is on way to a concert with friends . As approach the entrance friend Ted realizes forgot ticket at house . The concert is about to start and Ted likely miss most of the concert if returned to house for ticket . : Sit outside and listen to the concert,6.0127025,1.7192881,10.4709015,5.113897,5.9737816,3.4851174,8.2113695,2.9289393,4.447386,4.1698036,"[6.012702465057373, 1.7192881107330322, 10.470901489257812, 5.11389684677124, 5.973781585693359, 3.4851174354553223, 8.211369514465332, 2.9289393424987793, 4.447385787963867, 4.169803619384766]",2.7056715,3.0873275,10,"[ 6.0350957  1.7044297 10.5954275  5.2186604  6.316846   3.4331267
  8.475936   2.7918687  4.4011946  3.9598694]",0.5315922078979969,Darya and her friends could all listen to the concert from the parking lot
573,10485,136,7,She could ask one of her friends to loan Ted a ticket,pg,3.0,33.3333333333333,Darya is on her way to a concert with her friends. As they approach the entrance her friend Ted realizes he forgot his ticket at his house. The concert is about to start and Ted would likely miss most of the concert if he returned to his house for his ticket.,is on way to a concert with friends . As approach the entrance friend Ted realizes forgot ticket at house . The concert is about to start and Ted likely miss most of the concert if returned to house for ticket . : ask one of friends to loan Ted a ticket,5.8416266,0.997042,10.062793,3.1608999,6.470546,4.4809937,7.8570595,2.1292892,4.545778,2.5678856,"[5.8416266441345215, 0.9970420002937317, 10.062792778015137, 3.1608998775482178, 6.470545768737793, 4.480993747711182, 7.857059478759766, 2.129289150238037, 4.545777797698975, 2.567885637283325]",0.42985383,4.1927886,4,"[ 5.6905556  1.0821797 10.038611   3.213778   6.430102   4.3516946
  7.912626   2.3025432  4.7172823  2.5783617]",0.33828068104225395,TELL HIM TO BUY ANOTHER TICKET
574,10486,137,7,Ask his friends to split the cost of the ticket.,pg,3.0,72.0,Darya is on her way to a concert with her friends. As they approach the entrance her friend Ted realizes he forgot his ticket at his house. The concert is about to start and Ted would likely miss most of the concert if he returned to his house for his ticket.,is on way to a concert with friends . As approach the entrance friend Ted realizes forgot ticket at house . The concert is about to start and Ted likely miss most of the concert if returned to house for ticket . : Ask friends to split the cost of the ticket .,5.916764,0.92092043,10.230571,2.8524163,6.4085946,4.253848,7.703927,1.9642471,4.551196,2.3518662,"[5.916763782501221, 0.9209204316139221, 10.230570793151855, 2.8524162769317627, 6.408594608306885, 4.253848075866699, 7.703927040100098, 1.9642471075057983, 4.551196098327637, 2.3518662452697754]",0.024144642,3.7816246,8,"[ 6.206129   0.8477411 10.542283   2.8365161  6.434092   3.902594
  7.6392226  1.7240117  4.5328426  2.3152208]",0.6116484147283093,She could give Ted her ticket instead.
575,10487,191,7,Try to find someone who happens to have an extra ticket ,pg,3.0,70.0,Darya is on her way to a concert with her friends. As they approach the entrance her friend Ted realizes he forgot his ticket at his house. The concert is about to start and Ted would likely miss most of the concert if he returned to his house for his ticket.,is on way to a concert with friends . As approach the entrance friend Ted realizes forgot ticket at house . The concert is about to start and Ted likely miss most of the concert if returned to house for ticket . : Try to find someone who happens to have an extra ticket,5.4134574,1.4524388,9.518082,4.0573483,6.7109632,5.281006,8.249014,2.784555,4.650908,2.903162,"[5.41345739364624, 1.4524388313293457, 9.518081665039062, 4.057348251342773, 6.710963249206543, 5.281005859375, 8.249013900756836, 2.784554958343506, 4.65090799331665, 2.9031620025634766]",1.9542205,5.278005,0,"[5.3655806 1.2702221 9.198152  3.5741282 6.570315  5.561966  8.121828
 2.7489474 4.534417  2.9537492]",0.7096801403479106,Look for anyone selling tickets
576,10488,115,7,Bribe the guards and/or ticket people.,pg,4.0,4.0,Darya is on her way to a concert with her friends. As they approach the entrance her friend Ted realizes he forgot his ticket at his house. The concert is about to start and Ted would likely miss most of the concert if he returned to his house for his ticket.,is on way to a concert with friends . As approach the entrance friend Ted realizes forgot ticket at house . The concert is about to start and Ted likely miss most of the concert if returned to house for ticket . : Bribe the guards and/or ticket people .,6.804359,2.7343206,9.492524,6.8117785,4.297209,4.410548,7.028708,6.6778965,7.3104696,3.4817696,"[6.804358959197998, 2.734320640563965, 9.492524147033691, 6.811778545379639, 4.297208786010742, 4.410548210144043, 7.028707981109619, 6.677896499633789, 7.310469627380371, 3.481769561767578]",2.932474,-3.594306,2,"[6.8363514 2.8741455 9.481334  6.758397  4.156641  4.434169  6.7097034
 6.9165583 7.639739  3.608533 ]",0.5719066081291052,Sneak inside without the ticket.
577,10489,127,7,see if someone else has a spare ticket,pg,4.0,96.6666666666667,Darya is on her way to a concert with her friends. As they approach the entrance her friend Ted realizes he forgot his ticket at his house. The concert is about to start and Ted would likely miss most of the concert if he returned to his house for his ticket.,is on way to a concert with friends . As approach the entrance friend Ted realizes forgot ticket at house . The concert is about to start and Ted likely miss most of the concert if returned to house for ticket . : see if someone else has a spare ticket,5.4174676,1.3644352,9.5768585,4.009528,6.6734104,5.1482034,8.236222,2.7272065,4.638983,2.912284,"[5.4174675941467285, 1.3644351959228516, 9.576858520507812, 4.009528160095215, 6.673410415649414, 5.148203372955322, 8.236222267150879, 2.7272064685821533, 4.638982772827148, 2.9122838973999023]",1.8832159,5.2314587,0,"[5.3655806 1.2702221 9.198152  3.5741282 6.570315  5.561966  8.121828
 2.7489474 4.534417  2.9537492]",0.7433711555800429,Look for anyone selling tickets
578,10490,138,7,She could try and bribe a security guard to let them in.,pg,4.0,4.66666666666667,Darya is on her way to a concert with her friends. As they approach the entrance her friend Ted realizes he forgot his ticket at his house. The concert is about to start and Ted would likely miss most of the concert if he returned to his house for his ticket.,is on way to a concert with friends . As approach the entrance friend Ted realizes forgot ticket at house . The concert is about to start and Ted likely miss most of the concert if returned to house for ticket . : try and bribe a security guard to let in .,6.8029013,2.7792175,9.450356,6.8542113,4.244962,4.4272532,6.9907384,6.75801,7.3794174,3.5173652,"[6.802901268005371, 2.779217481613159, 9.450355529785156, 6.854211330413818, 4.244962215423584, 4.427253246307373, 6.990738391876221, 6.758009910583496, 7.379417419433594, 3.5173652172088623]",2.978212,-3.6533306,2,"[6.8363514 2.8741455 9.481334  6.758397  4.156641  4.434169  6.7097034
 6.9165583 7.639739  3.608533 ]",0.45641629167047654,Sneak inside without the ticket.
579,10491,148,7,Express sadness for him,pg,4.0,76.6666666666667,Darya is on her way to a concert with her friends. As they approach the entrance her friend Ted realizes he forgot his ticket at his house. The concert is about to start and Ted would likely miss most of the concert if he returned to his house for his ticket.,is on way to a concert with friends . As approach the entrance friend Ted realizes forgot ticket at house . The concert is about to start and Ted likely miss most of the concert if returned to house for ticket . : Express sadness for,6.5147276,2.0201669,11.165751,5.9142704,6.5104,3.4369519,8.085419,2.1722734,4.799871,3.6059933,"[6.514727592468262, 2.0201668739318848, 11.165751457214355, 5.914270401000977, 6.51039981842041, 3.4369518756866455, 8.085418701171875, 2.1722733974456787, 4.79987096786499, 3.6059932708740234]",4.6780686,2.4613657,3,"[ 6.4198093  1.9720458 10.862053   5.365867   6.5569224  3.5447173
  8.288348   2.4836838  4.577658   3.5889297]",0.7784011342422358,Let him go get it and I stay there
580,10492,150,7,give ticket away to anotehr friend,pg,4.0,75.3333333333333,Darya is on her way to a concert with her friends. As they approach the entrance her friend Ted realizes he forgot his ticket at his house. The concert is about to start and Ted would likely miss most of the concert if he returned to his house for his ticket.,is on way to a concert with friends . As approach the entrance friend Ted realizes forgot ticket at house . The concert is about to start and Ted likely miss most of the concert if returned to house for ticket . : give ticket away to anotehr friend,6.2788405,0.7089699,10.59663,2.5910459,6.460341,3.9184034,7.5160556,1.52755,4.518451,2.1550686,"[6.2788405418396, 0.7089698910713196, 10.596630096435547, 2.59104585647583, 6.460340976715088, 3.918403387069702, 7.516055583953857, 1.5275499820709229, 4.51845121383667, 2.1550686359405518]",-0.3095446,3.1021159,8,"[ 6.206129   0.8477411 10.542283   2.8365161  6.434092   3.902594
  7.6392226  1.7240117  4.5328426  2.3152208]",0.41026304313263495,She could give Ted her ticket instead.
581,10493,166,7,tell him to stay,pg,4.0,9.0,Darya is on her way to a concert with her friends. As they approach the entrance her friend Ted realizes he forgot his ticket at his house. The concert is about to start and Ted would likely miss most of the concert if he returned to his house for his ticket.,is on way to a concert with friends . As approach the entrance friend Ted realizes forgot ticket at house . The concert is about to start and Ted likely miss most of the concert if returned to house for ticket . : tell to stay,6.4967914,1.8720727,11.172447,5.305583,6.4528694,2.9881597,8.358732,2.39314,4.631017,3.5708594,"[6.496791362762451, 1.872072696685791, 11.172447204589844, 5.3055830001831055, 6.452869415283203, 2.988159656524658, 8.358732223510742, 2.3931400775909424, 4.631017208099365, 3.570859432220459]",3.8430407,2.2565882,3,"[ 6.4198093  1.9720458 10.862053   5.365867   6.5569224  3.5447173
  8.288348   2.4836838  4.577658   3.5889297]",0.672910762782634,Let him go get it and I stay there
582,10494,168,7,Ask one of her other friends to give Ted their ticket.,pg,4.0,4.0,Darya is on her way to a concert with her friends. As they approach the entrance her friend Ted realizes he forgot his ticket at his house. The concert is about to start and Ted would likely miss most of the concert if he returned to his house for his ticket.,is on way to a concert with friends . As approach the entrance friend Ted realizes forgot ticket at house . The concert is about to start and Ted likely miss most of the concert if returned to house for ticket . : Ask one of other friends to give Ted ticket .,6.019797,1.2620445,10.151577,3.8130064,6.481305,4.45957,8.003956,2.2685096,4.378972,2.9606733,"[6.019796848297119, 1.2620445489883423, 10.15157699584961, 3.8130064010620117, 6.481305122375488, 4.459569931030273, 8.003955841064453, 2.26850962638855, 4.378972053527832, 2.9606733322143555]",1.835194,4.278115,4,"[ 5.6905556  1.0821797 10.038611   3.213778   6.430102   4.3516946
  7.912626   2.3025432  4.7172823  2.5783617]",0.8927269236289879,TELL HIM TO BUY ANOTHER TICKET
583,10495,177,7,To watch the concert on TV.,pg,4.0,84.3333333333333,Darya is on her way to a concert with her friends. As they approach the entrance her friend Ted realizes he forgot his ticket at his house. The concert is about to start and Ted would likely miss most of the concert if he returned to his house for his ticket.,is on way to a concert with friends . As approach the entrance friend Ted realizes forgot ticket at house . The concert is about to start and Ted likely miss most of the concert if returned to house for ticket . : To watch the concert on TV .,6.473299,2.026683,10.5081005,5.170434,6.39091,4.13289,8.153958,2.6588037,4.3614964,3.6700628,"[6.473299026489258, 2.0266830921173096, 10.508100509643555, 5.17043399810791, 6.3909101486206055, 4.132890224456787, 8.153958320617676, 2.658803701400757, 4.361496448516846, 3.670062780380249]",3.2804859,3.6143568,3,"[ 6.4198093  1.9720458 10.862053   5.365867   6.5569224  3.5447173
  8.288348   2.4836838  4.577658   3.5889297]",0.8030357049650214,Let him go get it and I stay there
584,10496,182,7,Darya can record the concert so Ted doesn't miss what happened.,pg,4.0,65.6666666666667,Darya is on her way to a concert with her friends. As they approach the entrance her friend Ted realizes he forgot his ticket at his house. The concert is about to start and Ted would likely miss most of the concert if he returned to his house for his ticket.,is on way to a concert with friends . As approach the entrance friend Ted realizes forgot ticket at house . The concert is about to start and Ted likely miss most of the concert if returned to house for ticket . : can record the concert so Ted does n't miss what happened .,5.93567,1.7524701,10.613197,5.213576,6.2730203,3.4332619,8.401361,3.1030078,4.8706336,3.7396119,"[5.935669898986816, 1.7524701356887817, 10.613197326660156, 5.213575839996338, 6.273020267486572, 3.4332618713378906, 8.401361465454102, 3.1030077934265137, 4.870633602142334, 3.739611864089966]",3.2540483,2.69421,10,"[ 6.0350957  1.7044297 10.5954275  5.2186604  6.316846   3.4331267
  8.475936   2.7918687  4.4011946  3.9598694]",0.6210563284484809,Darya and her friends could all listen to the concert from the parking lot
585,10497,109,7,Take your friend's ticket,pg,5.0,29.3333333333333,Darya is on her way to a concert with her friends. As they approach the entrance her friend Ted realizes he forgot his ticket at his house. The concert is about to start and Ted would likely miss most of the concert if he returned to his house for his ticket.,is on way to a concert with friends . As approach the entrance friend Ted realizes forgot ticket at house . The concert is about to start and Ted likely miss most of the concert if returned to house for ticket . : Take friend 's ticket,6.0778522,0.72564703,10.384458,2.7106247,6.3068085,4.00422,7.5511317,1.7706206,4.660126,2.3481467,"[6.077852249145508, 0.7256470322608948, 10.3844575881958, 2.7106246948242188, 6.3068084716796875, 4.004220008850098, 7.551131725311279, 1.770620584487915, 4.660126209259033, 2.348146677017212]",-0.0040068678,3.355269,8,"[ 6.206129   0.8477411 10.542283   2.8365161  6.434092   3.902594
  7.6392226  1.7240117  4.5328426  2.3152208]",0.3547759854292442,She could give Ted her ticket instead.
586,10498,140,7,Agree with Ted what to do,pg,5.0,88.6666666666667,Darya is on her way to a concert with her friends. As they approach the entrance her friend Ted realizes he forgot his ticket at his house. The concert is about to start and Ted would likely miss most of the concert if he returned to his house for his ticket.,is on way to a concert with friends . As approach the entrance friend Ted realizes forgot ticket at house . The concert is about to start and Ted likely miss most of the concert if returned to house for ticket . : Agree with Ted what to do,6.2001576,1.597647,10.951314,4.6428323,6.0577073,2.7083933,8.216752,2.563902,4.898077,3.5784543,"[6.200157642364502, 1.597646951675415, 10.951313972473145, 4.642832279205322, 6.0577073097229, 2.7083933353424072, 8.216752052307129, 2.563901901245117, 4.898077011108398, 3.5784542560577393]",3.1875427,1.5745453,6,"[ 6.265687   1.6498485 10.972007   4.614988   5.8489113  2.325574
  8.286291   2.8224268  4.7236633  3.9598396]",0.6677685111439059,Decide not to go to concert and instead hang out with Ted.
587,10499,154,7,cry,pg,5.0,42.0,Darya is on her way to a concert with her friends. As they approach the entrance her friend Ted realizes he forgot his ticket at his house. The concert is about to start and Ted would likely miss most of the concert if he returned to his house for his ticket.,is on way to a concert with friends . As approach the entrance friend Ted realizes forgot ticket at house . The concert is about to start and Ted likely miss most of the concert if returned to house for ticket . : cry,6.5135384,2.024743,11.150747,5.9200583,6.5043106,3.4747322,8.068428,2.165771,4.7869034,3.6039956,"[6.513538360595703, 2.02474308013916, 11.150747299194336, 5.920058250427246, 6.504310607910156, 3.4747321605682373, 8.068428039550781, 2.165771007537842, 4.786903381347656, 3.6039955615997314]",4.6943192,2.5247273,3,"[ 6.4198093  1.9720458 10.862053   5.365867   6.5569224  3.5447173
  8.288348   2.4836838  4.577658   3.5889297]",0.7766236336056888,Let him go get it and I stay there
588,10500,165,7,convince someone else to give up their ticket,pg,5.0,43.3333333333333,Darya is on her way to a concert with her friends. As they approach the entrance her friend Ted realizes he forgot his ticket at his house. The concert is about to start and Ted would likely miss most of the concert if he returned to his house for his ticket.,is on way to a concert with friends . As approach the entrance friend Ted realizes forgot ticket at house . The concert is about to start and Ted likely miss most of the concert if returned to house for ticket . : convince someone else to give up ticket,5.836513,1.1171825,10.141567,3.3039243,6.423788,4.2580905,7.9285173,2.2559845,4.6339707,2.6311176,"[5.836513042449951, 1.1171824932098389, 10.14156723022461, 3.303924322128296, 6.423788070678711, 4.258090496063232, 7.9285173416137695, 2.2559845447540283, 4.633970737457275, 2.631117582321167]",0.7142748,3.7252717,4,"[ 5.6905556  1.0821797 10.038611   3.213778   6.430102   4.3516946
  7.912626   2.3025432  4.7172823  2.5783617]",0.24940101585644722,TELL HIM TO BUY ANOTHER TICKET
589,10501,170,7,Cry,pg,5.0,84.6666666666667,Darya is on her way to a concert with her friends. As they approach the entrance her friend Ted realizes he forgot his ticket at his house. The concert is about to start and Ted would likely miss most of the concert if he returned to his house for his ticket.,is on way to a concert with friends . As approach the entrance friend Ted realizes forgot ticket at house . The concert is about to start and Ted likely miss most of the concert if returned to house for ticket . : Cry,6.52553,2.0473537,11.133097,5.9197783,6.543984,3.5069351,8.098212,2.1864164,4.7461276,3.609858,"[6.525529861450195, 2.047353744506836, 11.133096694946289, 5.919778347015381, 6.5439839363098145, 3.5069351196289062, 8.098212242126465, 2.1864163875579834, 4.746127605438232, 3.6098580360412598]",4.743293,2.566523,3,"[ 6.4198093  1.9720458 10.862053   5.365867   6.5569224  3.5447173
  8.288348   2.4836838  4.577658   3.5889297]",0.7430107201017683,Let him go get it and I stay there
590,10502,171,7,do nothing,pg,5.0,98.3333333333333,Darya is on her way to a concert with her friends. As they approach the entrance her friend Ted realizes he forgot his ticket at his house. The concert is about to start and Ted would likely miss most of the concert if he returned to his house for his ticket.,is on way to a concert with friends . As approach the entrance friend Ted realizes forgot ticket at house . The concert is about to start and Ted likely miss most of the concert if returned to house for ticket . : do nothing,6.0145583,1.563926,10.918405,4.6554623,5.9711537,2.3460402,8.317685,2.7872448,4.9642644,3.917527,"[6.0145583152771, 1.5639259815216064, 10.918404579162598, 4.655462265014648, 5.971153736114502, 2.3460402488708496, 8.3176851272583, 2.7872447967529297, 4.964264392852783, 3.917526960372925]",2.8720326,1.295321,6,"[ 6.265687   1.6498485 10.972007   4.614988   5.8489113  2.325574
  8.286291   2.8224268  4.7236633  3.9598396]",0.39015936822042374,Decide not to go to concert and instead hang out with Ted.
591,10503,172,7,Darya could convince everyone to do something else together and hopefully get a refund on the tickets.,pg,5.0,58.3333333333333,Darya is on her way to a concert with her friends. As they approach the entrance her friend Ted realizes he forgot his ticket at his house. The concert is about to start and Ted would likely miss most of the concert if he returned to his house for his ticket.,is on way to a concert with friends . As approach the entrance friend Ted realizes forgot ticket at house . The concert is about to start and Ted likely miss most of the concert if returned to house for ticket . : convince everyone to do something else together and hopefully get a refund on the tickets .,5.7508583,1.3229175,10.033852,3.7368994,6.378101,4.316826,8.078242,2.5385246,4.6516757,2.9049287,"[5.750858306884766, 1.3229174613952637, 10.033851623535156, 3.7368993759155273, 6.378100872039795, 4.316825866699219, 8.078242301940918, 2.538524627685547, 4.651675701141357, 2.904928684234619]",1.5726478,4.1302257,4,"[ 5.6905556  1.0821797 10.038611   3.213778   6.430102   4.3516946
  7.912626   2.3025432  4.7172823  2.5783617]",0.7302437372735102,TELL HIM TO BUY ANOTHER TICKET
592,10504,193,7,nothing,pg,5.0,67.3333333333333,Darya is on her way to a concert with her friends. As they approach the entrance her friend Ted realizes he forgot his ticket at his house. The concert is about to start and Ted would likely miss most of the concert if he returned to his house for his ticket.,is on way to a concert with friends . As approach the entrance friend Ted realizes forgot ticket at house . The concert is about to start and Ted likely miss most of the concert if returned to house for ticket . : nothing,5.6606083,1.4189,10.572874,5.031207,6.3386445,3.0600169,8.679744,2.8401115,4.608051,3.9759293,"[5.660608291625977, 1.4189000129699707, 10.572874069213867, 5.031207084655762, 6.338644504547119, 3.0600168704986572, 8.679743766784668, 2.840111494064331, 4.60805082321167, 3.9759292602539062]",2.3283582,3.9026058,10,"[ 6.0350957  1.7044297 10.5954275  5.2186604  6.316846   3.4331267
  8.475936   2.7918687  4.4011946  3.9598694]",0.6957111261863753,Darya and her friends could all listen to the concert from the parking lot
593,10505,200,7,She could see if someone has an extra ticket.,pg,5.0,39.3333333333333,Darya is on her way to a concert with her friends. As they approach the entrance her friend Ted realizes he forgot his ticket at his house. The concert is about to start and Ted would likely miss most of the concert if he returned to his house for his ticket.,is on way to a concert with friends . As approach the entrance friend Ted realizes forgot ticket at house . The concert is about to start and Ted likely miss most of the concert if returned to house for ticket . : see if someone has an extra ticket .,5.481769,1.4598039,9.58277,4.117273,6.6880794,5.192526,8.252411,2.773408,4.632294,2.9546425,"[5.48176908493042, 1.4598039388656616, 9.582770347595215, 4.117272853851318, 6.688079357147217, 5.192525863647461, 8.252410888671875, 2.7734079360961914, 4.632294178009033, 2.9546425342559814]",2.0214741,5.207824,0,"[5.3655806 1.2702221 9.198152  3.5741282 6.570315  5.561966  8.121828
 2.7489474 4.534417  2.9537492]",0.8185133838559644,Look for anyone selling tickets
594,10506,208,7,let it go,pg,5.0,85.6666666666667,Darya is on her way to a concert with her friends. As they approach the entrance her friend Ted realizes he forgot his ticket at his house. The concert is about to start and Ted would likely miss most of the concert if he returned to his house for his ticket.,is on way to a concert with friends . As approach the entrance friend Ted realizes forgot ticket at house . The concert is about to start and Ted likely miss most of the concert if returned to house for ticket . : let go,6.176837,1.8455558,10.892899,5.4633827,6.3884287,3.190145,8.266791,2.4903612,4.63859,3.9700065,"[6.176836967468262, 1.8455557823181152, 10.892898559570312, 5.463382720947266, 6.388428688049316, 3.1901450157165527, 8.266791343688965, 2.490361213684082, 4.638589859008789, 3.9700064659118652]",3.629323,2.415751,3,"[ 6.4198093  1.9720458 10.862053   5.365867   6.5569224  3.5447173
  8.288348   2.4836838  4.577658   3.5889297]",0.6237380742370955,Let him go get it and I stay there
